{
    "animation": [
        {
            "name": "Root",
            "time": [0.0, 0.0167, 0.0333, 0.05, 0.0667, 0.0833, 0.1, 0.1167, 0.1333, 0.15, 0.1667, 0.1833, 0.2, 0.2167, 0.2333, 0.25, 0.2667, 0.2833, 0.3, 0.3167, 0.3333, 0.35, 0.3667, 0.3833, 0.4, 0.4167, 0.4333, 0.45, 0.4667, 0.4833, 0.5],
            "transform": [
                [-0.082162, 0.0, 0.996619, 0.113259, 0.996619, 0.0, 0.082162, -0.006179, 0.0, 1.0, 0.0, 0.66774, 0.0, 0.0, 0.0, 1.0],
                [-0.082163, 0.0, 0.996619, 0.113259, 0.996618, -0.001353, 0.082163, 0.011096, 0.001349, 0.999999, 0.000111, 0.667778, 0.0, 0.0, 0.0, 1.0],
                [-0.082163, 0.0, 0.996619, 0.113259, 0.996607, -0.004834, 0.082162, 0.055695, 0.004817, 0.999988, 0.000397, 0.667874, 0.0, 0.0, 0.0, 1.0],
                [-0.082163, 0.0, 0.996619, 0.113259, 0.996573, -0.009572, 0.082159, 0.116783, 0.00954, 0.999954, 0.000786, 0.668006, 0.0, 0.0, 0.0, 1.0],
                [-0.082162, 0.0, 0.996619, 0.113259, 0.996511, -0.0147, 0.082153, 0.183525, 0.014651, 0.999892, 0.001208, 0.668149, 0.0, 0.0, 0.0, 1.0],
                [-0.082163, 0.0, 0.996619, 0.113259, 0.996432, -0.019348, 0.082147, 0.245084, 0.019282, 0.999813, 0.00159, 0.668278, 0.0, 0.0, 0.0, 1.0],
                [-0.082162, -0.0, 0.996619, 0.113259, 0.996353, -0.023101, 0.08214, 0.29512, 0.023022, 0.999733, 0.001898, 0.668382, 0.0, 0.0, 0.0, 1.0],
                [-0.082162, -0.0, 0.996619, 0.113259, 0.996245, -0.027369, 0.082131, 0.345273, 0.027276, 0.999625, 0.002249, 0.668501, 0.0, 0.0, 0.0, 1.0],
                [-0.082163, -0.0, 0.996619, 0.113259, 0.996042, -0.034017, 0.082115, 0.41168, 0.033902, 0.999421, 0.002795, 0.668686, 0.0, 0.0, 0.0, 1.0],
                [-0.082162, -0.0, 0.996619, 0.113259, 0.995614, -0.044908, 0.08208, 0.510476, 0.044756, 0.998991, 0.00369, 0.668989, 0.0, 0.0, 0.0, 1.0],
                [-0.082163, 0.0, 0.996619, 0.113259, 0.994708, -0.061899, 0.082005, 0.657799, 0.06169, 0.998082, 0.005086, 0.669462, 0.0, 0.0, 0.0, 1.0],
                [-0.082162, 0.0, 0.996619, 0.113259, 0.993039, -0.084678, 0.081867, 0.855927, 0.084392, 0.996408, 0.006957, 0.670097, 0.0, 0.0, 0.0, 1.0],
                [-0.082163, 0.0, 0.996619, 0.113259, 0.991179, -0.104339, 0.081714, 1.051713, 0.103986, 0.994542, 0.008573, 0.670646, 0.0, 0.0, 0.0, 1.0],
                [-0.082162, -0.0, 0.996619, 0.113259, 0.989954, -0.115458, 0.081613, 1.191511, 0.115068, 0.993312, 0.009486, 0.670957, 0.0, 0.0, 0.0, 1.0],
                [-0.082163, 0.0, 0.996619, 0.113259, 0.989277, -0.121162, 0.081557, 1.275101, 0.120752, 0.992633, 0.009955, 0.671117, 0.0, 0.0, 0.0, 1.0],
                [-0.082162, 0.0, 0.996619, 0.113259, 0.989019, -0.123262, 0.081536, 1.315621, 0.122845, 0.992374, 0.010127, 0.671176, 0.0, 0.0, 0.0, 1.0],
                [-0.082162, 0.0, 0.996619, 0.113259, 0.988982, -0.123562, 0.081533, 1.326208, 0.123144, 0.992337, 0.010152, 0.671184, 0.0, 0.0, 0.0, 1.0],
                [-0.082162, 0.0, 0.996619, 0.113259, 0.988982, -0.123562, 0.081533, 1.326208, 0.123144, 0.992337, 0.010152, 0.671184, 0.0, 0.0, 0.0, 1.0],
                [-0.082162, 0.0, 0.996619, 0.113259, 0.988982, -0.123561, 0.081533, 1.326208, 0.123144, 0.992337, 0.010152, 0.671184, 0.0, 0.0, 0.0, 1.0],
                [-0.082162, 0.0, 0.996619, 0.113259, 0.988982, -0.123562, 0.081533, 1.326208, 0.123144, 0.992337, 0.010152, 0.671184, 0.0, 0.0, 0.0, 1.0],
                [-0.082162, 0.0, 0.996619, 0.113259, 0.988982, -0.123561, 0.081533, 1.326208, 0.123144, 0.992337, 0.010152, 0.671184, 0.0, 0.0, 0.0, 1.0],
                [-0.082162, 0.0, 0.996619, 0.113259, 0.988982, -0.123561, 0.081533, 1.326208, 0.123144, 0.992337, 0.010152, 0.671184, 0.0, 0.0, 0.0, 1.0],
                [-0.082162, 0.0, 0.996619, 0.113259, 0.988982, -0.123561, 0.081533, 1.326208, 0.123144, 0.992337, 0.010152, 0.671184, 0.0, 0.0, 0.0, 1.0],
                [-0.082162, 0.0, 0.996619, 0.113259, 0.988982, -0.123561, 0.081533, 1.326208, 0.123144, 0.992337, 0.010152, 0.671184, 0.0, 0.0, 0.0, 1.0],
                [-0.082162, 0.0, 0.996619, 0.113259, 0.988982, -0.123561, 0.081533, 1.326208, 0.123144, 0.992337, 0.010152, 0.671184, 0.0, 0.0, 0.0, 1.0],
                [-0.082162, 0.0, 0.996619, 0.113259, 0.988982, -0.123561, 0.081533, 1.326208, 0.123144, 0.992337, 0.010152, 0.671184, 0.0, 0.0, 0.0, 1.0],
                [-0.082162, 0.0, 0.996619, 0.113259, 0.988982, -0.123561, 0.081533, 1.326208, 0.123144, 0.992337, 0.010152, 0.671184, 0.0, 0.0, 0.0, 1.0],
                [-0.082162, 0.0, 0.996619, 0.113259, 0.988982, -0.123561, 0.081533, 1.326208, 0.123144, 0.992337, 0.010152, 0.671184, 0.0, 0.0, 0.0, 1.0],
                [-0.082162, 0.0, 0.996619, 0.113259, 0.988982, -0.123561, 0.081533, 1.326208, 0.123144, 0.992337, 0.010152, 0.671184, 0.0, 0.0, 0.0, 1.0],
                [-0.082162, 0.0, 0.996619, 0.113259, 0.988982, -0.123561, 0.081533, 1.326208, 0.123144, 0.992337, 0.010152, 0.671184, 0.0, 0.0, 0.0, 1.0],
                [-0.082162, 0.0, 0.996619, 0.113259, 0.988982, -0.123561, 0.081533, 1.326208, 0.123144, 0.992337, 0.010152, 0.671184, 0.0, 0.0, 0.0, 1.0]
            ]
        },
        {
            "name": "Thigh_R",
            "time": [0.0, 0.0167, 0.0333, 0.05, 0.0667, 0.0833, 0.1, 0.1167, 0.1333, 0.15, 0.1667, 0.1833, 0.2, 0.2167, 0.2333, 0.25, 0.2667, 0.2833, 0.3, 0.3167, 0.3333, 0.35, 0.3667, 0.3833, 0.4, 0.4167, 0.4333, 0.45, 0.4667, 0.4833, 0.5],
            "transform": [
                [0.864336, 0.165717, -0.474826, 0.124994, 0.385627, -0.824441, 0.414231, 0.003089, -0.322821, -0.541139, -0.776501, -1.2e-05, 0.0, 0.0, 0.0, 1.0],
                [0.880265, 0.168994, -0.443366, 0.124994, 0.375365, -0.819593, 0.432857, 0.003089, -0.29023, -0.547453, -0.784896, -1.2e-05, 0.0, 0.0, 0.0, 1.0],
                [0.916166, 0.182329, -0.356925, 0.124994, 0.346739, -0.807219, 0.477668, 0.003089, -0.201024, -0.561382, -0.80277, -1.2e-05, 0.0, 0.0, 0.0, 1.0],
                [0.950258, 0.210196, -0.229841, 0.124994, 0.303392, -0.791577, 0.530429, 0.003089, -0.070443, -0.573776, -0.815977, -1.2e-05, 0.0, 0.0, 0.0, 1.0],
                [0.964495, 0.247446, -0.092298, 0.124994, 0.254629, -0.778522, 0.573643, 0.003089, 0.07009, -0.576777, -0.813889, -1.2e-05, 0.0, 0.0, 0.0, 1.0],
                [0.960314, 0.278599, 0.013386, 0.124994, 0.215797, -0.772527, 0.597186, 0.003089, 0.176717, -0.570596, -0.801991, -1.2e-05, 0.0, 0.0, 0.0, 1.0],
                [0.955516, 0.289152, 0.058126, 0.124994, 0.197996, -0.774942, 0.600217, 0.003089, 0.218599, -0.562008, -0.797722, -1.2e-05, 0.0, 0.0, 0.0, 1.0],
                [0.959746, 0.276224, 0.050847, 0.124994, 0.195186, -0.786125, 0.586436, 0.003089, 0.201961, -0.552904, -0.808398, -1.2e-05, 0.0, 0.0, 0.0, 1.0],
                [0.970786, 0.239859, 0.006383, 0.124994, 0.195791, -0.807244, 0.556794, 0.003089, 0.138705, -0.539277, -0.830626, -1.2e-05, 0.0, 0.0, 0.0, 1.0],
                [0.981864, 0.179252, -0.061728, 0.124994, 0.185354, -0.83926, 0.511159, 0.003089, 0.039821, -0.51333, -0.857267, -1.2e-05, 0.0, 0.0, 0.0, 1.0],
                [0.985742, 0.092908, -0.140286, 0.124994, 0.147007, -0.881152, 0.449398, 0.003089, -0.08186, -0.463612, -0.882248, -1.2e-05, 0.0, 0.0, 0.0, 1.0],
                [0.975432, -0.01229, -0.219957, 0.124994, 0.072817, -0.924336, 0.374565, 0.003089, -0.207917, -0.381378, -0.900733, -1.2e-05, 0.0, 0.0, 0.0, 1.0],
                [0.95235, -0.097227, -0.289094, 0.124994, -0.001699, -0.949506, 0.313739, 0.003089, -0.305001, -0.298298, -0.90443, -1.2e-05, 0.0, 0.0, 0.0, 1.0],
                [0.935316, -0.133343, -0.327724, 0.124994, -0.039626, -0.959914, 0.277474, 0.003089, -0.351587, -0.246539, -0.903109, -1.2e-05, 0.0, 0.0, 0.0, 1.0],
                [0.930592, -0.134731, -0.340361, 0.124995, -0.048577, -0.96703, 0.249981, 0.003089, -0.36282, -0.216096, -0.906457, -1.2e-05, 0.0, 0.0, 0.0, 1.0],
                [0.933109, -0.121747, -0.338356, 0.124994, -0.042548, -0.97171, 0.232304, 0.003089, -0.357067, -0.202368, -0.911894, -1.2e-05, 0.0, 0.0, 0.0, 1.0],
                [0.935531, -0.11327, -0.334591, 0.124994, -0.036989, -0.973398, 0.226105, 0.003089, -0.351302, -0.199152, -0.914836, -1.2e-05, 0.0, 0.0, 0.0, 1.0],
                [0.935531, -0.11327, -0.334591, 0.124994, -0.036989, -0.973398, 0.226105, 0.003089, -0.351302, -0.199152, -0.914836, -1.2e-05, 0.0, 0.0, 0.0, 1.0],
                [0.935531, -0.11327, -0.334591, 0.124994, -0.036989, -0.973398, 0.226105, 0.003089, -0.351302, -0.199152, -0.914836, -1.2e-05, 0.0, 0.0, 0.0, 1.0],
                [0.935531, -0.11327, -0.334591, 0.124994, -0.036989, -0.973398, 0.226106, 0.003089, -0.351302, -0.199152, -0.914836, -1.2e-05, 0.0, 0.0, 0.0, 1.0],
                [0.935531, -0.11327, -0.334591, 0.124994, -0.036989, -0.973398, 0.226106, 0.003089, -0.351302, -0.199153, -0.914836, -1.2e-05, 0.0, 0.0, 0.0, 1.0],
                [0.935531, -0.11327, -0.334591, 0.124994, -0.036989, -0.973398, 0.226106, 0.003089, -0.351302, -0.199153, -0.914836, -1.2e-05, 0.0, 0.0, 0.0, 1.0],
                [0.935531, -0.11327, -0.334591, 0.124994, -0.036989, -0.973398, 0.226106, 0.003089, -0.351302, -0.199152, -0.914836, -1.2e-05, 0.0, 0.0, 0.0, 1.0],
                [0.935531, -0.11327, -0.334591, 0.124994, -0.036989, -0.973398, 0.226106, 0.003089, -0.351302, -0.199153, -0.914836, -1.2e-05, 0.0, 0.0, 0.0, 1.0],
                [0.935531, -0.11327, -0.334591, 0.124994, -0.036989, -0.973398, 0.226106, 0.003089, -0.351302, -0.199153, -0.914836, -1.2e-05, 0.0, 0.0, 0.0, 1.0],
                [0.935531, -0.11327, -0.334591, 0.124994, -0.036989, -0.973398, 0.226106, 0.003089, -0.351302, -0.199153, -0.914836, -1.2e-05, 0.0, 0.0, 0.0, 1.0],
                [0.935531, -0.11327, -0.334591, 0.124994, -0.036989, -0.973398, 0.226106, 0.003089, -0.351302, -0.199153, -0.914836, -1.2e-05, 0.0, 0.0, 0.0, 1.0],
                [0.935531, -0.11327, -0.334591, 0.124994, -0.036989, -0.973398, 0.226106, 0.003089, -0.351302, -0.199152, -0.914836, -1.2e-05, 0.0, 0.0, 0.0, 1.0],
                [0.935531, -0.11327, -0.334591, 0.124994, -0.036989, -0.973398, 0.226106, 0.003089, -0.351302, -0.199153, -0.914836, -1.2e-05, 0.0, 0.0, 0.0, 1.0],
                [0.935531, -0.11327, -0.334591, 0.124994, -0.036989, -0.973398, 0.226106, 0.003089, -0.351302, -0.199153, -0.914836, -1.2e-05, 0.0, 0.0, 0.0, 1.0],
                [0.935531, -0.11327, -0.334591, 0.124994, -0.036989, -0.973398, 0.226106, 0.003089, -0.351302, -0.199153, -0.914836, -1.2e-05, 0.0, 0.0, 0.0, 1.0]
            ]
        },
        {
            "name": "Leg_R",
            "time": [0.0, 0.0167, 0.0333, 0.05, 0.0667, 0.0833, 0.1, 0.1167, 0.1333, 0.15, 0.1667, 0.1833, 0.2, 0.2167, 0.2333, 0.25, 0.2667, 0.2833, 0.3, 0.3167, 0.3333, 0.35, 0.3667, 0.3833, 0.4, 0.4167, 0.4333, 0.45, 0.4667, 0.4833, 0.5],
            "transform": [
                [1.0, -0.0, 1e-06, -0.0, -0.0, 0.769728, 0.638373, 0.374726, -1e-06, -0.638376, 0.769722, 0.0, 0.0, 0.0, 0.0, 1.0],
                [1.0, -0.0, 1e-06, 0.0, -0.0, 0.760546, 0.649286, 0.374726, -1e-06, -0.649289, 0.760539, -0.0, 0.0, 0.0, 0.0, 1.0],
                [1.0, -1e-06, 1e-06, 0.0, -0.0, 0.738169, 0.674617, 0.374726, -1e-06, -0.674621, 0.738162, -0.0, 0.0, 0.0, 0.0, 1.0],
                [1.0, -0.0, 1e-06, -0.0, -0.0, 0.710384, 0.703817, 0.374726, -1e-06, -0.70382, 0.710376, 0.0, 0.0, 0.0, 0.0, 1.0],
                [1.0, -0.0, 1e-06, -0.0, -0.0, 0.684184, 0.72931, 0.374726, -1e-06, -0.729313, 0.68418, 0.0, 0.0, 0.0, 0.0, 1.0],
                [1.0, -1e-06, 1e-06, 0.0, -0.0, 0.665321, 0.746558, 0.374726, -1e-06, -0.746561, 0.665315, -0.0, 0.0, 0.0, 0.0, 1.0],
                [0.999999, -1e-06, 1e-06, -0.0, -0.0, 0.657577, 0.753387, 0.374726, -1e-06, -0.75339, 0.657573, 0.0, 0.0, 0.0, 0.0, 1.0],
                [1.0, -1e-06, 1e-06, -0.0, -0.0, 0.657438, 0.75351, 0.374726, -1e-06, -0.753513, 0.657432, -0.0, 0.0, 0.0, 0.0, 1.0],
                [1.0, -1e-06, 1e-06, 0.0, -0.0, 0.660011, 0.751257, 0.374726, -1e-06, -0.75126, 0.660006, 0.0, 0.0, 0.0, 0.0, 1.0],
                [1.0, -1e-06, 1e-06, 0.0, -0.0, 0.663066, 0.748562, 0.374726, -1e-06, -0.748565, 0.663061, -0.0, 0.0, 0.0, 0.0, 1.0],
                [1.0, -1e-06, 1e-06, 0.0, -0.0, 0.670008, 0.742355, 0.374726, -1e-06, -0.742358, 0.670003, -0.0, 0.0, 0.0, 0.0, 1.0],
                [1.0, -0.0, 1e-06, -0.0, -0.0, 0.69147, 0.722406, 0.374726, -1e-06, -0.722409, 0.691465, 0.0, 0.0, 0.0, 0.0, 1.0],
                [1.0, -0.0, 1e-06, 0.0, -0.0, 0.719569, 0.694422, 0.374726, -1e-06, -0.694425, 0.719563, -0.0, 0.0, 0.0, 0.0, 1.0],
                [1.0, -0.0, 1e-06, -0.0, -0.0, 0.739239, 0.673446, 0.374726, -1e-06, -0.673449, 0.739232, 0.0, 0.0, 0.0, 0.0, 1.0],
                [1.0, -1e-06, 1e-06, -0.0, -0.0, 0.755814, 0.654789, 0.374726, -1e-06, -0.654792, 0.755808, 0.0, 0.0, 0.0, 0.0, 1.0],
                [1.0, -0.0, 1e-06, 0.0, -0.0, 0.766409, 0.642355, 0.374726, -1e-06, -0.642358, 0.766403, -0.0, 0.0, 0.0, 0.0, 1.0],
                [1.0, -1e-06, 1e-06, 0.0, -0.0, 0.770154, 0.637861, 0.374726, -1e-06, -0.637864, 0.770147, -0.0, 0.0, 0.0, 0.0, 1.0],
                [1.0, -1e-06, 1e-06, 0.0, -0.0, 0.770154, 0.637861, 0.374726, -1e-06, -0.637864, 0.770146, -0.0, 0.0, 0.0, 0.0, 1.0],
                [1.0, -0.0, 1e-06, -0.0, -0.0, 0.770153, 0.637861, 0.374726, -1e-06, -0.637864, 0.770146, -0.0, 0.0, 0.0, 0.0, 1.0],
                [1.0, -0.0, 1e-06, 0.0, -0.0, 0.770153, 0.637862, 0.374726, -1e-06, -0.637865, 0.770146, -0.0, 0.0, 0.0, 0.0, 1.0],
                [1.0, -0.0, 1e-06, -0.0, -0.0, 0.770153, 0.637862, 0.374726, -1e-06, -0.637865, 0.770146, 0.0, 0.0, 0.0, 0.0, 1.0],
                [1.0, -0.0, 1e-06, -0.0, -0.0, 0.770153, 0.637862, 0.374726, -1e-06, -0.637865, 0.770146, 0.0, 0.0, 0.0, 0.0, 1.0],
                [1.0, -0.0, 1e-06, -0.0, -0.0, 0.770153, 0.637862, 0.374726, -1e-06, -0.637865, 0.770146, -0.0, 0.0, 0.0, 0.0, 1.0],
                [1.0, -0.0, 1e-06, -0.0, -0.0, 0.770153, 0.637862, 0.374726, -1e-06, -0.637865, 0.770146, -0.0, 0.0, 0.0, 0.0, 1.0],
                [1.0, -0.0, 1e-06, -0.0, -0.0, 0.770153, 0.637862, 0.374726, -1e-06, -0.637865, 0.770146, 0.0, 0.0, 0.0, 0.0, 1.0],
                [1.0, -0.0, 1e-06, -0.0, -0.0, 0.770153, 0.637862, 0.374726, -1e-06, -0.637865, 0.770146, 0.0, 0.0, 0.0, 0.0, 1.0],
                [1.0, -0.0, 1e-06, -0.0, -0.0, 0.770153, 0.637862, 0.374726, -1e-06, -0.637865, 0.770146, 0.0, 0.0, 0.0, 0.0, 1.0],
                [1.0, -0.0, 1e-06, -0.0, -0.0, 0.770153, 0.637862, 0.374726, -1e-06, -0.637865, 0.770146, -0.0, 0.0, 0.0, 0.0, 1.0],
                [1.0, -0.0, 1e-06, -0.0, -0.0, 0.770153, 0.637862, 0.374726, -1e-06, -0.637865, 0.770146, -0.0, 0.0, 0.0, 0.0, 1.0],
                [1.0, -0.0, 1e-06, -0.0, -0.0, 0.770153, 0.637862, 0.374726, -1e-06, -0.637865, 0.770146, 0.0, 0.0, 0.0, 0.0, 1.0],
                [1.0, -0.0, 1e-06, -0.0, -0.0, 0.770153, 0.637862, 0.374726, -1e-06, -0.637865, 0.770146, 0.0, 0.0, 0.0, 0.0, 1.0]
            ]
        },
        {
            "name": "Knee_R",
            "time": [0.0, 0.5],
            "transform": [
                [1.0, 0.0, -0.0, -0.0, -0.0, 0.00567, -0.999984, 0.391265, -0.0, 0.999984, 0.00567, -9.4e-05, 0.0, 0.0, 0.0, 1.0],
                [1.0, 0.0, -0.0, -0.0, -0.0, 0.00567, -0.999984, 0.391195, -0.0, 0.999984, 0.00567, -9.3e-05, 0.0, 0.0, 0.0, 1.0]
            ]
        },
        {
            "name": "Thigh_L",
            "time": [0.0, 0.0167, 0.0333, 0.05, 0.0667, 0.0833, 0.1, 0.1167, 0.1333, 0.15, 0.1667, 0.1833, 0.2, 0.2167, 0.2333, 0.25, 0.2667, 0.2833, 0.3, 0.3167, 0.3333, 0.35, 0.3667, 0.3833, 0.4, 0.4167, 0.4333, 0.45, 0.4667, 0.4833, 0.5],
            "transform": [
                [0.988844, -0.130613, -0.071605, -0.125006, -0.052698, -0.756401, 0.651982, -0.011167, -0.139319, -0.640935, -0.754845, -1.2e-05, 0.0, 0.0, 0.0, 1.0],
                [0.989405, -0.128026, -0.068449, -0.125006, -0.05098, -0.74786, 0.661895, -0.011167, -0.13593, -0.651393, -0.746464, -1.2e-05, 0.0, 0.0, 0.0, 1.0],
                [0.990416, -0.122488, -0.063822, -0.125006, -0.046038, -0.728425, 0.683576, -0.011167, -0.13022, -0.674086, -0.727084, -1.2e-05, 0.0, 0.0, 0.0, 1.0],
                [0.99092, -0.118043, -0.06437, -0.125006, -0.038259, -0.706513, 0.706663, -0.011167, -0.128895, -0.697784, -0.704616, -1.2e-05, 0.0, 0.0, 0.0, 1.0],
                [0.989945, -0.119854, -0.075117, -0.125006, -0.028388, -0.688599, 0.724587, -0.011167, -0.138571, -0.715169, -0.685077, -1.2e-05, 0.0, 0.0, 0.0, 1.0],
                [0.986065, -0.13315, -0.099737, -0.125006, -0.017659, -0.679903, 0.733088, -0.011167, -0.165422, -0.721111, -0.672781, -1.2e-05, 0.0, 0.0, 0.0, 1.0],
                [0.97737, -0.160154, -0.138193, -0.125006, -0.008613, -0.682878, 0.730481, -0.011167, -0.211358, -0.712761, -0.668804, -1.2e-05, 0.0, 0.0, 0.0, 1.0],
                [0.964296, -0.195683, -0.178437, -0.125006, -0.007395, -0.693428, 0.720487, -0.011167, -0.264721, -0.693444, -0.670117, -1.2e-05, 0.0, 0.0, 0.0, 1.0],
                [0.949772, -0.234492, -0.207236, -0.125006, -0.020253, -0.706886, 0.707036, -0.011167, -0.312286, -0.667326, -0.676131, -1.2e-05, 0.0, 0.0, 0.0, 1.0],
                [0.937706, -0.274443, -0.213039, -0.125006, -0.052811, -0.718663, 0.693349, -0.011167, -0.343389, -0.638908, -0.68839, -1.2e-05, 0.0, 0.0, 0.0, 1.0],
                [0.930623, -0.316068, -0.184501, -0.125006, -0.110887, -0.723949, 0.680883, -0.011167, -0.348775, -0.613186, -0.708772, -1.2e-05, 0.0, 0.0, 0.0, 1.0],
                [0.928446, -0.355268, -0.108502, -0.125006, -0.198334, -0.721071, 0.663867, -0.011167, -0.314088, -0.594845, -0.739937, -1.2e-05, 0.0, 0.0, 0.0, 1.0],
                [0.923784, -0.382208, -0.023208, -0.125006, -0.28114, -0.718159, 0.636558, -0.011167, -0.259964, -0.581518, -0.77088, -1.2e-05, 0.0, 0.0, 0.0, 1.0],
                [0.918686, -0.394083, 0.02671, -0.125006, -0.325282, -0.716467, 0.617144, -0.011167, -0.22407, -0.575649, -0.786397, -1.2e-05, 0.0, 0.0, 0.0, 1.0],
                [0.917068, -0.395856, 0.047788, -0.125005, -0.339852, -0.713335, 0.612906, -0.011167, -0.208534, -0.578317, -0.78871, -1.2e-05, 0.0, 0.0, 0.0, 1.0],
                [0.918161, -0.392762, 0.052126, -0.125006, -0.338869, -0.710292, 0.61697, -0.011167, -0.205298, -0.584142, -0.785258, -1.2e-05, 0.0, 0.0, 0.0, 1.0],
                [0.919186, -0.390507, 0.050999, -0.125006, -0.335609, -0.708959, 0.620276, -0.011167, -0.206066, -0.587265, -0.782723, -1.2e-05, 0.0, 0.0, 0.0, 1.0],
                [0.919185, -0.390507, 0.050999, -0.125006, -0.335609, -0.708959, 0.620276, -0.011167, -0.206066, -0.587264, -0.782723, -1.2e-05, 0.0, 0.0, 0.0, 1.0],
                [0.919185, -0.390507, 0.050998, -0.125006, -0.335609, -0.708959, 0.620276, -0.011167, -0.206067, -0.587264, -0.782723, -1.2e-05, 0.0, 0.0, 0.0, 1.0],
                [0.919185, -0.390507, 0.050999, -0.125006, -0.335609, -0.708959, 0.620276, -0.011167, -0.206066, -0.587264, -0.782723, -1.2e-05, 0.0, 0.0, 0.0, 1.0],
                [0.919185, -0.390507, 0.050999, -0.125006, -0.335609, -0.708959, 0.620276, -0.011167, -0.206067, -0.587265, -0.782723, -1.2e-05, 0.0, 0.0, 0.0, 1.0],
                [0.919185, -0.390507, 0.050998, -0.125006, -0.335609, -0.708959, 0.620276, -0.011167, -0.206067, -0.587264, -0.782724, -1.2e-05, 0.0, 0.0, 0.0, 1.0],
                [0.919185, -0.390507, 0.050999, -0.125006, -0.335609, -0.708959, 0.620277, -0.011167, -0.206067, -0.587265, -0.782723, -1.2e-05, 0.0, 0.0, 0.0, 1.0],
                [0.919185, -0.390507, 0.050999, -0.125006, -0.335609, -0.708959, 0.620276, -0.011167, -0.206067, -0.587265, -0.782723, -1.2e-05, 0.0, 0.0, 0.0, 1.0],
                [0.919185, -0.390507, 0.050999, -0.125006, -0.335609, -0.708959, 0.620277, -0.011167, -0.206067, -0.587265, -0.782723, -1.2e-05, 0.0, 0.0, 0.0, 1.0],
                [0.919185, -0.390507, 0.050999, -0.125006, -0.335609, -0.708959, 0.620276, -0.011167, -0.206067, -0.587265, -0.782723, -1.2e-05, 0.0, 0.0, 0.0, 1.0],
                [0.919185, -0.390507, 0.050999, -0.125006, -0.335609, -0.708959, 0.620276, -0.011167, -0.206067, -0.587265, -0.782723, -1.2e-05, 0.0, 0.0, 0.0, 1.0],
                [0.919185, -0.390507, 0.050998, -0.125006, -0.335609, -0.708959, 0.620276, -0.011167, -0.206067, -0.587264, -0.782724, -1.2e-05, 0.0, 0.0, 0.0, 1.0],
                [0.919185, -0.390507, 0.050999, -0.125006, -0.335609, -0.708959, 0.620277, -0.011167, -0.206067, -0.587265, -0.782723, -1.2e-05, 0.0, 0.0, 0.0, 1.0],
                [0.919185, -0.390507, 0.050999, -0.125006, -0.335609, -0.708959, 0.620276, -0.011167, -0.206067, -0.587265, -0.782723, -1.2e-05, 0.0, 0.0, 0.0, 1.0],
                [0.919185, -0.390507, 0.050999, -0.125006, -0.335609, -0.708959, 0.620277, -0.011167, -0.206067, -0.587265, -0.782723, -1.2e-05, 0.0, 0.0, 0.0, 1.0]
            ]
        },
        {
            "name": "Leg_L",
            "time": [0.0, 0.0167, 0.0333, 0.05, 0.0667, 0.0833, 0.1, 0.1167, 0.1333, 0.15, 0.1667, 0.1833, 0.2, 0.2167, 0.2333, 0.25, 0.2667, 0.2833, 0.3, 0.3167, 0.3333, 0.35, 0.3667, 0.3833, 0.4, 0.4167, 0.4333, 0.45, 0.4667, 0.4833, 0.5],
            "transform": [
                [1.000001, -0.0, 1e-06, 0.0, -0.0, 0.854993, 0.51864, 0.374726, -1e-06, -0.51864, 0.854993, 0.0, 0.0, 0.0, 0.0, 1.0],
                [1.000001, -0.0, 1e-06, 0.0, -0.0, 0.84085, 0.541269, 0.374726, -1e-06, -0.541269, 0.840849, 0.0, 0.0, 0.0, 0.0, 1.0],
                [1.0, -0.0, 1e-06, 0.0, -0.0, 0.807281, 0.590167, 0.374726, -1e-06, -0.590167, 0.80728, 0.0, 0.0, 0.0, 0.0, 1.0],
                [1.0, -0.0, 1e-06, -0.0, -0.0, 0.767364, 0.641213, 0.374726, -1e-06, -0.641213, 0.767361, -0.0, 0.0, 0.0, 0.0, 1.0],
                [1.0, -1e-06, 1e-06, -0.0, -0.0, 0.733172, 0.680043, 0.374726, -1e-06, -0.680043, 0.733173, -0.0, 0.0, 0.0, 0.0, 1.0],
                [1.0, -1e-06, 1e-06, -0.0, -0.0, 0.715841, 0.698264, 0.374726, -1e-06, -0.698264, 0.71584, 0.0, 0.0, 0.0, 0.0, 1.0],
                [1.0, -0.0, 1e-06, 0.0, -0.0, 0.721697, 0.692209, 0.374726, -1e-06, -0.692209, 0.721698, -0.0, 0.0, 0.0, 0.0, 1.0],
                [1.000001, -0.0, 1e-06, 0.0, -0.0, 0.744195, 0.667962, 0.374726, -1e-06, -0.667962, 0.744195, 0.0, 0.0, 0.0, 0.0, 1.0],
                [1.0, -0.0, 1e-06, 0.0, -0.0, 0.775599, 0.631226, 0.374726, -1e-06, -0.631227, 0.775597, 0.0, 0.0, 0.0, 0.0, 1.0],
                [1.000001, -0.0, 1e-06, -0.0, -0.0, 0.808539, 0.588444, 0.374726, -1e-06, -0.588444, 0.808538, 0.0, 0.0, 0.0, 0.0, 1.0],
                [1.0, -0.0, 1e-06, 0.0, -0.0, 0.835656, 0.549255, 0.374726, -1e-06, -0.549255, 0.835655, 0.0, 0.0, 0.0, 0.0, 1.0],
                [1.000001, -0.0, 1e-06, -0.0, -0.0, 0.852717, 0.522374, 0.374726, -1e-06, -0.522374, 0.852716, 0.0, 0.0, 0.0, 0.0, 1.0],
                [1.0, -0.0, 1e-06, 0.0, -0.0, 0.864658, 0.502363, 0.374726, -1e-06, -0.502364, 0.864655, 0.0, 0.0, 0.0, 0.0, 1.0],
                [1.0, -0.0, 1e-06, 0.0, -0.0, 0.868583, 0.495545, 0.374726, -1e-06, -0.495545, 0.868582, -0.0, 0.0, 0.0, 0.0, 1.0],
                [1.0, -0.0, 1e-06, 0.0, -0.0, 0.863126, 0.504989, 0.374726, -1e-06, -0.50499, 0.863124, 0.0, 0.0, 0.0, 0.0, 1.0],
                [1.000001, -0.0, 1e-06, -0.0, -0.0, 0.854734, 0.519067, 0.374726, -1e-06, -0.519067, 0.854734, -0.0, 0.0, 0.0, 0.0, 1.0],
                [1.0, -0.0, 1e-06, -0.0, -0.0, 0.850434, 0.526082, 0.374726, -1e-06, -0.526082, 0.850434, -0.0, 0.0, 0.0, 0.0, 1.0],
                [1.0, -0.0, 1e-06, -0.0, -0.0, 0.850435, 0.526081, 0.374726, -1e-06, -0.526081, 0.850434, 0.0, 0.0, 0.0, 0.0, 1.0],
                [1.0, -0.0, 1e-06, -0.0, -0.0, 0.850434, 0.526082, 0.374726, -1e-06, -0.526082, 0.850434, -0.0, 0.0, 0.0, 0.0, 1.0],
                [1.0, -0.0, 1e-06, 0.0, -0.0, 0.850434, 0.526081, 0.374726, -1e-06, -0.526082, 0.850433, 0.0, 0.0, 0.0, 0.0, 1.0],
                [1.0, -0.0, 1e-06, -0.0, -0.0, 0.850434, 0.526083, 0.374726, -1e-06, -0.526083, 0.850433, 0.0, 0.0, 0.0, 0.0, 1.0],
                [1.0, -0.0, 1e-06, -0.0, -0.0, 0.850434, 0.526081, 0.374726, -1e-06, -0.526081, 0.850433, 0.0, 0.0, 0.0, 0.0, 1.0],
                [1.0, -0.0, 1e-06, -0.0, -0.0, 0.850434, 0.526083, 0.374726, -1e-06, -0.526083, 0.850433, 0.0, 0.0, 0.0, 0.0, 1.0],
                [1.0, -0.0, 1e-06, -0.0, -0.0, 0.850434, 0.526082, 0.374726, -1e-06, -0.526082, 0.850433, 0.0, 0.0, 0.0, 0.0, 1.0],
                [1.0, -0.0, 1e-06, -0.0, -0.0, 0.850434, 0.526083, 0.374726, -1e-06, -0.526083, 0.850433, 0.0, 0.0, 0.0, 0.0, 1.0],
                [1.0, -0.0, 1e-06, -0.0, -0.0, 0.850434, 0.526083, 0.374726, -1e-06, -0.526083, 0.850433, 0.0, 0.0, 0.0, 0.0, 1.0],
                [1.0, -0.0, 1e-06, -0.0, -0.0, 0.850434, 0.526083, 0.374726, -1e-06, -0.526083, 0.850433, 0.0, 0.0, 0.0, 0.0, 1.0],
                [1.0, -0.0, 1e-06, -0.0, -0.0, 0.850434, 0.526081, 0.374726, -1e-06, -0.526081, 0.850433, 0.0, 0.0, 0.0, 0.0, 1.0],
                [1.0, -0.0, 1e-06, -0.0, -0.0, 0.850434, 0.526083, 0.374726, -1e-06, -0.526083, 0.850433, 0.0, 0.0, 0.0, 0.0, 1.0],
                [1.0, -0.0, 1e-06, -0.0, -0.0, 0.850434, 0.526082, 0.374726, -1e-06, -0.526082, 0.850433, 0.0, 0.0, 0.0, 0.0, 1.0],
                [1.0, -0.0, 1e-06, -0.0, -0.0, 0.850434, 0.526083, 0.374726, -1e-06, -0.526083, 0.850433, 0.0, 0.0, 0.0, 0.0, 1.0]
            ]
        },
        {
            "name": "Knee_L",
            "time": [0.0, 0.5],
            "transform": [
                [1.0, 0.0, -0.0, 0.0, -0.0, 0.00567, -0.999984, 0.375811, -0.0, 0.999984, 0.00567, -6e-06, 0.0, 0.0, 0.0, 1.0],
                [1.0, 0.0, -0.0, -0.0, -0.0, 0.00567, -0.999984, 0.376727, -0.0, 0.999984, 0.00567, -1.1e-05, 0.0, 0.0, 0.0, 1.0]
            ]
        },
        {
            "name": "Torso",
            "time": [0.0, 0.0167, 0.0333, 0.05, 0.0667, 0.0833, 0.1, 0.1167, 0.1333, 0.15, 0.1667, 0.1833, 0.2, 0.2167, 0.2333, 0.25, 0.2667, 0.2833, 0.3, 0.3167, 0.3333, 0.35, 0.3667, 0.3833, 0.4, 0.4167, 0.4333, 0.45, 0.4667, 0.4833, 0.5],
            "transform": [
                [0.979472, -0.011755, 0.201238, -0.0, 0.01862, 0.999306, -0.032254, 0.05, -0.200719, 0.035339, 0.979011, 0.0, 0.0, 0.0, 0.0, 1.0],
                [0.97959, -0.01177, 0.20066, -0.0, 0.018599, 0.999309, -0.032183, 0.05, -0.200142, 0.035258, 0.979132, 0.0, 0.0, 0.0, 0.0, 1.0],
                [0.979971, -0.011816, 0.198792, 0.0, 0.018532, 0.999318, -0.031955, 0.05, -0.198278, 0.034999, 0.979521, 0.0, 0.0, 0.0, 0.0, 1.0],
                [0.980645, -0.0119, 0.195433, -0.0, 0.018413, 0.999333, -0.031545, 0.05, -0.194927, 0.034533, 0.98021, 0.0, 0.0, 0.0, 0.0, 1.0],
                [0.981637, -0.012023, 0.19038, 0.0, 0.018239, 0.999356, -0.030928, 0.05, -0.189886, 0.033833, 0.981223, 0.0, 0.0, 0.0, 0.0, 1.0],
                [0.982958, -0.012189, 0.183426, 0.0, 0.018006, 0.999385, -0.03008, 0.05, -0.182947, 0.03287, 0.982573, -0.0, 0.0, 0.0, 0.0, 1.0],
                [0.98456, -0.01239, 0.174607, 0.0, 0.01772, 0.999422, -0.029004, 0.05, -0.174147, 0.03165, 0.984211, 0.0, 0.0, 0.0, 0.0, 1.0],
                [0.98622, -0.012597, 0.164955, -0.0, 0.01742, 0.999461, -0.027825, 0.05, -0.164516, 0.030315, 0.985908, 0.0, 0.0, 0.0, 0.0, 1.0],
                [0.987711, -0.01278, 0.155765, 0.0, 0.017143, 0.999496, -0.026701, 0.05, -0.155346, 0.029043, 0.987433, 0.0, 0.0, 0.0, 0.0, 1.0],
                [0.988851, -0.012915, 0.148347, 0.0, 0.016924, 0.999524, -0.025792, 0.05, -0.147943, 0.028015, 0.988599, -0.0, 0.0, 0.0, 0.0, 1.0],
                [0.98949, -0.012985, 0.144015, -0.0, 0.016793, 0.99954, -0.025257, 0.05, -0.14362, 0.02741, 0.989253, -0.0, 0.0, 0.0, 0.0, 1.0],
                [0.990289, -0.01307, 0.138407, -0.0, 0.016625, 0.99956, -0.024565, 0.05, -0.138025, 0.026627, 0.990071, 0.0, 0.0, 0.0, 0.0, 1.0],
                [0.994446, -0.013562, 0.10437, 0.0, 0.015773, 0.999668, -0.02039, 0.05, -0.104059, 0.021923, 0.994329, 0.0, 0.0, 0.0, 0.0, 1.0],
                [0.999754, -0.014075, 0.017143, -0.0, 0.014241, 0.999852, -0.00963, 0.05, -0.017005, 0.009872, 0.999807, 0.0, 0.0, 0.0, 0.0, 1.0],
                [0.995134, -0.013119, -0.097659, 0.0, 0.01364, 0.999896, 0.004663, 0.05, 0.097588, -0.005972, 0.995209, 0.0, 0.0, 0.0, 0.0, 1.0],
                [0.980467, -0.01081, -0.196389, -0.0, 0.014442, 0.99975, 0.017072, 0.05, 0.196155, -0.019575, 0.980377, 0.0, 0.0, 0.0, 0.0, 1.0],
                [0.971248, -0.009414, -0.237884, -0.0, 0.015156, 0.999636, 0.022321, 0.05, 0.237588, -0.025284, 0.971037, -0.0, 0.0, 0.0, 0.0, 1.0],
                [0.971248, -0.009414, -0.237884, -0.0, 0.015156, 0.999636, 0.022321, 0.05, 0.237588, -0.025284, 0.971037, -0.0, 0.0, 0.0, 0.0, 1.0],
                [0.971248, -0.009414, -0.237884, 0.0, 0.015156, 0.999636, 0.022321, 0.05, 0.237588, -0.025284, 0.971037, -0.0, 0.0, 0.0, 0.0, 1.0],
                [0.971248, -0.009414, -0.237884, -0.0, 0.015156, 0.999636, 0.022321, 0.05, 0.237588, -0.025284, 0.971037, -0.0, 0.0, 0.0, 0.0, 1.0],
                [0.971248, -0.009414, -0.237884, -0.0, 0.015156, 0.999636, 0.022321, 0.05, 0.237588, -0.025284, 0.971037, -0.0, 0.0, 0.0, 0.0, 1.0],
                [0.971248, -0.009414, -0.237884, -0.0, 0.015156, 0.999636, 0.022321, 0.05, 0.237588, -0.025284, 0.971037, -0.0, 0.0, 0.0, 0.0, 1.0],
                [0.971248, -0.009414, -0.237884, -0.0, 0.015156, 0.999636, 0.022321, 0.05, 0.237588, -0.025284, 0.971037, -0.0, 0.0, 0.0, 0.0, 1.0],
                [0.971248, -0.009414, -0.237884, -0.0, 0.015156, 0.999636, 0.022321, 0.05, 0.237588, -0.025284, 0.971037, -0.0, 0.0, 0.0, 0.0, 1.0],
                [0.971248, -0.009414, -0.237884, -0.0, 0.015156, 0.999636, 0.022321, 0.05, 0.237588, -0.025284, 0.971037, -0.0, 0.0, 0.0, 0.0, 1.0],
                [0.971248, -0.009414, -0.237884, -0.0, 0.015156, 0.999636, 0.022321, 0.05, 0.237588, -0.025284, 0.971037, -0.0, 0.0, 0.0, 0.0, 1.0],
                [0.971248, -0.009414, -0.237884, -0.0, 0.015156, 0.999636, 0.022321, 0.05, 0.237588, -0.025284, 0.971037, -0.0, 0.0, 0.0, 0.0, 1.0],
                [0.971248, -0.009414, -0.237884, -0.0, 0.015156, 0.999636, 0.022321, 0.05, 0.237588, -0.025284, 0.971037, -0.0, 0.0, 0.0, 0.0, 1.0],
                [0.971248, -0.009414, -0.237884, -0.0, 0.015156, 0.999636, 0.022321, 0.05, 0.237588, -0.025284, 0.971037, -0.0, 0.0, 0.0, 0.0, 1.0],
                [0.971248, -0.009414, -0.237884, -0.0, 0.015156, 0.999636, 0.022321, 0.05, 0.237588, -0.025284, 0.971037, -0.0, 0.0, 0.0, 0.0, 1.0],
                [0.971248, -0.009414, -0.237884, -0.0, 0.015156, 0.999636, 0.022321, 0.05, 0.237588, -0.025284, 0.971037, -0.0, 0.0, 0.0, 0.0, 1.0]
            ]
        },
        {
            "name": "Chest",
            "time": [0.0, 0.0167, 0.0333, 0.05, 0.0667, 0.0833, 0.1, 0.1167, 0.1333, 0.15, 0.1667, 0.1833, 0.2, 0.2167, 0.2333, 0.25, 0.2667, 0.2833, 0.3, 0.3167, 0.3333, 0.35, 0.3667, 0.3833, 0.4, 0.4167, 0.4333, 0.45, 0.4667, 0.4833, 0.5],
            "transform": [
                [0.577896, -0.189858, 0.793719, -0.0, -0.249501, 0.884898, 0.393326, 0.3, -0.777036, -0.425335, 0.46401, 0.0, 0.0, 0.0, 0.0, 1.0],
                [0.611994, -0.17134, 0.772079, 0.0, -0.248123, 0.885361, 0.393156, 0.3, -0.750932, -0.432179, 0.499322, -0.0, 0.0, 0.0, 0.0, 1.0],
                [0.692907, -0.123372, 0.710394, -0.0, -0.24468, 0.886554, 0.392623, 0.3, -0.678241, -0.445871, 0.584113, -0.0, 0.0, 0.0, 0.0, 1.0],
                [0.786541, -0.058383, 0.614772, 0.0, -0.240234, 0.888176, 0.391703, 0.3, -0.568895, -0.455779, 0.684561, -0.0, 0.0, 0.0, 0.0, 1.0],
                [0.864493, 0.008345, 0.502576, -0.0, -0.235747, 0.889801, 0.39074, 0.3, -0.443932, -0.456273, 0.771193, -0.0, 0.0, 0.0, 0.0, 1.0],
                [0.913195, 0.061023, 0.402928, 0.0, -0.231875, 0.89088, 0.390598, 0.3, -0.335125, -0.450121, 0.827697, 0.0, 0.0, 0.0, 0.0, 1.0],
                [0.935863, 0.09127, 0.340338, -0.0, -0.22898, 0.89166, 0.390527, 0.3, -0.267823, -0.44341, 0.85537, 0.0, 0.0, 0.0, 0.0, 1.0],
                [0.94566, 0.106349, 0.307274, -0.0, -0.226511, 0.893444, 0.38788, 0.3, -0.233282, -0.436404, 0.868983, 0.0, 0.0, 0.0, 0.0, 1.0],
                [0.951061, 0.115225, 0.286718, -0.0, -0.223498, 0.897251, 0.380775, 0.3, -0.213383, -0.426221, 0.879092, 0.0, 0.0, 0.0, 0.0, 1.0],
                [0.957223, 0.126324, 0.260318, -0.0, -0.219131, 0.904007, 0.367088, 0.3, -0.188957, -0.408429, 0.893018, 0.0, 0.0, 0.0, 0.0, 1.0],
                [0.966865, 0.14698, 0.208733, -0.0, -0.21333, 0.914276, 0.344369, 0.3, -0.140224, -0.377488, 0.915336, 0.0, 0.0, 0.0, 0.0, 1.0],
                [0.976695, 0.179255, 0.118042, -0.0, -0.207962, 0.926401, 0.313898, 0.3, -0.053086, -0.331131, 0.94209, -0.0, 0.0, 0.0, 0.0, 1.0],
                [0.976655, 0.21481, 0.000685, -0.0, -0.205549, 0.933617, 0.293441, 0.3, 0.062395, -0.286732, 0.955977, -0.0, 0.0, 0.0, 0.0, 1.0],
                [0.960751, 0.248056, -0.124198, -0.0, -0.203771, 0.934833, 0.290802, 0.3, 0.18824, -0.25408, 0.948688, -0.0, 0.0, 0.0, 0.0, 1.0],
                [0.932032, 0.274982, -0.236011, 0.0, -0.200815, 0.934071, 0.295269, 0.3, 0.301644, -0.227805, 0.925805, -0.0, 0.0, 0.0, 0.0, 1.0],
                [0.902773, 0.292896, -0.31498, -0.0, -0.197432, 0.932792, 0.301528, 0.3, 0.382127, -0.210024, 0.899927, 0.0, 0.0, 0.0, 0.0, 1.0],
                [0.889623, 0.299503, -0.344772, 0.0, -0.19574, 0.932129, 0.304667, 0.3, 0.412621, -0.203553, 0.887868, 0.0, 0.0, 0.0, 0.0, 1.0],
                [0.889623, 0.299503, -0.344772, 0.0, -0.19574, 0.932129, 0.304667, 0.3, 0.412621, -0.203553, 0.887868, -0.0, 0.0, 0.0, 0.0, 1.0],
                [0.889623, 0.299503, -0.344772, 0.0, -0.19574, 0.932129, 0.304667, 0.3, 0.412621, -0.203553, 0.887868, 0.0, 0.0, 0.0, 0.0, 1.0],
                [0.889623, 0.299503, -0.344772, 0.0, -0.19574, 0.932129, 0.304667, 0.3, 0.412621, -0.203553, 0.887868, -0.0, 0.0, 0.0, 0.0, 1.0],
                [0.889623, 0.299503, -0.344772, -0.0, -0.19574, 0.932129, 0.304667, 0.3, 0.412621, -0.203553, 0.887868, -0.0, 0.0, 0.0, 0.0, 1.0],
                [0.889623, 0.299503, -0.344772, -0.0, -0.19574, 0.932129, 0.304667, 0.3, 0.412621, -0.203553, 0.887868, -0.0, 0.0, 0.0, 0.0, 1.0],
                [0.889623, 0.299503, -0.344772, -0.0, -0.19574, 0.932129, 0.304667, 0.3, 0.412621, -0.203553, 0.887868, -0.0, 0.0, 0.0, 0.0, 1.0],
                [0.889623, 0.299503, -0.344772, -0.0, -0.19574, 0.932129, 0.304667, 0.3, 0.412621, -0.203553, 0.887868, -0.0, 0.0, 0.0, 0.0, 1.0],
                [0.889623, 0.299503, -0.344772, -0.0, -0.19574, 0.932129, 0.304667, 0.3, 0.412621, -0.203553, 0.887868, -0.0, 0.0, 0.0, 0.0, 1.0],
                [0.889623, 0.299503, -0.344772, -0.0, -0.19574, 0.932129, 0.304667, 0.3, 0.412621, -0.203553, 0.887868, -0.0, 0.0, 0.0, 0.0, 1.0],
                [0.889623, 0.299503, -0.344772, -0.0, -0.19574, 0.932129, 0.304667, 0.3, 0.412621, -0.203553, 0.887868, -0.0, 0.0, 0.0, 0.0, 1.0],
                [0.889623, 0.299503, -0.344772, -0.0, -0.19574, 0.932129, 0.304667, 0.3, 0.412621, -0.203553, 0.887868, -0.0, 0.0, 0.0, 0.0, 1.0],
                [0.889623, 0.299503, -0.344772, -0.0, -0.19574, 0.932129, 0.304667, 0.3, 0.412621, -0.203553, 0.887868, -0.0, 0.0, 0.0, 0.0, 1.0],
                [0.889623, 0.299503, -0.344772, -0.0, -0.19574, 0.932129, 0.304667, 0.3, 0.412621, -0.203553, 0.887868, -0.0, 0.0, 0.0, 0.0, 1.0],
                [0.889623, 0.299503, -0.344772, -0.0, -0.19574, 0.932129, 0.304667, 0.3, 0.412621, -0.203553, 0.887868, -0.0, 0.0, 0.0, 0.0, 1.0]
            ]
        },
        {
            "name": "Head",
            "time": [0.0, 0.0167, 0.0333, 0.05, 0.0667, 0.0833, 0.1, 0.1167, 0.1333, 0.15, 0.1667, 0.1833, 0.2, 0.2167, 0.2333, 0.25, 0.2667, 0.2833, 0.3, 0.3167, 0.3333, 0.35, 0.3667, 0.3833, 0.4, 0.4167, 0.4333, 0.45, 0.4667, 0.4833, 0.5],
            "transform": [
                [0.069278, -0.001555, -0.997596, 0.0, -0.115549, 0.993255, -0.009573, 0.4, 0.990883, 0.115935, 0.068631, -0.0, 0.0, 0.0, 0.0, 1.0],
                [0.088966, -0.006248, -0.996015, -0.0, -0.111067, 0.993682, -0.016154, 0.4, 0.989823, 0.112061, 0.08771, 0.0, 0.0, 0.0, 0.0, 1.0],
                [0.13592, -0.017747, -0.990561, -0.0, -0.099837, 0.994504, -0.031517, 0.4, 0.985677, 0.103179, 0.133401, 0.0, 0.0, 0.0, 0.0, 1.0],
                [0.191862, -0.031993, -0.9809, 0.0, -0.085471, 0.995126, -0.049175, 0.4, 0.977693, 0.093273, 0.188192, 0.0, 0.0, 0.0, 0.0, 1.0],
                [0.238927, -0.044299, -0.970027, -0.0, -0.072654, 0.995343, -0.063351, 0.4, 0.968316, 0.085612, 0.234596, 0.0, 0.0, 0.0, 0.0, 1.0],
                [0.260253, -0.049487, -0.964271, -0.0, -0.067024, 0.99535, -0.069172, 0.4, 0.963211, 0.082632, 0.255726, 0.0, 0.0, 0.0, 0.0, 1.0],
                [0.262164, -0.046739, -0.963891, 0.0, -0.068927, 0.995368, -0.067012, 0.4, 0.962559, 0.084006, 0.257729, -0.0, 0.0, 0.0, 0.0, 1.0],
                [0.262547, -0.040171, -0.964083, 0.0, -0.073418, 0.995405, -0.06147, 0.4, 0.962122, 0.08692, 0.258392, 0.0, 0.0, 0.0, 0.0, 1.0],
                [0.262364, -0.031942, -0.96444, 0.0, -0.078384, 0.995444, -0.054292, 0.4, 0.96178, 0.089841, 0.258665, 0.0, 0.0, 0.0, 0.0, 1.0],
                [0.262621, -0.024208, -0.964596, 0.0, -0.081721, 0.995535, -0.047234, 0.4, 0.961433, 0.091233, 0.25947, 0.0, 0.0, 0.0, 0.0, 1.0],
                [0.264366, -0.019125, -0.964233, -0.0, -0.081339, 0.995799, -0.042052, 0.4, 0.960986, 0.089547, 0.2617, 0.0, 0.0, 0.0, 0.0, 1.0],
                [0.289545, -0.015236, -0.957043, -0.0, -0.078005, 0.996172, -0.039459, 0.4, 0.953981, 0.08608, 0.287248, -0.0, 0.0, 0.0, 0.0, 1.0],
                [0.329942, -0.012437, -0.94392, 0.0, -0.075523, 0.99636, -0.039526, 0.4, 0.940976, 0.084329, 0.327801, 0.0, 0.0, 0.0, 0.0, 1.0],
                [0.355956, -0.02119, -0.934263, 0.0, -0.070748, 0.996263, -0.049552, 0.4, 0.931821, 0.083735, 0.353126, -0.0, 0.0, 0.0, 0.0, 1.0],
                [0.369599, -0.041649, -0.928257, 0.0, -0.061733, 0.995687, -0.069255, 0.4, 0.927138, 0.0829, 0.365434, 0.0, 0.0, 0.0, 0.0, 1.0],
                [0.374775, -0.062314, -0.92502, 0.0, -0.052986, 0.994668, -0.088473, 0.4, 0.925601, 0.082171, 0.369475, 0.0, 0.0, 0.0, 0.0, 1.0],
                [0.375571, -0.071736, -0.924013, -0.0, -0.049084, 0.994061, -0.097125, 0.4, 0.925493, 0.081831, 0.36982, 0.0, 0.0, 0.0, 0.0, 1.0],
                [0.375571, -0.071736, -0.924013, -0.0, -0.049084, 0.994061, -0.097125, 0.4, 0.925493, 0.081831, 0.36982, -0.0, 0.0, 0.0, 0.0, 1.0],
                [0.375571, -0.071736, -0.924013, -0.0, -0.049084, 0.994061, -0.097125, 0.4, 0.925493, 0.081831, 0.36982, 0.0, 0.0, 0.0, 0.0, 1.0],
                [0.375571, -0.071736, -0.924013, -0.0, -0.049084, 0.994061, -0.097125, 0.4, 0.925493, 0.081831, 0.36982, -0.0, 0.0, 0.0, 0.0, 1.0],
                [0.375571, -0.071736, -0.924013, -0.0, -0.049084, 0.994061, -0.097125, 0.4, 0.925493, 0.081831, 0.36982, 0.0, 0.0, 0.0, 0.0, 1.0],
                [0.375571, -0.071736, -0.924013, -0.0, -0.049084, 0.994061, -0.097125, 0.4, 0.925493, 0.081831, 0.36982, 0.0, 0.0, 0.0, 0.0, 1.0],
                [0.375571, -0.071736, -0.924013, -0.0, -0.049084, 0.994061, -0.097125, 0.4, 0.925493, 0.081831, 0.36982, 0.0, 0.0, 0.0, 0.0, 1.0],
                [0.375571, -0.071736, -0.924013, -0.0, -0.049084, 0.994061, -0.097125, 0.4, 0.925493, 0.081831, 0.36982, 0.0, 0.0, 0.0, 0.0, 1.0],
                [0.375571, -0.071736, -0.924013, -0.0, -0.049084, 0.994061, -0.097125, 0.4, 0.925493, 0.081831, 0.36982, 0.0, 0.0, 0.0, 0.0, 1.0],
                [0.375571, -0.071736, -0.924013, -0.0, -0.049084, 0.994061, -0.097125, 0.4, 0.925493, 0.081831, 0.36982, 0.0, 0.0, 0.0, 0.0, 1.0],
                [0.375571, -0.071736, -0.924013, -0.0, -0.049084, 0.994061, -0.097125, 0.4, 0.925493, 0.081831, 0.36982, 0.0, 0.0, 0.0, 0.0, 1.0],
                [0.375571, -0.071736, -0.924013, -0.0, -0.049084, 0.994061, -0.097125, 0.4, 0.925493, 0.081831, 0.36982, 0.0, 0.0, 0.0, 0.0, 1.0],
                [0.375571, -0.071736, -0.924013, -0.0, -0.049084, 0.994061, -0.097125, 0.4, 0.925493, 0.081831, 0.36982, 0.0, 0.0, 0.0, 0.0, 1.0],
