{
    "animation": [
        {
            "name": "Root",
            "time": [0.0, 0.0167, 0.0333, 0.05, 0.0667, 0.0833, 0.1, 0.1167, 0.1333, 0.15, 0.1667, 0.1833, 0.2, 0.2167, 0.2333, 0.25, 0.2667, 0.2833, 0.3, 0.3167, 0.3333, 0.35, 0.3667, 0.3833, 0.4, 0.4167, 0.4333, 0.45, 0.4667, 0.4833, 0.5, 0.5167, 0.5333],
            "transform": [
                [0.635718, 0.0, -0.771922, -0.322825, -0.771922, 0.0, -0.635718, -0.0622, 0.0, 1.0, 0.0, 0.504232, 0.0, 0.0, 0.0, 1.0],
                [0.663773, 0.01655, -0.747751, -0.318182, -0.747766, 0.035894, -0.662991, -0.008187, 0.015867, 0.999219, 0.036201, 0.508071, 0.0, 0.0, 0.0, 1.0],
                [0.741638, 0.050352, -0.668908, -0.305837, -0.669085, 0.126793, -0.73229, 0.132435, 0.047941, 0.99065, 0.127724, 0.518787, 0.0, 0.0, 0.0, 1.0],
                [0.851136, 0.072939, -0.519854, -0.288167, -0.520488, 0.246038, -0.817653, 0.32754, 0.068266, 0.966512, 0.247376, 0.535176, 0.0, 0.0, 0.0, 1.0],
                [0.955562, 0.058125, -0.289004, -0.267548, -0.290282, 0.356351, -0.888116, 0.545004, 0.051365, 0.932543, 0.357388, 0.556033, 0.0, 0.0, 0.0, 1.0],
                [0.999821, -0.0, 0.01894, -0.246358, 0.017289, 0.408297, -0.912686, 0.7527, -0.007733, 0.912849, 0.408223, 0.580155, 0.0, 0.0, 0.0, 1.0],
                [0.926208, -0.072829, 0.369913, -0.226608, 0.368412, 0.383226, -0.847001, 0.926006, -0.080074, 0.920779, 0.381778, 0.606346, 0.0, 0.0, 0.0, 1.0],
                [0.721331, -0.1228, 0.681616, -0.208863, 0.680542, 0.308438, -0.664626, 1.070308, -0.12862, 0.943285, 0.306057, 0.633434, 0.0, 0.0, 0.0, 1.0],
                [0.451715, -0.130301, 0.882596, -0.193321, 0.881991, 0.214179, -0.419785, 1.198496, -0.134334, 0.968065, 0.211672, 0.660257, 0.0, 0.0, 0.0, 1.0],
                [0.212225, -0.104193, 0.97165, -0.180182, 0.971383, 0.131012, -0.198118, 1.323458, -0.106655, 0.98589, 0.129015, 0.685653, 0.0, 0.0, 0.0, 1.0],
                [0.064709, -0.066914, 0.995658, -0.169645, 0.995566, 0.072595, -0.059824, 1.458086, -0.068277, 0.995114, 0.071315, 0.708457, 0.0, 0.0, 0.0, 1.0],
                [-0.007946, -0.036373, 0.999307, -0.161812, 0.999281, 0.036751, 0.009283, 1.609698, -0.037063, 0.998662, 0.036055, 0.72767, 0.0, 0.0, 0.0, 1.0],
                [-0.051162, -0.016298, 0.998558, -0.156394, 0.998553, 0.015778, 0.051419, 1.763342, -0.016594, 0.999743, 0.015467, 0.742941, 0.0, 0.0, 0.0, 1.0],
                [-0.07303, -0.005275, 0.997316, -0.153003, 0.997315, 0.004997, 0.073057, 1.898497, -0.005369, 0.999974, 0.004896, 0.754082, 0.0, 0.0, 0.0, 1.0],
                [-0.081023, -0.000814, 0.996712, -0.151252, 0.996712, 0.000765, 0.081024, 1.994638, -0.000828, 0.999999, 0.000749, 0.760904, 0.0, 0.0, 0.0, 1.0],
                [-0.082162, 0.0, 0.996619, -0.150754, 0.996619, -0.0, 0.082162, 2.031246, 0.0, 1.0, -0.0, 0.76322, 0.0, 0.0, 0.0, 1.0],
                [-0.082163, 0.0, 0.996619, -0.150754, 0.996619, -0.0, 0.082163, 2.031246, 0.0, 1.0, 0.0, 0.76322, 0.0, 0.0, 0.0, 1.0],
                [-0.082162, -0.0, 0.996619, -0.150754, 0.996619, -0.0, 0.082162, 2.031246, -0.0, 1.0, 0.0, 0.76322, 0.0, 0.0, 0.0, 1.0],
                [-0.082163, 0.0, 0.996619, -0.150754, 0.996619, 0.0, 0.082163, 2.031246, -0.0, 1.0, -0.0, 0.76322, 0.0, 0.0, 0.0, 1.0],
                [-0.082162, 0.0, 0.996619, -0.150754, 0.996619, 0.0, 0.082162, 2.031246, -0.0, 1.0, -0.0, 0.76322, 0.0, 0.0, 0.0, 1.0],
                [-0.082163, 0.0, 0.996619, -0.150754, 0.996619, 0.0, 0.082163, 2.031246, -0.0, 1.0, 0.0, 0.76322, 0.0, 0.0, 0.0, 1.0],
                [-0.082162, 0.0, 0.996619, -0.150754, 0.996619, 0.0, 0.082162, 2.031246, 0.0, 1.0, 0.0, 0.76322, 0.0, 0.0, 0.0, 1.0],
                [-0.082163, 0.0, 0.996619, -0.150754, 0.996619, 0.0, 0.082163, 2.031246, 0.0, 1.0, 0.0, 0.76322, 0.0, 0.0, 0.0, 1.0],
                [-0.082162, 0.0, 0.996619, -0.150754, 0.996619, 0.0, 0.082162, 2.031246, 0.0, 1.0, 0.0, 0.76322, 0.0, 0.0, 0.0, 1.0],
                [-0.082163, 0.0, 0.996619, -0.150754, 0.996619, 0.0, 0.082163, 2.031246, 0.0, 1.0, 0.0, 0.76322, 0.0, 0.0, 0.0, 1.0],
                [-0.082162, 0.0, 0.996619, -0.150754, 0.996619, 0.0, 0.082162, 2.031246, 0.0, 1.0, 0.0, 0.76322, 0.0, 0.0, 0.0, 1.0],
                [-0.082163, 0.0, 0.996619, -0.150754, 0.996619, 0.0, 0.082163, 2.031246, 0.0, 1.0, 0.0, 0.76322, 0.0, 0.0, 0.0, 1.0],
                [-0.082162, 0.0, 0.996619, -0.150754, 0.996619, 0.0, 0.082162, 2.031246, 0.0, 1.0, 0.0, 0.76322, 0.0, 0.0, 0.0, 1.0],
                [-0.082163, 0.0, 0.996619, -0.150754, 0.996619, 0.0, 0.082163, 2.031246, 0.0, 1.0, 0.0, 0.76322, 0.0, 0.0, 0.0, 1.0],
                [-0.082162, 0.0, 0.996619, -0.150754, 0.996619, 0.0, 0.082162, 2.031246, 0.0, 1.0, 0.0, 0.76322, 0.0, 0.0, 0.0, 1.0],
                [-0.082163, 0.0, 0.996619, -0.150754, 0.996619, 0.0, 0.082163, 2.031246, 0.0, 1.0, 0.0, 0.76322, 0.0, 0.0, 0.0, 1.0],
                [-0.082162, 0.0, 0.996619, -0.150754, 0.996619, 0.0, 0.082162, 2.031246, 0.0, 1.0, 0.0, 0.76322, 0.0, 0.0, 0.0, 1.0],
                [-0.082163, 0.0, 0.996619, -0.150754, 0.996619, 0.0, 0.082163, 2.031246, 0.0, 1.0, 0.0, 0.76322, 0.0, 0.0, 0.0, 1.0]
            ]
        },
        {
            "name": "Thigh_R",
            "time": [0.0, 0.0167, 0.0333, 0.05, 0.0667, 0.0833, 0.1, 0.1167, 0.1333, 0.15, 0.1667, 0.1833, 0.2, 0.2167, 0.2333, 0.25, 0.2667, 0.2833, 0.3, 0.3167, 0.3333, 0.35, 0.3667, 0.3833, 0.4, 0.4167, 0.4333, 0.45, 0.4667, 0.4833, 0.5, 0.5167, 0.5333],
            "transform": [
                [0.671658, 0.588527, 0.45001, 0.124994, -0.006742, -0.602533, 0.798065, -0.033871, 0.74083, -0.53906, -0.400729, -1.2e-05, 0.0, 0.0, 0.0, 1.0],
                [0.709752, 0.586297, 0.390522, 0.124985, 0.044962, -0.590935, 0.805466, -0.030446, 0.703015, -0.554121, -0.445779, 0.005867, 0.0, 0.0, 0.0, 1.0],
                [0.793499, 0.546751, 0.267248, 0.124925, 0.153563, -0.604816, 0.781419, -0.02228, 0.588878, -0.579014, -0.563883, 0.019884, 0.0, 0.0, 0.0, 1.0],
                [0.873088, 0.450671, 0.186043, 0.124763, 0.205763, -0.686515, 0.697392, -0.012533, 0.442016, -0.570603, -0.692121, 0.036615, 0.0, 0.0, 0.0, 1.0],
                [0.925083, 0.322284, 0.200883, 0.124446, 0.145416, -0.78926, 0.596591, -0.004367, 0.350821, -0.522684, -0.776997, 0.050632, 0.0, 0.0, 0.0, 1.0],
                [0.939779, 0.210053, 0.269616, 0.123923, 0.038929, -0.849503, 0.526143, -0.000943, 0.339558, -0.483962, -0.806523, 0.056511, 0.0, 0.0, 0.0, 1.0],
                [0.921449, 0.175466, 0.346616, 0.120928, -0.035183, -0.850836, 0.52425, -0.00142, 0.386902, -0.495264, -0.77783, 0.055706, 0.0, 0.0, 0.0, 1.0],
                [0.896351, 0.226616, 0.381051, 0.114713, -0.029949, -0.826575, 0.562028, -0.002555, 0.442332, -0.515185, -0.734116, 0.053265, 0.0, 0.0, 0.0, 1.0],
                [0.892593, 0.298653, 0.337762, 0.107512, 0.070228, -0.832098, 0.550163, -0.003903, 0.445359, -0.46735, -0.7637, 0.049147, 0.0, 0.0, 0.0, 1.0],
                [0.904572, 0.328148, 0.272153, 0.101555, 0.198062, -0.888777, 0.413334, -0.005019, 0.377519, -0.319987, -0.868958, 0.043314, 0.0, 0.0, 0.0, 1.0],
                [0.921836, 0.30329, 0.241317, 0.099073, 0.26884, -0.948849, 0.165555, -0.005458, 0.279185, -0.087738, -0.956221, 0.035724, 0.0, 0.0, 0.0, 1.0],
                [0.943787, 0.244342, 0.222625, 0.101769, 0.262035, -0.963585, -0.053274, -0.004539, 0.201501, 0.108614, -0.973448, 0.026579, 0.0, 0.0, 0.0, 1.0],
                [0.964121, 0.189521, 0.185882, 0.108197, 0.208676, -0.973889, -0.089392, -0.002415, 0.164087, 0.124974, -0.978498, 0.017038, 0.0, 0.0, 0.0, 1.0],
                [0.977929, 0.121212, 0.170185, 0.11587, 0.139256, -0.985354, -0.098394, 0.000103, 0.155766, 0.119921, -0.980488, 0.008496, 0.0, 0.0, 0.0, 1.0],
                [0.98348, 0.073591, 0.165382, 0.122298, 0.078804, -0.996571, -0.025169, 0.002208, 0.162963, 0.037786, -0.985909, 0.002348, 0.0, 0.0, 0.0, 1.0],
                [0.984141, 0.053321, 0.169186, 0.124993, 0.052815, -0.998575, 0.007493, 0.003089, 0.169345, 0.001561, -0.985556, -1.2e-05, 0.0, 0.0, 0.0, 1.0],
                [0.984141, 0.05332, 0.169186, 0.124993, 0.052815, -0.998575, 0.007492, 0.003089, 0.169345, 0.001562, -0.985556, -1.2e-05, 0.0, 0.0, 0.0, 1.0],
                [0.984141, 0.053321, 0.169186, 0.124993, 0.052815, -0.998575, 0.007493, 0.003089, 0.169345, 0.001561, -0.985556, -1.2e-05, 0.0, 0.0, 0.0, 1.0],
                [0.984141, 0.05332, 0.169186, 0.124993, 0.052815, -0.998575, 0.007492, 0.003089, 0.169345, 0.001562, -0.985556, -1.2e-05, 0.0, 0.0, 0.0, 1.0],
                [0.984141, 0.053321, 0.169186, 0.124993, 0.052815, -0.998575, 0.007493, 0.003089, 0.169345, 0.001561, -0.985556, -1.2e-05, 0.0, 0.0, 0.0, 1.0],
                [0.984141, 0.05332, 0.169186, 0.124993, 0.052815, -0.998575, 0.007492, 0.003089, 0.169345, 0.001562, -0.985556, -1.2e-05, 0.0, 0.0, 0.0, 1.0],
                [0.984141, 0.053321, 0.169186, 0.124993, 0.052815, -0.998575, 0.007493, 0.003089, 0.169345, 0.001561, -0.985556, -1.2e-05, 0.0, 0.0, 0.0, 1.0],
                [0.984141, 0.05332, 0.169186, 0.124993, 0.052815, -0.998575, 0.007492, 0.003089, 0.169345, 0.001562, -0.985556, -1.2e-05, 0.0, 0.0, 0.0, 1.0],
                [0.984141, 0.053321, 0.169186, 0.124993, 0.052815, -0.998575, 0.007493, 0.003089, 0.169345, 0.001561, -0.985556, -1.2e-05, 0.0, 0.0, 0.0, 1.0],
                [0.984141, 0.05332, 0.169186, 0.124993, 0.052815, -0.998575, 0.007492, 0.003089, 0.169345, 0.001562, -0.985556, -1.2e-05, 0.0, 0.0, 0.0, 1.0],
                [0.984141, 0.053321, 0.169186, 0.124993, 0.052815, -0.998575, 0.007493, 0.003089, 0.169345, 0.001561, -0.985556, -1.2e-05, 0.0, 0.0, 0.0, 1.0],
                [0.984141, 0.05332, 0.169186, 0.124993, 0.052815, -0.998575, 0.007492, 0.003089, 0.169345, 0.001562, -0.985556, -1.2e-05, 0.0, 0.0, 0.0, 1.0],
                [0.984141, 0.053321, 0.169186, 0.124993, 0.052815, -0.998575, 0.007493, 0.003089, 0.169345, 0.001561, -0.985556, -1.2e-05, 0.0, 0.0, 0.0, 1.0],
                [0.984141, 0.05332, 0.169186, 0.124993, 0.052815, -0.998575, 0.007492, 0.003089, 0.169345, 0.001562, -0.985556, -1.2e-05, 0.0, 0.0, 0.0, 1.0],
                [0.984141, 0.053321, 0.169186, 0.124993, 0.052815, -0.998575, 0.007493, 0.003089, 0.169345, 0.001561, -0.985556, -1.2e-05, 0.0, 0.0, 0.0, 1.0],
                [0.984141, 0.05332, 0.169186, 0.124993, 0.052815, -0.998575, 0.007492, 0.003089, 0.169345, 0.001562, -0.985556, -1.2e-05, 0.0, 0.0, 0.0, 1.0],
                [0.984141, 0.053321, 0.169186, 0.124993, 0.052815, -0.998575, 0.007493, 0.003089, 0.169345, 0.001561, -0.985556, -1.2e-05, 0.0, 0.0, 0.0, 1.0],
                [0.984141, 0.05332, 0.169186, 0.124993, 0.052815, -0.998575, 0.007492, 0.003089, 0.169345, 0.001562, -0.985556, -1.2e-05, 0.0, 0.0, 0.0, 1.0]
            ]
        },
        {
            "name": "Leg_R",
            "time": [0.0, 0.0167, 0.0333, 0.05, 0.0667, 0.0833, 0.1, 0.1167, 0.1333, 0.15, 0.1667, 0.1833, 0.2, 0.2167, 0.2333, 0.25, 0.2667, 0.2833, 0.3, 0.3167, 0.3333, 0.35, 0.3667, 0.3833, 0.4, 0.4167, 0.4333, 0.45, 0.4667, 0.4833, 0.5, 0.5167, 0.5333],
            "transform": [
                [1.000001, -0.0, 1e-06, 0.0, -0.0, 0.743788, 0.668418, 0.374726, -1e-06, -0.668421, 0.743781, 0.0, 0.0, 0.0, 0.0, 1.0],
                [1.0, -1e-06, 1e-06, 0.0, -0.0, 0.700115, 0.714032, 0.374726, -1e-06, -0.714034, 0.70011, 0.0, 0.0, 0.0, 0.0, 1.0],
                [1.0, -1e-06, 1e-06, 0.0, -0.0, 0.620514, 0.784196, 0.374726, -1e-06, -0.784199, 0.620509, -0.0, 0.0, 0.0, 0.0, 1.0],
                [1.0, -1e-06, 1e-06, 0.0, -0.0, 0.577398, 0.816463, 0.374726, -1e-06, -0.816466, 0.577394, 0.0, 0.0, 0.0, 0.0, 1.0],
                [1.0, -1e-06, 1e-06, 0.0, -0.0, 0.595464, 0.803383, 0.374726, -1e-06, -0.803385, 0.59546, 0.0, 0.0, 0.0, 0.0, 1.0],
                [1.0, -1e-06, 1e-06, 0.0, -0.0, 0.62924, 0.777211, 0.374726, -1e-06, -0.777213, 0.629236, 0.0, 0.0, 0.0, 0.0, 1.0],
                [1.0, -1e-06, 1e-06, -0.0, -0.0, 0.623934, 0.781477, 0.374726, -1e-06, -0.78148, 0.62393, 0.0, 0.0, 0.0, 0.0, 1.0],
                [1.0, -1e-06, 1e-06, -0.0, -0.0, 0.611927, 0.790914, 0.374726, -1e-06, -0.790917, 0.611922, 0.0, 0.0, 0.0, 0.0, 1.0],
                [1.0, -0.0, 1e-06, 0.0, -0.0, 0.658192, 0.75285, 0.374726, -1e-06, -0.752853, 0.658187, -0.0, 0.0, 0.0, 0.0, 1.0],
                [1.000001, -0.0, 1e-06, -0.0, -0.0, 0.790858, 0.612002, 0.374726, -1e-06, -0.612004, 0.790853, 0.0, 0.0, 0.0, 0.0, 1.0],
                [1.0, -0.0, 1e-06, 0.0, -0.0, 0.950436, 0.310933, 0.374726, -1e-06, -0.310935, 0.950426, -0.0, 0.0, 0.0, 0.0, 1.0],
                [1.0, -0.0, 1e-06, -0.0, -0.0, 0.999994, 0.00469, 0.374726, -1e-06, -0.00469, 0.999984, 0.0, 0.0, 0.0, 0.0, 1.0],
                [1.0, 0.0, 1e-06, 0.0, -0.0, 0.999994, 0.004692, 0.374726, -1e-06, -0.004692, 0.999983, -0.0, 0.0, 0.0, 0.0, 1.0],
                [1.0, 0.0, 1e-06, -0.0, 0.0, 0.999994, 0.004684, 0.374726, -1e-06, -0.004684, 0.999984, -0.0, 0.0, 0.0, 0.0, 1.0],
                [1.000001, -0.0, 1e-06, 0.0, -0.0, 0.989599, 0.14389, 0.374726, -1e-06, -0.143891, 0.989589, -0.0, 0.0, 0.0, 0.0, 1.0],
                [1.000001, -0.0, 1e-06, -0.0, -0.0, 0.979515, 0.201397, 0.374726, -1e-06, -0.201398, 0.979504, -0.0, 0.0, 0.0, 0.0, 1.0],
                [1.0, -0.0, 1e-06, -0.0, -0.0, 0.979515, 0.201396, 0.374726, -1e-06, -0.201397, 0.979504, -0.0, 0.0, 0.0, 0.0, 1.0],
                [1.000001, -0.0, 1e-06, -0.0, -0.0, 0.979515, 0.201397, 0.374726, -1e-06, -0.201398, 0.979504, -0.0, 0.0, 0.0, 0.0, 1.0],
                [1.0, -0.0, 1e-06, -0.0, -0.0, 0.979515, 0.201396, 0.374726, -1e-06, -0.201397, 0.979504, -0.0, 0.0, 0.0, 0.0, 1.0],
                [1.000001, -0.0, 1e-06, -0.0, -0.0, 0.979515, 0.201397, 0.374726, -1e-06, -0.201398, 0.979504, -0.0, 0.0, 0.0, 0.0, 1.0],
                [1.0, -0.0, 1e-06, -0.0, -0.0, 0.979515, 0.201396, 0.374726, -1e-06, -0.201397, 0.979504, -0.0, 0.0, 0.0, 0.0, 1.0],
                [1.000001, -0.0, 1e-06, -0.0, -0.0, 0.979515, 0.201397, 0.374726, -1e-06, -0.201398, 0.979504, -0.0, 0.0, 0.0, 0.0, 1.0],
                [1.0, -0.0, 1e-06, -0.0, -0.0, 0.979515, 0.201396, 0.374726, -1e-06, -0.201397, 0.979504, -0.0, 0.0, 0.0, 0.0, 1.0],
                [1.000001, -0.0, 1e-06, -0.0, -0.0, 0.979515, 0.201397, 0.374726, -1e-06, -0.201398, 0.979504, -0.0, 0.0, 0.0, 0.0, 1.0],
                [1.0, -0.0, 1e-06, -0.0, -0.0, 0.979515, 0.201396, 0.374726, -1e-06, -0.201397, 0.979504, -0.0, 0.0, 0.0, 0.0, 1.0],
                [1.000001, -0.0, 1e-06, -0.0, -0.0, 0.979515, 0.201397, 0.374726, -1e-06, -0.201398, 0.979504, -0.0, 0.0, 0.0, 0.0, 1.0],
                [1.0, -0.0, 1e-06, -0.0, -0.0, 0.979515, 0.201396, 0.374726, -1e-06, -0.201397, 0.979504, -0.0, 0.0, 0.0, 0.0, 1.0],
                [1.000001, -0.0, 1e-06, -0.0, -0.0, 0.979515, 0.201397, 0.374726, -1e-06, -0.201398, 0.979504, -0.0, 0.0, 0.0, 0.0, 1.0],
                [1.0, -0.0, 1e-06, -0.0, -0.0, 0.979515, 0.201396, 0.374726, -1e-06, -0.201397, 0.979504, -0.0, 0.0, 0.0, 0.0, 1.0],
                [1.000001, -0.0, 1e-06, -0.0, -0.0, 0.979515, 0.201397, 0.374726, -1e-06, -0.201398, 0.979504, -0.0, 0.0, 0.0, 0.0, 1.0],
                [1.0, -0.0, 1e-06, -0.0, -0.0, 0.979515, 0.201396, 0.374726, -1e-06, -0.201397, 0.979504, -0.0, 0.0, 0.0, 0.0, 1.0],
                [1.000001, -0.0, 1e-06, -0.0, -0.0, 0.979515, 0.201397, 0.374726, -1e-06, -0.201398, 0.979504, -0.0, 0.0, 0.0, 0.0, 1.0],
                [1.0, -0.0, 1e-06, -0.0, -0.0, 0.979515, 0.201396, 0.374726, -1e-06, -0.201397, 0.979504, -0.0, 0.0, 0.0, 0.0, 1.0]
            ]
        },
        {
            "name": "Knee_R",
            "time": [0.0, 0.5333],
            "transform": [
                [1.0, 0.0, -0.0, 0.0, -0.0, 0.00567, -0.999984, 0.395435, -0.0, 0.999984, 0.00567, -0.000117, 0.0, 0.0, 0.0, 1.0],
                [1.0, 0.0, -0.0, 0.0, -0.0, 0.00567, -0.999984, 0.374726, -0.0, 0.999984, 0.00567, 0.0, 0.0, 0.0, 0.0, 1.0]
            ]
        },
        {
            "name": "Thigh_L",
            "time": [0.0, 0.0167, 0.0333, 0.05, 0.0667, 0.0833, 0.1, 0.1167, 0.1333, 0.15, 0.1667, 0.1833, 0.2, 0.2167, 0.2333, 0.25, 0.2667, 0.2833, 0.3, 0.3167, 0.3333, 0.35, 0.3667, 0.3833, 0.4, 0.4167, 0.4333, 0.45, 0.4667, 0.4833, 0.5, 0.5167, 0.5333],
            "transform": [
                [0.860806, 0.063628, 0.504939, -0.125006, -0.290815, -0.752721, 0.590625, -0.002831, 0.417658, -0.655258, -0.629443, -1.2e-05, 0.0, 0.0, 0.0, 1.0],
                [0.891975, 0.015435, 0.451821, -0.125006, -0.303274, -0.720744, 0.623339, -0.002841, 0.335268, -0.693029, -0.638205, -1.2e-05, 0.0, 0.0, 0.0, 1.0],
                [0.946994, -0.097032, 0.306246, -0.125006, -0.296534, -0.63071, 0.717128, -0.002914, 0.123569, -0.769928, -0.626052, -1.2e-05, 0.0, 0.0, 0.0, 1.0],
                [0.971195, -0.194936, 0.137032, -0.125006, -0.220533, -0.517564, 0.826736, -0.003112, -0.090238, -0.833142, -0.545646, -1.2e-05, 0.0, 0.0, 0.0, 1.0],
                [0.981043, -0.188765, 0.043834, -0.125006, -0.125006, -0.443595, 0.887466, -0.003497, -0.148078, -0.876122, -0.458783, -1.2e-05, 0.0, 0.0, 0.0, 1.0],
                [0.996418, -0.0744, 0.040169, -0.125006, -0.069632, -0.452578, 0.889002, -0.004133, -0.047962, -0.888615, -0.456138, -1.2e-05, 0.0, 0.0, 0.0, 1.0],
                [0.994662, 0.062984, 0.081737, -0.125006, -0.034591, -0.54276, 0.839175, -0.005105, 0.097218, -0.837522, -0.537684, -1.2e-05, 0.0, 0.0, 0.0, 1.0],
                [0.978775, 0.126988, 0.160853, -0.125006, -0.034203, -0.67266, 0.739161, -0.006338, 0.202064, -0.728974, -0.654039, -1.2e-05, 0.0, 0.0, 0.0, 1.0],
                [0.962118, 0.081441, 0.260185, -0.125006, -0.093104, -0.798817, 0.594325, -0.007659, 0.256243, -0.596035, -0.760974, -1.2e-05, 0.0, 0.0, 0.0, 1.0],
                [0.950155, -0.042377, 0.308885, -0.125006, -0.178747, -0.885773, 0.428317, -0.008893, 0.255451, -0.462179, -0.849196, -1.2e-05, 0.0, 0.0, 0.0, 1.0],
                [0.958422, -0.172669, 0.227183, -0.125006, -0.233278, -0.932626, 0.275298, -0.009865, 0.164342, -0.316849, -0.93413, -1.2e-05, 0.0, 0.0, 0.0, 1.0],
                [0.971003, -0.21328, 0.108002, -0.125006, -0.229402, -0.958399, 0.169835, -0.0105, 0.067286, -0.189686, -0.979536, -1.2e-05, 0.0, 0.0, 0.0, 1.0],
                [0.982239, -0.170707, 0.07788, -0.125006, -0.181138, -0.970961, 0.156275, -0.010886, 0.048942, -0.167607, -0.984638, -1.2e-05, 0.0, 0.0, 0.0, 1.0],
                [0.990968, -0.094806, 0.094836, -0.125006, -0.108554, -0.98236, 0.152262, -0.011084, 0.078728, -0.161182, -0.983779, -1.2e-05, 0.0, 0.0, 0.0, 1.0],
                [0.990046, -0.024159, 0.138652, -0.125006, -0.040848, -0.992075, 0.118818, -0.011156, 0.134683, -0.123298, -0.983188, -1.2e-05, 0.0, 0.0, 0.0, 1.0],
                [0.985598, 0.00362, 0.169066, -0.125006, -0.011144, -0.996206, 0.086301, -0.011167, 0.168737, -0.086943, -0.981819, -1.2e-05, 0.0, 0.0, 0.0, 1.0],
                [0.985598, 0.003621, 0.169067, -0.125006, -0.011144, -0.996206, 0.086304, -0.011167, 0.168738, -0.086945, -0.981819, -1.2e-05, 0.0, 0.0, 0.0, 1.0],
                [0.985598, 0.00362, 0.169066, -0.125006, -0.011144, -0.996206, 0.086301, -0.011167, 0.168737, -0.086943, -0.981819, -1.2e-05, 0.0, 0.0, 0.0, 1.0],
                [0.985598, 0.003621, 0.169067, -0.125006, -0.011144, -0.996206, 0.086304, -0.011167, 0.168738, -0.086945, -0.981819, -1.2e-05, 0.0, 0.0, 0.0, 1.0],
                [0.985598, 0.00362, 0.169066, -0.125006, -0.011144, -0.996206, 0.086301, -0.011167, 0.168737, -0.086943, -0.981819, -1.2e-05, 0.0, 0.0, 0.0, 1.0],
                [0.985598, 0.003621, 0.169067, -0.125006, -0.011144, -0.996206, 0.086304, -0.011167, 0.168738, -0.086945, -0.981819, -1.2e-05, 0.0, 0.0, 0.0, 1.0],
                [0.985598, 0.00362, 0.169066, -0.125006, -0.011144, -0.996206, 0.086301, -0.011167, 0.168737, -0.086943, -0.981819, -1.2e-05, 0.0, 0.0, 0.0, 1.0],
                [0.985598, 0.003621, 0.169067, -0.125006, -0.011144, -0.996206, 0.086304, -0.011167, 0.168738, -0.086945, -0.981819, -1.2e-05, 0.0, 0.0, 0.0, 1.0],
                [0.985598, 0.00362, 0.169066, -0.125006, -0.011144, -0.996206, 0.086301, -0.011167, 0.168737, -0.086943, -0.981819, -1.2e-05, 0.0, 0.0, 0.0, 1.0],
                [0.985598, 0.003621, 0.169067, -0.125006, -0.011144, -0.996206, 0.086304, -0.011167, 0.168738, -0.086945, -0.981819, -1.2e-05, 0.0, 0.0, 0.0, 1.0],
                [0.985598, 0.00362, 0.169066, -0.125006, -0.011144, -0.996206, 0.086301, -0.011167, 0.168737, -0.086943, -0.981819, -1.2e-05, 0.0, 0.0, 0.0, 1.0],
                [0.985598, 0.003621, 0.169067, -0.125006, -0.011144, -0.996206, 0.086304, -0.011167, 0.168738, -0.086945, -0.981819, -1.2e-05, 0.0, 0.0, 0.0, 1.0],
                [0.985598, 0.00362, 0.169066, -0.125006, -0.011144, -0.996206, 0.086301, -0.011167, 0.168737, -0.086943, -0.981819, -1.2e-05, 0.0, 0.0, 0.0, 1.0],
                [0.985598, 0.003621, 0.169067, -0.125006, -0.011144, -0.996206, 0.086304, -0.011167, 0.168738, -0.086945, -0.981819, -1.2e-05, 0.0, 0.0, 0.0, 1.0],
                [0.985598, 0.00362, 0.169066, -0.125006, -0.011144, -0.996206, 0.086301, -0.011167, 0.168737, -0.086943, -0.981819, -1.2e-05, 0.0, 0.0, 0.0, 1.0],
                [0.985598, 0.003621, 0.169067, -0.125006, -0.011144, -0.996206, 0.086304, -0.011167, 0.168738, -0.086945, -0.981819, -1.2e-05, 0.0, 0.0, 0.0, 1.0],
                [0.985598, 0.00362, 0.169066, -0.125006, -0.011144, -0.996206, 0.086301, -0.011167, 0.168737, -0.086943, -0.981819, -1.2e-05, 0.0, 0.0, 0.0, 1.0],
                [0.985598, 0.003621, 0.169067, -0.125006, -0.011144, -0.996206, 0.086304, -0.011167, 0.168738, -0.086945, -0.981819, -1.2e-05, 0.0, 0.0, 0.0, 1.0]
            ]
        },
        {
            "name": "Leg_L",
            "time": [0.0, 0.0167, 0.0333, 0.05, 0.0667, 0.0833, 0.1, 0.1167, 0.1333, 0.15, 0.1667, 0.1833, 0.2, 0.2167, 0.2333, 0.25, 0.2667, 0.2833, 0.3, 0.3167, 0.3333, 0.35, 0.3667, 0.3833, 0.4, 0.4167, 0.4333, 0.45, 0.4667, 0.4833, 0.5, 0.5167, 0.5333],
            "transform": [
                [1.0, -1e-06, 1e-06, -0.0, -0.0, 0.575564, 0.817756, 0.374726, -1e-06, -0.817756, 0.575565, -0.0, 0.0, 0.0, 0.0, 1.0],
                [1.0, -1e-06, 1e-06, -0.0, -0.0, 0.573322, 0.81933, 0.374726, -1e-06, -0.81933, 0.573322, -0.0, 0.0, 0.0, 0.0, 1.0],
                [0.999999, -1e-06, 1e-06, -0.0, -0.0, 0.5732, 0.819416, 0.374726, -1e-06, -0.819416, 0.5732, -0.0, 0.0, 0.0, 0.0, 1.0],
                [1.0, -1e-06, 1e-06, 0.0, -0.0, 0.586756, 0.809764, 0.374726, -1e-06, -0.809764, 0.586755, 0.0, 0.0, 0.0, 0.0, 1.0],
                [1.0, -1e-06, 1e-06, 0.0, -0.0, 0.61723, 0.786783, 0.374726, -1e-06, -0.786783, 0.61723, 0.0, 0.0, 0.0, 0.0, 1.0],
                [1.000001, -1e-06, 1e-06, 0.0, -0.0, 0.651882, 0.758321, 0.374726, -1e-06, -0.75832, 0.651882, -0.0, 0.0, 0.0, 0.0, 1.0],
                [1.0, -1e-06, 1e-06, 0.0, -0.0, 0.672091, 0.740468, 0.374726, -1e-06, -0.740468, 0.672091, 0.0, 0.0, 0.0, 0.0, 1.0],
                [1.0, -1e-06, 1e-06, -0.0, -0.0, 0.695274, 0.718745, 0.374726, -1e-06, -0.718745, 0.695273, -0.0, 0.0, 0.0, 0.0, 1.0],
                [1.0, -1e-06, 1e-06, 0.0, -0.0, 0.747976, 0.663726, 0.374726, -1e-06, -0.663726, 0.747976, 0.0, 0.0, 0.0, 0.0, 1.0],
                [1.0, -0.0, 1e-06, -0.0, -0.0, 0.839478, 0.543392, 0.374726, -1e-06, -0.543392, 0.839479, 0.0, 0.0, 0.0, 0.0, 1.0],
                [1.0, -0.0, 1e-06, 0.0, -0.0, 0.939063, 0.343745, 0.374726, -1e-06, -0.343745, 0.939062, 0.0, 0.0, 0.0, 0.0, 1.0],
                [1.0, -0.0, 1e-06, 0.0, -0.0, 0.986825, 0.161796, 0.374726, -1e-06, -0.161796, 0.986824, 0.0, 0.0, 0.0, 0.0, 1.0],
                [1.0, -0.0, 1e-06, -0.0, -0.0, 0.984666, 0.174453, 0.374726, -1e-06, -0.174453, 0.984665, -0.0, 0.0, 0.0, 0.0, 1.0],
                [1.0, -0.0, 1e-06, 0.0, -0.0, 0.978229, 0.207532, 0.374726, -1e-06, -0.207533, 0.978227, 0.0, 0.0, 0.0, 0.0, 1.0],
                [1.0, -0.0, 1e-06, 0.0, -0.0, 0.986615, 0.163072, 0.374726, -1e-06, -0.163072, 0.986614, -0.0, 0.0, 0.0, 0.0, 1.0],
                [1.0, -0.0, 1e-06, -0.0, -0.0, 0.994912, 0.100759, 0.374726, -1e-06, -0.10076, 0.99491, -0.0, 0.0, 0.0, 0.0, 1.0],
                [1.0, -0.0, 1e-06, 0.0, -0.0, 0.994911, 0.100765, 0.374726, -1e-06, -0.100765, 0.99491, 0.0, 0.0, 0.0, 0.0, 1.0],
                [1.0, -0.0, 1e-06, -0.0, -0.0, 0.994912, 0.100759, 0.374726, -1e-06, -0.10076, 0.99491, -0.0, 0.0, 0.0, 0.0, 1.0],
                [1.0, -0.0, 1e-06, 0.0, -0.0, 0.994911, 0.100765, 0.374726, -1e-06, -0.100765, 0.99491, 0.0, 0.0, 0.0, 0.0, 1.0],
                [1.0, -0.0, 1e-06, -0.0, -0.0, 0.994912, 0.100759, 0.374726, -1e-06, -0.10076, 0.99491, -0.0, 0.0, 0.0, 0.0, 1.0],
                [1.0, -0.0, 1e-06, 0.0, -0.0, 0.994911, 0.100765, 0.374726, -1e-06, -0.100765, 0.99491, 0.0, 0.0, 0.0, 0.0, 1.0],
                [1.0, -0.0, 1e-06, -0.0, -0.0, 0.994912, 0.100759, 0.374726, -1e-06, -0.10076, 0.99491, -0.0, 0.0, 0.0, 0.0, 1.0],
                [1.0, -0.0, 1e-06, 0.0, -0.0, 0.994911, 0.100765, 0.374726, -1e-06, -0.100765, 0.99491, 0.0, 0.0, 0.0, 0.0, 1.0],
                [1.0, -0.0, 1e-06, -0.0, -0.0, 0.994912, 0.100759, 0.374726, -1e-06, -0.10076, 0.99491, -0.0, 0.0, 0.0, 0.0, 1.0],
                [1.0, -0.0, 1e-06, 0.0, -0.0, 0.994911, 0.100765, 0.374726, -1e-06, -0.100765, 0.99491, 0.0, 0.0, 0.0, 0.0, 1.0],
                [1.0, -0.0, 1e-06, -0.0, -0.0, 0.994912, 0.100759, 0.374726, -1e-06, -0.10076, 0.99491, -0.0, 0.0, 0.0, 0.0, 1.0],
                [1.0, -0.0, 1e-06, 0.0, -0.0, 0.994911, 0.100765, 0.374726, -1e-06, -0.100765, 0.99491, 0.0, 0.0, 0.0, 0.0, 1.0],
                [1.0, -0.0, 1e-06, -0.0, -0.0, 0.994912, 0.100759, 0.374726, -1e-06, -0.10076, 0.99491, -0.0, 0.0, 0.0, 0.0, 1.0],
                [1.0, -0.0, 1e-06, 0.0, -0.0, 0.994911, 0.100765, 0.374726, -1e-06, -0.100765, 0.99491, 0.0, 0.0, 0.0, 0.0, 1.0],
                [1.0, -0.0, 1e-06, -0.0, -0.0, 0.994912, 0.100759, 0.374726, -1e-06, -0.10076, 0.99491, -0.0, 0.0, 0.0, 0.0, 1.0],
                [1.0, -0.0, 1e-06, 0.0, -0.0, 0.994911, 0.100765, 0.374726, -1e-06, -0.100765, 0.99491, 0.0, 0.0, 0.0, 0.0, 1.0],
                [1.0, -0.0, 1e-06, -0.0, -0.0, 0.994912, 0.100759, 0.374726, -1e-06, -0.10076, 0.99491, -0.0, 0.0, 0.0, 0.0, 1.0],
                [1.0, -0.0, 1e-06, 0.0, -0.0, 0.994911, 0.100765, 0.374726, -1e-06, -0.100765, 0.99491, 0.0, 0.0, 0.0, 0.0, 1.0]
            ]
        },
        {
            "name": "Knee_L",
            "time": [0.0, 0.5333],
            "transform": [
                [1.0, 0.0, -0.0, -0.0, -0.0, 0.00567, -0.999984, 0.419113, -0.0, 0.999984, 0.00567, -0.000252, 0.0, 0.0, 0.0, 1.0],
                [1.0, 0.0, -0.0, -0.0, -0.0, 0.00567, -0.999984, 0.374726, -0.0, 0.999984, 0.00567, 0.0, 0.0, 0.0, 0.0, 1.0]
            ]
        },
        {
            "name": "Torso",
            "time": [0.0, 0.0167, 0.0333, 0.05, 0.0667, 0.0833, 0.1, 0.1167, 0.1333, 0.15, 0.1667, 0.1833, 0.2, 0.2167, 0.2333, 0.25, 0.2667, 0.2833, 0.3, 0.3167, 0.3333, 0.35, 0.3667, 0.3833, 0.4, 0.4167, 0.4333, 0.45, 0.4667, 0.4833, 0.5, 0.5167, 0.5333],
            "transform": [
                [0.957237, 0.088196, -0.275534, 0.0, -0.054525, 0.99033, 0.127571, 0.05, 0.284121, -0.107092, 0.952789, 0.0, 0.0, 0.0, 0.0, 1.0],
                [0.957318, 0.088043, -0.275303, -0.0, -0.054455, 0.99036, 0.127364, 0.05, 0.283862, -0.106936, 0.952884, 0.0, 0.0, 0.0, 0.0, 1.0],
                [0.957881, 0.086976, -0.273677, -0.0, -0.053968, 0.990572, 0.125918, 0.05, 0.282049, -0.105845, 0.953543, -0.0, 0.0, 0.0, 0.0, 1.0],
                [0.959392, 0.084088, -0.269252, 0.0, -0.052632, 0.991134, 0.121996, 0.05, 0.277124, -0.102871, 0.955311, 0.0, 0.0, 0.0, 0.0, 1.0],
                [0.962256, 0.078498, -0.260579, -0.0, -0.049968, 0.992181, 0.114367, 0.05, 0.267519, -0.09703, 0.958655, -0.0, 0.0, 0.0, 0.0, 1.0],
                [0.966752, 0.069388, -0.24612, -0.0, -0.045405, 0.993766, 0.10182, 0.05, 0.251651, -0.08726, 0.963876, 0.0, 0.0, 0.0, 0.0, 1.0],
                [0.973072, 0.055734, -0.223662, 0.0, -0.038022, 0.995846, 0.082737, 0.05, 0.227345, -0.072005, 0.971149, -0.0, 0.0, 0.0, 0.0, 1.0],
                [0.980123, 0.038883, -0.194542, 0.0, -0.027939, 0.997885, 0.05869, 0.05, 0.196412, -0.052088, 0.979137, 0.0, 0.0, 0.0, 0.0, 1.0],
                [0.986442, 0.021494, -0.162695, 0.0, -0.016292, 0.999314, 0.033242, 0.05, 0.163298, -0.03014, 0.986116, 0.0, 0.0, 0.0, 0.0, 1.0],
                [0.991176, 0.005914, -0.13242, 0.0, -0.004654, 0.999941, 0.009827, 0.05, 0.13247, -0.009124, 0.991145, -0.0, 0.0, 0.0, 0.0, 1.0],
                [0.994104, -0.005879, -0.108274, -0.0, 0.005006, 0.999953, -0.008331, 0.05, 0.108318, 0.007739, 0.994086, -0.0, 0.0, 0.0, 0.0, 1.0],
                [0.995638, -0.013364, -0.09234, -0.0, 0.011557, 0.999732, -0.02007, 0.05, 0.092583, 0.018915, 0.995525, 0.0, 0.0, 0.0, 0.0, 1.0],
                [0.996421, -0.017812, -0.08263, -0.0, 0.015617, 0.99951, -0.027131, 0.05, 0.083073, 0.025743, 0.996211, -0.0, 0.0, 0.0, 0.0, 1.0],
                [0.99678, -0.020069, -0.077632, -0.0, 0.017727, 0.99937, -0.030738, 0.05, 0.0782, 0.029263, 0.996508, -0.0, 0.0, 0.0, 0.0, 1.0],
                [0.996905, -0.020895, -0.075788, 0.0, 0.018508, 0.999314, -0.032064, 0.05, 0.076406, 0.030563, 0.996608, 0.0, 0.0, 0.0, 0.0, 1.0],
                [0.996922, -0.021013, -0.075525, 0.0, 0.01862, 0.999306, -0.032254, 0.05, 0.07615, 0.030748, 0.996622, 0.0, 0.0, 0.0, 0.0, 1.0],
                [0.996922, -0.021013, -0.075525, 0.0, 0.01862, 0.999306, -0.032254, 0.05, 0.07615, 0.030748, 0.996622, 0.0, 0.0, 0.0, 0.0, 1.0],
                [0.996922, -0.021013, -0.075525, 0.0, 0.01862, 0.999306, -0.032254, 0.05, 0.07615, 0.030748, 0.996622, 0.0, 0.0, 0.0, 0.0, 1.0],
                [0.996922, -0.021013, -0.075525, 0.0, 0.01862, 0.999306, -0.032254, 0.05, 0.07615, 0.030748, 0.996622, 0.0, 0.0, 0.0, 0.0, 1.0],
                [0.996922, -0.021013, -0.075525, 0.0, 0.01862, 0.999306, -0.032254, 0.05, 0.07615, 0.030748, 0.996622, 0.0, 0.0, 0.0, 0.0, 1.0],
                [0.996922, -0.021013, -0.075525, 0.0, 0.01862, 0.999306, -0.032254, 0.05, 0.07615, 0.030748, 0.996622, 0.0, 0.0, 0.0, 0.0, 1.0],
                [0.996922, -0.021013, -0.075525, 0.0, 0.01862, 0.999306, -0.032254, 0.05, 0.07615, 0.030748, 0.996622, 0.0, 0.0, 0.0, 0.0, 1.0],
                [0.996922, -0.021013, -0.075525, 0.0, 0.01862, 0.999306, -0.032254, 0.05, 0.07615, 0.030748, 0.996622, 0.0, 0.0, 0.0, 0.0, 1.0],
                [0.996922, -0.021013, -0.075525, 0.0, 0.01862, 0.999306, -0.032254, 0.05, 0.07615, 0.030748, 0.996622, 0.0, 0.0, 0.0, 0.0, 1.0],
                [0.996922, -0.021013, -0.075525, 0.0, 0.01862, 0.999306, -0.032254, 0.05, 0.07615, 0.030748, 0.996622, 0.0, 0.0, 0.0, 0.0, 1.0],
                [0.996922, -0.021013, -0.075525, 0.0, 0.01862, 0.999306, -0.032254, 0.05, 0.07615, 0.030748, 0.996622, 0.0, 0.0, 0.0, 0.0, 1.0],
                [0.996922, -0.021013, -0.075525, 0.0, 0.01862, 0.999306, -0.032254, 0.05, 0.07615, 0.030748, 0.996622, 0.0, 0.0, 0.0, 0.0, 1.0],
                [0.996922, -0.021013, -0.075525, 0.0, 0.01862, 0.999306, -0.032254, 0.05, 0.07615, 0.030748, 0.996622, 0.0, 0.0, 0.0, 0.0, 1.0],
                [0.996922, -0.021013, -0.075525, 0.0, 0.01862, 0.999306, -0.032254, 0.05, 0.07615, 0.030748, 0.996622, 0.0, 0.0, 0.0, 0.0, 1.0],
                [0.996922, -0.021013, -0.075525, 0.0, 0.01862, 0.999306, -0.032254, 0.05, 0.07615, 0.030748, 0.996622, 0.0, 0.0, 0.0, 0.0, 1.0],
                [0.996922, -0.021013, -0.075525, 0.0, 0.01862, 0.999306, -0.032254, 0.05, 0.07615, 0.030748, 0.996622, 0.0, 0.0, 0.0, 0.0, 1.0],
                [0.996922, -0.021013, -0.075525, 0.0, 0.01862, 0.999306, -0.032254, 0.05, 0.07615, 0.030748, 0.996622, 0.0, 0.0, 0.0, 0.0, 1.0],
                [0.996922, -0.021013, -0.075525, 0.0, 0.01862, 0.999306, -0.032254, 0.05, 0.07615, 0.030748, 0.996622, 0.0, 0.0, 0.0, 0.0, 1.0]
            ]
        },
        {
            "name": "Chest",
            "time": [0.0, 0.0167, 0.0333, 0.05, 0.0667, 0.0833, 0.1, 0.1167, 0.1333, 0.15, 0.1667, 0.1833, 0.2, 0.2167, 0.2333, 0.25, 0.2667, 0.2833, 0.3, 0.3167, 0.3333, 0.35, 0.3667, 0.3833, 0.4, 0.4167, 0.4333, 0.45, 0.4667, 0.4833, 0.5, 0.5167, 0.5333],
            "transform": [
                [0.895763, 0.105963, -0.431718, -0.0, 0.015807, 0.962967, 0.269153, 0.3, 0.444251, -0.247921, 0.860916, -0.0, 0.0, 0.0, 0.0, 1.0],
                [0.909211, 0.081812, -0.408218, 0.0, 0.04044, 0.958512, 0.28217, 0.3, 0.414367, -0.27306, 0.868181, 0.0, 0.0, 0.0, 0.0, 1.0],
                [0.936575, 0.020668, -0.349858, -0.0, 0.097106, 0.943873, 0.315713, 0.3, 0.336747, -0.329662, 0.882, -0.0, 0.0, 0.0, 0.0, 1.0],
                [0.959462, -0.058385, -0.275722, 0.0, 0.159437, 0.919158, 0.360179, 0.3, 0.232403, -0.389538, 0.891206, 0.0, 0.0, 0.0, 0.0, 1.0],
                [0.970046, -0.130176, -0.205098, 0.0, 0.204678, 0.892718, 0.401449, 0.3, 0.130836, -0.431403, 0.892622, 0.0, 0.0, 0.0, 0.0, 1.0],
                [0.973892, -0.166195, -0.15464, 0.0, 0.217227, 0.880088, 0.422205, 0.3, 0.065928, -0.444774, 0.893213, 0.0, 0.0, 0.0, 0.0, 1.0],
                [0.978975, -0.16356, -0.121883, -0.0, 0.199654, 0.890739, 0.408316, 0.3, 0.041782, -0.424065, 0.904667, 0.0, 0.0, 0.0, 0.0, 1.0],
                [0.985299, -0.142015, -0.094957, -0.0, 0.167154, 0.916196, 0.364204, 0.3, 0.035277, -0.374722, 0.926466, 0.0, 0.0, 0.0, 0.0, 1.0],
                [0.991317, -0.107993, -0.07502, -0.0, 0.125736, 0.945472, 0.300456, 0.3, 0.038483, -0.30728, 0.950841, 0.0, 0.0, 0.0, 0.0, 1.0],
                [0.995646, -0.069231, -0.062412, -0.0, 0.081826, 0.969856, 0.229531, 0.3, 0.04464, -0.233639, 0.971298, 0.0, 0.0, 0.0, 0.0, 1.0],
                [0.997878, -0.034079, -0.055478, -0.0, 0.042847, 0.985289, 0.165435, 0.3, 0.049024, -0.167461, 0.984659, -0.0, 0.0, 0.0, 0.0, 1.0],
                [0.998652, -0.00899, -0.051118, 0.0, 0.015054, 0.992719, 0.119504, 0.3, 0.049672, -0.120113, 0.991517, 0.0, 0.0, 0.0, 0.0, 1.0],
                [0.998837, 0.006552, -0.047768, 0.0, -0.002184, 0.995854, 0.090934, 0.3, 0.048166, -0.090724, 0.99471, -0.0, 0.0, 0.0, 0.0, 1.0],
                [0.998874, 0.014824, -0.045062, 0.0, -0.011384, 0.997069, 0.075662, 0.3, 0.046051, -0.075064, 0.996115, 0.0, 0.0, 0.0, 0.0, 1.0],
                [0.998905, 0.01811, -0.04314, 0.0, -0.01508, 0.997465, 0.069545, 0.3, 0.044291, -0.068819, 0.996646, -0.0, 0.0, 0.0, 0.0, 1.0],
                [0.998926, 0.018695, -0.042395, 0.0, -0.015764, 0.997531, 0.06843, 0.3, 0.04357, -0.067688, 0.996755, -0.0, 0.0, 0.0, 0.0, 1.0],
                [0.998926, 0.018695, -0.042395, 0.0, -0.015764, 0.997531, 0.06843, 0.3, 0.04357, -0.067688, 0.996755, -0.0, 0.0, 0.0, 0.0, 1.0],
                [0.998926, 0.018695, -0.042395, 0.0, -0.015764, 0.997531, 0.06843, 0.3, 0.04357, -0.067688, 0.996755, -0.0, 0.0, 0.0, 0.0, 1.0],
                [0.998926, 0.018695, -0.042395, 0.0, -0.015764, 0.997531, 0.06843, 0.3, 0.04357, -0.067688, 0.996755, -0.0, 0.0, 0.0, 0.0, 1.0],
                [0.998926, 0.018695, -0.042395, 0.0, -0.015764, 0.997531, 0.06843, 0.3, 0.04357, -0.067688, 0.996755, -0.0, 0.0, 0.0, 0.0, 1.0],
                [0.998926, 0.018695, -0.042395, 0.0, -0.015764, 0.997531, 0.06843, 0.3, 0.04357, -0.067688, 0.996755, -0.0, 0.0, 0.0, 0.0, 1.0],
                [0.998926, 0.018695, -0.042395, 0.0, -0.015764, 0.997531, 0.06843, 0.3, 0.04357, -0.067688, 0.996755, -0.0, 0.0, 0.0, 0.0, 1.0],
                [0.998926, 0.018695, -0.042395, 0.0, -0.015764, 0.997531, 0.06843, 0.3, 0.04357, -0.067688, 0.996755, -0.0, 0.0, 0.0, 0.0, 1.0],
                [0.998926, 0.018695, -0.042395, 0.0, -0.015764, 0.997531, 0.06843, 0.3, 0.04357, -0.067688, 0.996755, -0.0, 0.0, 0.0, 0.0, 1.0],
                [0.998926, 0.018695, -0.042395, 0.0, -0.015764, 0.997531, 0.06843, 0.3, 0.04357, -0.067688, 0.996755, -0.0, 0.0, 0.0, 0.0, 1.0],
                [0.998926, 0.018695, -0.042395, 0.0, -0.015764, 0.997531, 0.06843, 0.3, 0.04357, -0.067688, 0.996755, -0.0, 0.0, 0.0, 0.0, 1.0],
                [0.998926, 0.018695, -0.042395, 0.0, -0.015764, 0.997531, 0.06843, 0.3, 0.04357, -0.067688, 0.996755, -0.0, 0.0, 0.0, 0.0, 1.0],
                [0.998926, 0.018695, -0.042395, 0.0, -0.015764, 0.997531, 0.06843, 0.3, 0.04357, -0.067688, 0.996755, -0.0, 0.0, 0.0, 0.0, 1.0],
                [0.998926, 0.018695, -0.042395, 0.0, -0.015764, 0.997531, 0.06843, 0.3, 0.04357, -0.067688, 0.996755, -0.0, 0.0, 0.0, 0.0, 1.0],
                [0.998926, 0.018695, -0.042395, 0.0, -0.015764, 0.997531, 0.06843, 0.3, 0.04357, -0.067688, 0.996755, -0.0, 0.0, 0.0, 0.0, 1.0],
                [0.998926, 0.018695, -0.042395, 0.0, -0.015764, 0.997531, 0.06843, 0.3, 0.04357, -0.067688, 0.996755, -0.0, 0.0, 0.0, 0.0, 1.0],
                [0.998926, 0.018695, -0.042395, 0.0, -0.015764, 0.997531, 0.06843, 0.3, 0.04357, -0.067688, 0.996755, -0.0, 0.0, 0.0, 0.0, 1.0],
                [0.998926, 0.018695, -0.042395, 0.0, -0.015764, 0.997531, 0.06843, 0.3, 0.04357, -0.067688, 0.996755, -0.0, 0.0, 0.0, 0.0, 1.0]
            ]
        },
        {
            "name": "Head",
            "time": [0.0, 0.0167, 0.0333, 0.05, 0.0667, 0.0833, 0.1, 0.1167, 0.1333, 0.15, 0.1667, 0.1833, 0.2, 0.2167, 0.2333, 0.25, 0.2667, 0.2833, 0.3, 0.3167, 0.3333, 0.35, 0.3667, 0.3833, 0.4, 0.4167, 0.4333, 0.45, 0.4667, 0.4833, 0.5, 0.5167, 0.5333],
            "transform": [
                [0.281311, -0.180656, 0.942458, 0.0, 0.238659, 0.964432, 0.113631, 0.4, -0.929466, 0.192961, 0.314421, -0.0, 0.0, 0.0, 0.0, 1.0],
                [0.33284, -0.135364, 0.933217, 0.0, 0.23732, 0.969815, 0.05603, 0.4, -0.912632, 0.202822, 0.354917, 0.0, 0.0, 0.0, 0.0, 1.0],
                [0.467135, -0.027259, 0.883766, -0.0, 0.221086, 0.971375, -0.086899, 0.4, -0.856099, 0.235982, 0.45979, -0.0, 0.0, 0.0, 0.0, 1.0],
                [0.644624, 0.094691, 0.758613, 0.0, 0.169348, 0.949962, -0.262477, 0.4, -0.745507, 0.297669, 0.596333, -0.0, 0.0, 0.0, 0.0, 1.0],
                [0.814721, 0.173809, 0.553191, -0.0, 0.082071, 0.90985, -0.40674, 0.4, -0.574016, 0.37678, 0.727009, -0.0, 0.0, 0.0, 0.0, 1.0],
                [0.937494, 0.166747, 0.305453, 0.0, -0.0047, 0.883718, -0.467996, 0.4, -0.347971, 0.437307, 0.829264, -0.0, 0.0, 0.0, 0.0, 1.0],
                [0.993505, 0.103801, 0.046622, -0.0, -0.074885, 0.904915, -0.418953, 0.4, -0.085676, 0.41274, 0.90681, -0.0, 0.0, 0.0, 0.0, 1.0],
                [0.975029, 0.060946, -0.21355, 0.0, -0.120334, 0.953192, -0.277388, 0.4, 0.186648, 0.296159, 0.936724, 0.0, 0.0, 0.0, 0.0, 1.0],
                [0.894103, 0.059875, -0.443842, 0.0, -0.116512, 0.987997, -0.101427, 0.4, 0.432442, 0.142399, 0.890347, 0.0, 0.0, 0.0, 0.0, 1.0],
                [0.780696, 0.086222, -0.618934, 0.0, -0.079271, 0.996098, 0.038775, 0.4, 0.619863, 0.018791, 0.784485, -0.0, 0.0, 0.0, 0.0, 1.0],
                [0.66475, 0.102581, -0.73999, -0.0, -0.050375, 0.994428, 0.092599, 0.4, 0.745366, -0.024279, 0.666214, -0.0, 0.0, 0.0, 0.0, 1.0],
                [0.562576, 0.086468, -0.822211, 0.0, -0.033455, 0.996082, 0.081862, 0.4, 0.826068, -0.018546, 0.563265, 0.0, 0.0, 0.0, 0.0, 1.0],
                [0.478535, 0.052645, -0.876489, -0.0, -0.009082, 0.998445, 0.055011, 0.4, 0.878022, -0.018364, 0.478268, -0.0, 0.0, 0.0, 0.0, 1.0],
                [0.414886, 0.013919, -0.909767, -0.0, 0.014897, 0.999645, 0.022087, 0.4, 0.909752, -0.022717, 0.414531, 0.0, 0.0, 0.0, 0.0, 1.0],
                [0.374311, -0.017902, -0.92713, 0.0, 0.032939, 0.999439, -0.006, 0.4, 0.926718, -0.028293, 0.374691, -0.0, 0.0, 0.0, 0.0, 1.0],
                [0.360074, -0.031158, -0.932404, -0.0, 0.040143, 0.999034, -0.017883, 0.4, 0.93206, -0.030991, 0.360977, 0.0, 0.0, 0.0, 0.0, 1.0],
                [0.360074, -0.031158, -0.932404, -0.0, 0.040143, 0.999034, -0.017883, 0.4, 0.93206, -0.030991, 0.360977, 0.0, 0.0, 0.0, 0.0, 1.0],
