{
    "animation": [
        {
            "name": "Root",
            "time": [0.0, 0.0167, 0.0333, 0.05, 0.0667, 0.0833, 0.1, 0.1167, 0.1333, 0.15, 0.1667, 0.1833, 0.2, 0.2167, 0.2333, 0.25, 0.2667, 0.2833, 0.3, 0.3167, 0.3333, 0.35, 0.3667, 0.3833, 0.4, 0.4167, 0.4333, 0.45, 0.4667, 0.4833, 0.5, 0.5167, 0.5333, 0.55, 0.5667, 0.5833, 0.6],
            "transform": [
                [0.950625, -0.033496, 0.308528, 0.021329, 0.310341, 0.102604, -0.945072, 0.020068, -0.0, 0.994158, 0.107933, 0.675353, 0.0, 0.0, 0.0, 1.0],
                [0.99184, 0.01376, -0.126743, -0.130376, -0.127488, 0.107052, -0.986046, 0.220668, -0.0, 0.994158, 0.107933, 0.654961, 0.0, 0.0, 0.0, 1.0],
                [0.612227, 0.085341, -0.786063, -0.33696, -0.790682, 0.06608, -0.60865, 0.516404, -0.0, 0.994158, 0.107933, 0.623552, 0.0, 0.0, 0.0, 1.0],
                [0.341678, 0.101437, -0.934327, -0.373545, -0.939817, 0.036878, -0.339682, 0.599327, -0.0, 0.994158, 0.107933, 0.612327, 0.0, 0.0, 0.0, 1.0],
                [0.028276, 0.10789, -0.993761, -0.378772, -0.9996, 0.003052, -0.028111, 0.807537, -0.0, 0.994158, 0.107933, 0.598715, 0.0, 0.0, 0.0, 1.0],
                [-0.574178, 0.088368, -0.813947, -0.18981, -0.81873, -0.061973, 0.570824, 1.353901, -0.0, 0.994158, 0.107933, 0.568485, 0.0, 0.0, 0.0, 1.0],
                [-0.846016, 0.057545, -0.530043, -0.091163, -0.533158, -0.091313, 0.841073, 1.448655, -0.0, 0.994158, 0.107933, 0.562527, 0.0, 0.0, 0.0, 1.0],
                [-0.968786, -0.026757, 0.246453, 0.016109, 0.247901, -0.104564, 0.963126, 1.470869, -0.0, 0.994158, 0.107933, 0.559285, 0.0, 0.0, 0.0, 1.0],
                [-0.373175, -0.100136, 0.922341, 0.123381, 0.927761, -0.040278, 0.370995, 1.503337, -0.0, 0.994158, 0.107933, 0.554546, 0.0, 0.0, 0.0, 1.0],
                [0.146595, -0.106767, 0.983418, 0.11581, 0.989197, 0.015822, -0.145738, 1.522383, -0.0, 0.994158, 0.107933, 0.553383, 0.0, 0.0, 0.0, 1.0],
                [0.702312, -0.076834, 0.70771, 0.081024, 0.711869, 0.075803, -0.698209, 1.613193, -0.0, 0.994158, 0.107933, 0.551444, 0.0, 0.0, 0.0, 1.0],
                [0.848979, 0.057035, -0.52534, 0.022724, -0.528427, 0.091633, -0.844019, 1.918453, -0.0, 0.994158, 0.107933, 0.50995, 0.0, 0.0, 0.0, 1.0],
                [0.709944, 0.076013, -0.700144, 0.005038, -0.704258, 0.076627, -0.705797, 2.043471, 0.0, 0.994158, 0.107933, 0.50995, 0.0, 0.0, 0.0, 1.0],
                [0.621684, 0.084541, -0.778692, 0.011676, -0.783268, 0.0671, -0.618052, 2.306754, -0.0, 0.994158, 0.107933, 0.480739, 0.0, 0.0, 0.0, 1.0],
                [0.581738, 0.08779, -0.808625, 0.026279, -0.813377, 0.062789, -0.578339, 2.649922, -0.0, 0.994158, 0.107933, 0.427115, 0.0, 0.0, 0.0, 1.0],
                [0.480837, 0.094637, -0.871688, 0.040882, -0.87681, 0.051898, -0.478028, 2.886507, -0.0, 0.994158, 0.107933, 0.391227, 0.0, 0.0, 0.0, 1.0],
                [0.421334, 0.097885, -0.901607, 0.047519, -0.906905, 0.045476, -0.418873, 2.968378, 0.0, 0.994158, 0.107933, 0.379752, 0.0, 0.0, 0.0, 1.0],
                [0.421334, 0.097885, -0.901607, 0.047519, -0.906906, 0.045476, -0.418873, 2.968378, 0.0, 0.994158, 0.107933, 0.379752, 0.0, 0.0, 0.0, 1.0],
                [0.421334, 0.097885, -0.901607, 0.047519, -0.906906, 0.045476, -0.418873, 2.968378, 0.0, 0.994158, 0.107933, 0.379752, 0.0, 0.0, 0.0, 1.0],
                [0.421334, 0.097885, -0.901607, 0.047519, -0.906905, 0.045476, -0.418873, 2.968378, 0.0, 0.994158, 0.107933, 0.379752, 0.0, 0.0, 0.0, 1.0],
                [0.421334, 0.097885, -0.901607, 0.047519, -0.906906, 0.045476, -0.418873, 2.968378, 0.0, 0.994158, 0.107933, 0.379752, 0.0, 0.0, 0.0, 1.0],
                [0.421334, 0.097885, -0.901607, 0.047519, -0.906906, 0.045476, -0.418873, 2.968378, 0.0, 0.994158, 0.107933, 0.379752, 0.0, 0.0, 0.0, 1.0],
                [0.421334, 0.097885, -0.901607, 0.047519, -0.906905, 0.045476, -0.418873, 2.968378, -0.0, 0.994158, 0.107933, 0.379752, 0.0, 0.0, 0.0, 1.0],
                [0.421334, 0.097885, -0.901607, 0.047519, -0.906906, 0.045476, -0.418873, 2.968378, 0.0, 0.994158, 0.107933, 0.379752, 0.0, 0.0, 0.0, 1.0],
                [0.421334, 0.097885, -0.901607, 0.047519, -0.906906, 0.045476, -0.418873, 2.968378, 0.0, 0.994158, 0.107933, 0.379752, 0.0, 0.0, 0.0, 1.0],
                [0.421334, 0.097885, -0.901607, 0.047519, -0.906905, 0.045476, -0.418873, 2.968378, 0.0, 0.994158, 0.107933, 0.379752, 0.0, 0.0, 0.0, 1.0],
                [0.421334, 0.097885, -0.901607, 0.047519, -0.906906, 0.045476, -0.418873, 2.968378, 0.0, 0.994158, 0.107933, 0.379752, 0.0, 0.0, 0.0, 1.0],
                [0.421334, 0.097885, -0.901607, 0.047519, -0.906906, 0.045476, -0.418873, 2.968378, 0.0, 0.994158, 0.107933, 0.379752, 0.0, 0.0, 0.0, 1.0],
                [0.421334, 0.097885, -0.901607, 0.047519, -0.906905, 0.045476, -0.418873, 2.968378, -0.0, 0.994158, 0.107933, 0.379752, 0.0, 0.0, 0.0, 1.0],
                [0.421334, 0.097885, -0.901607, 0.047519, -0.906906, 0.045476, -0.418873, 2.968378, 0.0, 0.994158, 0.107933, 0.379752, 0.0, 0.0, 0.0, 1.0],
                [0.421334, 0.097885, -0.901607, 0.047519, -0.906906, 0.045476, -0.418873, 2.968378, 0.0, 0.994158, 0.107933, 0.379752, 0.0, 0.0, 0.0, 1.0],
                [0.421334, 0.097885, -0.901607, 0.047519, -0.906905, 0.045476, -0.418873, 2.968378, 0.0, 0.994158, 0.107933, 0.379752, 0.0, 0.0, 0.0, 1.0],
                [0.421334, 0.097885, -0.901607, 0.047519, -0.906906, 0.045476, -0.418873, 2.968378, 0.0, 0.994158, 0.107933, 0.379752, 0.0, 0.0, 0.0, 1.0],
                [0.421334, 0.097885, -0.901607, 0.047519, -0.906906, 0.045476, -0.418873, 2.968378, 0.0, 0.994158, 0.107933, 0.379752, 0.0, 0.0, 0.0, 1.0],
                [0.421334, 0.097885, -0.901607, 0.047519, -0.906905, 0.045476, -0.418873, 2.968378, -0.0, 0.994158, 0.107933, 0.379752, 0.0, 0.0, 0.0, 1.0],
                [0.421334, 0.097885, -0.901607, 0.047519, -0.906906, 0.045476, -0.418873, 2.968378, 0.0, 0.994158, 0.107933, 0.379752, 0.0, 0.0, 0.0, 1.0],
                [0.421334, 0.097885, -0.901607, 0.047519, -0.906906, 0.045476, -0.418873, 2.968378, 0.0, 0.994158, 0.107933, 0.379752, 0.0, 0.0, 0.0, 1.0]
            ]
        },
        {
            "name": "Thigh_R",
            "time": [0.0, 0.0167, 0.0333, 0.05, 0.0667, 0.0833, 0.1, 0.1167, 0.1333, 0.15, 0.1667, 0.1833, 0.2, 0.2167, 0.2333, 0.25, 0.2667, 0.2833, 0.3, 0.3167, 0.3333, 0.35, 0.3667, 0.3833, 0.4, 0.4167, 0.4333, 0.45, 0.4667, 0.4833, 0.5, 0.5167, 0.5333, 0.55, 0.5667, 0.5833, 0.6],
            "transform": [
                [0.982641, 0.100997, -0.155617, 0.124994, 0.166062, -0.85281, 0.495112, -0.002831, -0.082707, -0.512359, -0.854779, -1.2e-05, 0.0, 0.0, 0.0, 1.0],
                [0.989775, 0.093948, -0.107326, 0.124994, 0.14185, -0.727244, 0.67156, -0.002831, -0.01496, -0.679916, -0.733136, -1.2e-05, 0.0, 0.0, 0.0, 1.0],
                [0.941754, -0.013179, -0.336043, 0.124994, 0.271864, -0.558352, 0.783795, -0.002831, -0.197959, -0.829498, -0.522248, -1.2e-05, 0.0, 0.0, 0.0, 1.0],
                [0.882388, -0.114645, -0.456342, 0.124994, 0.330942, -0.538199, 0.775124, -0.002831, -0.334468, -0.834981, -0.436961, -1.2e-05, 0.0, 0.0, 0.0, 1.0],
                [0.830815, -0.044629, -0.554757, 0.124994, 0.440668, -0.556078, 0.70469, -0.002831, -0.339938, -0.829929, -0.442333, -1.2e-05, 0.0, 0.0, 0.0, 1.0],
                [0.781874, 0.286008, -0.55396, 0.124994, 0.61821, -0.470503, 0.629638, -0.002831, -0.080559, -0.834759, -0.544688, -1.2e-05, 0.0, 0.0, 0.0, 1.0],
                [0.932642, 0.021493, 0.360162, 0.124994, -0.305315, -0.484892, 0.81955, -0.002831, 0.192254, -0.874308, -0.445669, -1.2e-05, 0.0, 0.0, 0.0, 1.0],
                [0.784716, -0.615972, -0.069269, 0.124994, -0.618151, -0.785936, -0.013813, -0.002831, -0.045933, 0.053658, -0.997503, -1.2e-05, 0.0, 0.0, 0.0, 1.0],
                [0.620121, -0.206857, -0.756742, 0.124994, 0.048301, -0.952712, 0.300008, -0.002831, -0.783017, -0.222593, -0.580806, -1.2e-05, 0.0, 0.0, 0.0, 1.0],
                [0.555625, 0.525259, 0.644502, 0.124994, -0.063188, -0.74625, 0.662659, -0.002831, 0.829028, -0.408914, -0.381446, -1.2e-05, 0.0, 0.0, 0.0, 1.0],
                [0.477055, 0.182673, 0.85968, 0.124994, 0.014636, -0.979675, 0.20005, -0.002831, 0.878751, -0.082852, -0.470033, -1.2e-05, 0.0, 0.0, 0.0, 1.0],
                [0.701954, 0.509204, 0.497966, 0.124994, 0.39078, -0.859892, 0.328442, -0.002831, 0.595441, -0.035956, -0.802593, -1.2e-05, 0.0, 0.0, 0.0, 1.0],
                [0.701954, 0.509204, 0.497965, 0.124994, 0.39078, -0.859892, 0.328442, -0.002831, 0.595441, -0.035957, -0.802594, -1.1e-05, 0.0, 0.0, 0.0, 1.0],
                [0.634546, 0.434134, 0.639436, 0.124994, 0.411552, -0.890081, 0.195903, -0.002831, 0.654198, 0.138852, -0.743468, -1.2e-05, 0.0, 0.0, 0.0, 1.0],
                [0.609278, 0.233879, 0.757681, 0.124994, 0.447693, -0.890113, -0.085248, -0.002831, 0.654484, 0.391148, -0.647034, -1.2e-05, 0.0, 0.0, 0.0, 1.0],
                [0.756958, 0.064282, 0.650294, 0.124994, 0.325387, -0.900081, -0.289785, -0.002831, 0.56669, 0.430952, -0.702242, -1.2e-05, 0.0, 0.0, 0.0, 1.0],
                [0.848789, -0.018202, 0.528418, 0.124994, 0.200961, -0.913297, -0.35426, -0.002831, 0.489052, 0.406882, -0.771541, -1.2e-05, 0.0, 0.0, 0.0, 1.0],
                [0.848789, -0.018201, 0.528419, 0.124994, 0.200962, -0.913297, -0.35426, -0.002831, 0.489052, 0.406882, -0.77154, -1.2e-05, 0.0, 0.0, 0.0, 1.0],
                [0.848789, -0.018201, 0.528419, 0.124994, 0.200961, -0.913298, -0.354259, -0.002831, 0.489052, 0.406882, -0.771541, -1.2e-05, 0.0, 0.0, 0.0, 1.0],
                [0.848789, -0.018202, 0.528418, 0.124994, 0.200961, -0.913297, -0.35426, -0.002831, 0.489052, 0.406882, -0.771541, -1.2e-05, 0.0, 0.0, 0.0, 1.0],
                [0.848789, -0.018201, 0.528419, 0.124994, 0.200962, -0.913297, -0.35426, -0.002831, 0.489052, 0.406882, -0.77154, -1.2e-05, 0.0, 0.0, 0.0, 1.0],
                [0.848789, -0.018201, 0.528419, 0.124994, 0.200962, -0.913298, -0.354259, -0.002831, 0.489052, 0.406882, -0.771541, -1.2e-05, 0.0, 0.0, 0.0, 1.0],
                [0.848789, -0.018202, 0.528418, 0.124994, 0.200961, -0.913297, -0.35426, -0.002831, 0.489052, 0.406882, -0.771541, -1.2e-05, 0.0, 0.0, 0.0, 1.0],
                [0.848789, -0.018201, 0.528419, 0.124994, 0.200962, -0.913297, -0.35426, -0.002831, 0.489052, 0.406882, -0.77154, -1.2e-05, 0.0, 0.0, 0.0, 1.0],
                [0.848789, -0.018201, 0.528419, 0.124994, 0.200961, -0.913298, -0.354259, -0.002831, 0.489052, 0.406882, -0.771541, -1.2e-05, 0.0, 0.0, 0.0, 1.0],
                [0.848789, -0.018202, 0.528418, 0.124994, 0.200961, -0.913297, -0.35426, -0.002831, 0.489052, 0.406882, -0.771541, -1.2e-05, 0.0, 0.0, 0.0, 1.0],
                [0.848789, -0.018201, 0.528419, 0.124994, 0.200962, -0.913297, -0.35426, -0.002831, 0.489052, 0.406882, -0.77154, -1.2e-05, 0.0, 0.0, 0.0, 1.0],
                [0.848789, -0.018201, 0.528419, 0.124994, 0.200962, -0.913298, -0.354259, -0.002831, 0.489052, 0.406882, -0.771541, -1.2e-05, 0.0, 0.0, 0.0, 1.0],
                [0.848789, -0.018202, 0.528418, 0.124994, 0.200961, -0.913297, -0.35426, -0.002831, 0.489052, 0.406882, -0.771541, -1.2e-05, 0.0, 0.0, 0.0, 1.0],
                [0.848789, -0.018201, 0.528419, 0.124994, 0.200962, -0.913297, -0.35426, -0.002831, 0.489052, 0.406882, -0.77154, -1.2e-05, 0.0, 0.0, 0.0, 1.0],
                [0.848789, -0.018201, 0.528419, 0.124994, 0.200961, -0.913298, -0.354259, -0.002831, 0.489052, 0.406882, -0.771541, -1.2e-05, 0.0, 0.0, 0.0, 1.0],
                [0.848789, -0.018202, 0.528418, 0.124994, 0.200961, -0.913297, -0.35426, -0.002831, 0.489052, 0.406882, -0.771541, -1.2e-05, 0.0, 0.0, 0.0, 1.0],
                [0.848789, -0.018201, 0.528419, 0.124994, 0.200962, -0.913297, -0.35426, -0.002831, 0.489052, 0.406882, -0.77154, -1.2e-05, 0.0, 0.0, 0.0, 1.0],
                [0.848789, -0.018201, 0.528419, 0.124994, 0.200962, -0.913298, -0.354259, -0.002831, 0.489052, 0.406882, -0.771541, -1.2e-05, 0.0, 0.0, 0.0, 1.0],
                [0.848789, -0.018202, 0.528418, 0.124994, 0.200961, -0.913297, -0.35426, -0.002831, 0.489052, 0.406882, -0.771541, -1.2e-05, 0.0, 0.0, 0.0, 1.0],
                [0.848789, -0.018201, 0.528419, 0.124994, 0.200962, -0.913297, -0.35426, -0.002831, 0.489052, 0.406882, -0.77154, -1.2e-05, 0.0, 0.0, 0.0, 1.0],
                [0.848789, -0.018201, 0.528419, 0.124994, 0.200961, -0.913298, -0.354259, -0.002831, 0.489052, 0.406882, -0.771541, -1.2e-05, 0.0, 0.0, 0.0, 1.0]
            ]
        },
        {
            "name": "Leg_R",
            "time": [0.0, 0.0167, 0.0333, 0.05, 0.0667, 0.0833, 0.1, 0.1167, 0.1333, 0.15, 0.1667, 0.1833, 0.2, 0.2167, 0.2333, 0.25, 0.2667, 0.2833, 0.3, 0.3167, 0.3333, 0.35, 0.3667, 0.3833, 0.4, 0.4167, 0.4333, 0.45, 0.4667, 0.4833, 0.5, 0.5167, 0.5333, 0.55, 0.5667, 0.5833, 0.6],
            "transform": [
                [1.0, -0.0, 1e-06, 0.0, -0.0, 0.859974, 0.510342, 0.374726, -1e-06, -0.510345, 0.859967, 0.0, 0.0, 0.0, 0.0, 1.0],
                [1.0, -1e-06, 1e-06, -0.0, -0.0, 0.579583, 0.814913, 0.374726, -1e-06, -0.814916, 0.579579, 0.0, 0.0, 0.0, 0.0, 1.0],
                [1.0, -1e-06, 0.0, -0.0, -0.0, 0.390321, 0.920679, 0.374726, -1e-06, -0.920681, 0.390318, -0.0, 0.0, 0.0, 0.0, 1.0],
                [1.0, -1e-06, 1e-06, -0.0, -0.0, 0.455477, 0.890246, 0.374726, -1e-06, -0.89025, 0.455474, 0.0, 0.0, 0.0, 0.0, 1.0],
                [1.000001, -1e-06, 1e-06, 0.0, -0.0, 0.544922, 0.838487, 0.374726, -1e-06, -0.83849, 0.544918, 0.0, 0.0, 0.0, 0.0, 1.0],
                [1.0, -1e-06, 1e-06, 0.0, -0.0, 0.717497, 0.696563, 0.374726, -1e-06, -0.696566, 0.717492, 0.0, 0.0, 0.0, 0.0, 1.0],
                [1.0, -0.0, 1e-06, -0.0, -0.0, 0.683727, 0.729739, 0.374726, -1e-06, -0.729742, 0.683722, -0.0, 0.0, 0.0, 0.0, 1.0],
                [1.0, -1e-06, 1e-06, 0.0, -0.0, 0.771879, 0.635773, 0.374726, -1e-06, -0.635776, 0.771872, -0.0, 0.0, 0.0, 0.0, 1.0],
                [1.0, -1e-06, 0.0, 0.0, -0.0, 0.337904, 0.941179, 0.374726, -1e-06, -0.941182, 0.337903, 0.0, 0.0, 0.0, 0.0, 1.0],
                [1.0, -1e-06, 0.0, -0.0, -0.0, 0.153329, 0.988174, 0.374726, -1e-06, -0.988176, 0.153328, -0.0, 0.0, 0.0, 0.0, 1.0],
                [1.0, -1e-06, 1e-06, -0.0, -0.0, 0.392813, 0.919617, 0.374726, -1e-06, -0.91962, 0.392811, -0.0, 0.0, 0.0, 0.0, 1.0],
                [1.0, -1e-06, 0.0, 0.0, -0.0, 0.208759, 0.977966, 0.374726, -1e-06, -0.977969, 0.208757, 0.0, 0.0, 0.0, 0.0, 1.0],
                [1.0, -1e-06, 0.0, 0.0, -0.0, 0.208757, 0.977966, 0.374726, -1e-06, -0.977968, 0.208756, 0.0, 0.0, 0.0, 0.0, 1.0],
                [1.0, -1e-06, 0.0, 0.0, -0.0, 0.262082, 0.965044, 0.374726, -1e-06, -0.965047, 0.26208, -0.0, 0.0, 0.0, 0.0, 1.0],
                [1.000001, -1e-06, 1e-06, -0.0, -0.0, 0.462511, 0.886613, 0.374726, -1e-06, -0.886616, 0.462508, -0.0, 0.0, 0.0, 0.0, 1.0],
                [1.000001, -1e-06, 1e-06, -0.0, -0.0, 0.567142, 0.82362, 0.374726, -1e-06, -0.823623, 0.567137, -0.0, 0.0, 0.0, 0.0, 1.0],
                [1.0, -1e-06, 1e-06, -0.0, -0.0, 0.581969, 0.813211, 0.374726, -1e-06, -0.813214, 0.581964, -0.0, 0.0, 0.0, 0.0, 1.0],
                [1.0, -1e-06, 1e-06, 0.0, -0.0, 0.581969, 0.813211, 0.374726, -1e-06, -0.813214, 0.581964, 0.0, 0.0, 0.0, 0.0, 1.0],
                [1.0, -1e-06, 1e-06, 0.0, -0.0, 0.581968, 0.813212, 0.374726, -1e-06, -0.813215, 0.581964, -0.0, 0.0, 0.0, 0.0, 1.0],
                [1.0, -1e-06, 1e-06, -0.0, -0.0, 0.581969, 0.813211, 0.374726, -1e-06, -0.813214, 0.581964, -0.0, 0.0, 0.0, 0.0, 1.0],
                [1.0, -1e-06, 1e-06, 0.0, -0.0, 0.581969, 0.813211, 0.374726, -1e-06, -0.813214, 0.581964, -0.0, 0.0, 0.0, 0.0, 1.0],
                [1.0, -1e-06, 1e-06, 0.0, -0.0, 0.581968, 0.813212, 0.374726, -1e-06, -0.813214, 0.581964, 0.0, 0.0, 0.0, 0.0, 1.0],
                [1.0, -1e-06, 1e-06, -0.0, -0.0, 0.581969, 0.813211, 0.374726, -1e-06, -0.813214, 0.581964, -0.0, 0.0, 0.0, 0.0, 1.0],
                [1.0, -1e-06, 1e-06, 0.0, -0.0, 0.581969, 0.813211, 0.374726, -1e-06, -0.813214, 0.581964, -0.0, 0.0, 0.0, 0.0, 1.0],
                [1.0, -1e-06, 1e-06, 0.0, -0.0, 0.581968, 0.813212, 0.374726, -1e-06, -0.813214, 0.581964, -0.0, 0.0, 0.0, 0.0, 1.0],
                [1.0, -1e-06, 1e-06, -0.0, -0.0, 0.581969, 0.813211, 0.374726, -1e-06, -0.813214, 0.581964, -0.0, 0.0, 0.0, 0.0, 1.0],
                [1.0, -1e-06, 1e-06, 0.0, -0.0, 0.581969, 0.813211, 0.374726, -1e-06, -0.813214, 0.581964, -0.0, 0.0, 0.0, 0.0, 1.0],
                [1.0, -1e-06, 1e-06, 0.0, -0.0, 0.581968, 0.813212, 0.374726, -1e-06, -0.813214, 0.581964, 0.0, 0.0, 0.0, 0.0, 1.0],
                [1.0, -1e-06, 1e-06, -0.0, -0.0, 0.581969, 0.813211, 0.374726, -1e-06, -0.813214, 0.581964, -0.0, 0.0, 0.0, 0.0, 1.0],
                [1.0, -1e-06, 1e-06, 0.0, -0.0, 0.581969, 0.813211, 0.374726, -1e-06, -0.813214, 0.581964, -0.0, 0.0, 0.0, 0.0, 1.0],
                [1.0, -1e-06, 1e-06, 0.0, -0.0, 0.581968, 0.813212, 0.374726, -1e-06, -0.813214, 0.581964, -0.0, 0.0, 0.0, 0.0, 1.0],
                [1.0, -1e-06, 1e-06, -0.0, -0.0, 0.581969, 0.813211, 0.374726, -1e-06, -0.813214, 0.581964, -0.0, 0.0, 0.0, 0.0, 1.0],
                [1.0, -1e-06, 1e-06, 0.0, -0.0, 0.581969, 0.813211, 0.374726, -1e-06, -0.813214, 0.581964, -0.0, 0.0, 0.0, 0.0, 1.0],
                [1.0, -1e-06, 1e-06, 0.0, -0.0, 0.581968, 0.813212, 0.374726, -1e-06, -0.813214, 0.581964, 0.0, 0.0, 0.0, 0.0, 1.0],
                [1.0, -1e-06, 1e-06, -0.0, -0.0, 0.581969, 0.813211, 0.374726, -1e-06, -0.813214, 0.581964, -0.0, 0.0, 0.0, 0.0, 1.0],
                [1.0, -1e-06, 1e-06, 0.0, -0.0, 0.581969, 0.813211, 0.374726, -1e-06, -0.813214, 0.581964, -0.0, 0.0, 0.0, 0.0, 1.0],
                [1.0, -1e-06, 1e-06, 0.0, -0.0, 0.581968, 0.813212, 0.374726, -1e-06, -0.813214, 0.581964, -0.0, 0.0, 0.0, 0.0, 1.0]
            ]
        },
        {
            "name": "Knee_R",
            "time": [0.0, 0.6],
            "transform": [
                [1.0, 0.0, -0.0, -0.0, -0.0, 0.00567, -0.999984, 0.374794, -0.0, 0.999984, 0.00567, -0.0, 0.0, 0.0, 0.0, 1.0],
                [1.0, 0.0, -0.0, -0.0, -0.0, 0.00567, -0.999984, 0.418288, -0.0, 0.999984, 0.00567, -0.000247, 0.0, 0.0, 0.0, 1.0]
            ]
        },
        {
            "name": "Thigh_L",
            "time": [0.0, 0.0167, 0.0333, 0.05, 0.0667, 0.0833, 0.1, 0.1167, 0.1333, 0.15, 0.1667, 0.1833, 0.2, 0.2167, 0.2333, 0.25, 0.2667, 0.2833, 0.3, 0.3167, 0.3333, 0.35, 0.3667, 0.3833, 0.4, 0.4167, 0.4333, 0.45, 0.4667, 0.4833, 0.5, 0.5167, 0.5333, 0.55, 0.5667, 0.5833, 0.6],
            "transform": [
                [0.868207, -0.261202, -0.421889, -0.125006, -0.231357, -0.965251, 0.121502, -0.002831, -0.438965, -0.007883, -0.898469, -1.2e-05, 0.0, 0.0, 0.0, 1.0],
                [0.996846, -0.065673, -0.044556, -0.125006, -0.043345, -0.920842, 0.387519, -0.002831, -0.066478, -0.384365, -0.920784, -1.2e-05, 0.0, 0.0, 0.0, 1.0],
                [0.934553, -0.33563, -0.11816, -0.125006, -0.181436, -0.735154, 0.65317, -0.002831, -0.306089, -0.588983, -0.747936, -1.2e-05, 0.0, 0.0, 0.0, 1.0],
                [0.868043, -0.484524, -0.108336, -0.125006, -0.300821, -0.686862, 0.661609, -0.002831, -0.394978, -0.541715, -0.741982, -1.2e-05, 0.0, 0.0, 0.0, 1.0],
                [0.861376, -0.449494, -0.236615, -0.125006, -0.255806, -0.786275, 0.562437, -0.002831, -0.438857, -0.423941, -0.792261, -1.2e-05, 0.0, 0.0, 0.0, 1.0],
                [0.937022, 0.343982, 0.060539, -0.125006, 0.241674, -0.763689, 0.598642, -0.002831, 0.252155, -0.54631, -0.798726, -1.2e-05, 0.0, 0.0, 0.0, 1.0],
                [0.871704, 0.48998, 0.007218, -0.125006, 0.392795, -0.707461, 0.587547, -0.002831, 0.292993, -0.509331, -0.809158, -1.2e-05, 0.0, 0.0, 0.0, 1.0],
                [0.859137, 0.493677, -0.134781, -0.125006, 0.42557, -0.542968, 0.72393, -0.002831, 0.284206, -0.679314, -0.676578, -1.2e-05, 0.0, 0.0, 0.0, 1.0],
                [0.904413, 0.247469, -0.347556, -0.125006, 0.426197, -0.561835, 0.709012, -0.002831, -0.019811, -0.789367, -0.613601, -1.2e-05, 0.0, 0.0, 0.0, 1.0],
                [0.985951, 0.056634, -0.157141, -0.125006, 0.165342, -0.464498, 0.870002, -0.002831, -0.02372, -0.883761, -0.467337, -1.2e-05, 0.0, 0.0, 0.0, 1.0],
                [0.926919, 0.075475, 0.367591, -0.125006, -0.290953, -0.474097, 0.83101, -0.002831, 0.236995, -0.877231, -0.41749, -1.2e-05, 0.0, 0.0, 0.0, 1.0],
                [0.902591, -0.370502, -0.21922, -0.125006, 0.050218, -0.415132, 0.908374, -0.002831, -0.42756, -0.830899, -0.356088, -1.1e-05, 0.0, 0.0, 0.0, 1.0],
                [0.902591, -0.370503, -0.21922, -0.125006, 0.050218, -0.415132, 0.908374, -0.002831, -0.427561, -0.830898, -0.356088, -1.2e-05, 0.0, 0.0, 0.0, 1.0],
                [0.985107, -0.151345, -0.081592, -0.125006, 0.029174, -0.320532, 0.946788, -0.002831, -0.169445, -0.935068, -0.311343, -1.2e-05, 0.0, 0.0, 0.0, 1.0],
                [0.950914, 0.24576, 0.188054, -0.125006, -0.149541, -0.167091, 0.974535, -0.002831, 0.270924, -0.95482, -0.122139, -1.2e-05, 0.0, 0.0, 0.0, 1.0],
                [0.850949, 0.422738, 0.311734, -0.125006, -0.279673, -0.137704, 0.950169, -0.002831, 0.444599, -0.895729, 0.001049, -1.2e-05, 0.0, 0.0, 0.0, 1.0],
                [0.830601, 0.456365, 0.319111, -0.125006, -0.287895, -0.138608, 0.947578, -0.002831, 0.476673, -0.87893, 0.016257, -1.2e-05, 0.0, 0.0, 0.0, 1.0],
                [0.830601, 0.456365, 0.31911, -0.125006, -0.287895, -0.138608, 0.947578, -0.002831, 0.476673, -0.878929, 0.016257, -1.2e-05, 0.0, 0.0, 0.0, 1.0],
                [0.830601, 0.456366, 0.31911, -0.125006, -0.287894, -0.138608, 0.947578, -0.002831, 0.476673, -0.87893, 0.016258, -1.2e-05, 0.0, 0.0, 0.0, 1.0],
                [0.830601, 0.456365, 0.319111, -0.125006, -0.287895, -0.138608, 0.947578, -0.002831, 0.476673, -0.87893, 0.016258, -1.2e-05, 0.0, 0.0, 0.0, 1.0],
                [0.830601, 0.456365, 0.31911, -0.125006, -0.287895, -0.138608, 0.947578, -0.002831, 0.476673, -0.878929, 0.016257, -1.2e-05, 0.0, 0.0, 0.0, 1.0],
                [0.830601, 0.456366, 0.31911, -0.125007, -0.287894, -0.138608, 0.947578, -0.002831, 0.476673, -0.87893, 0.016257, -1.2e-05, 0.0, 0.0, 0.0, 1.0],
                [0.830601, 0.456365, 0.319111, -0.125006, -0.287895, -0.138608, 0.947578, -0.002831, 0.476673, -0.87893, 0.016257, -1.2e-05, 0.0, 0.0, 0.0, 1.0],
                [0.830601, 0.456365, 0.31911, -0.125006, -0.287895, -0.138608, 0.947578, -0.002831, 0.476673, -0.878929, 0.016257, -1.2e-05, 0.0, 0.0, 0.0, 1.0],
                [0.830601, 0.456366, 0.31911, -0.125007, -0.287894, -0.138608, 0.947578, -0.002831, 0.476673, -0.87893, 0.016258, -1.2e-05, 0.0, 0.0, 0.0, 1.0],
                [0.830601, 0.456365, 0.319111, -0.125006, -0.287895, -0.138608, 0.947578, -0.002831, 0.476673, -0.87893, 0.016258, -1.2e-05, 0.0, 0.0, 0.0, 1.0],
                [0.830601, 0.456365, 0.31911, -0.125006, -0.287895, -0.138608, 0.947578, -0.002831, 0.476673, -0.878929, 0.016257, -1.2e-05, 0.0, 0.0, 0.0, 1.0],
                [0.830601, 0.456366, 0.31911, -0.125007, -0.287894, -0.138608, 0.947578, -0.002831, 0.476673, -0.87893, 0.016257, -1.2e-05, 0.0, 0.0, 0.0, 1.0],
                [0.830601, 0.456365, 0.319111, -0.125006, -0.287895, -0.138608, 0.947578, -0.002831, 0.476673, -0.87893, 0.016257, -1.2e-05, 0.0, 0.0, 0.0, 1.0],
                [0.830601, 0.456365, 0.31911, -0.125006, -0.287895, -0.138608, 0.947578, -0.002831, 0.476673, -0.878929, 0.016257, -1.2e-05, 0.0, 0.0, 0.0, 1.0],
                [0.830601, 0.456366, 0.31911, -0.125007, -0.287894, -0.138608, 0.947578, -0.002831, 0.476673, -0.87893, 0.016258, -1.2e-05, 0.0, 0.0, 0.0, 1.0],
                [0.830601, 0.456365, 0.319111, -0.125006, -0.287895, -0.138608, 0.947578, -0.002831, 0.476673, -0.87893, 0.016258, -1.2e-05, 0.0, 0.0, 0.0, 1.0],
                [0.830601, 0.456365, 0.31911, -0.125006, -0.287895, -0.138608, 0.947578, -0.002831, 0.476673, -0.878929, 0.016257, -1.2e-05, 0.0, 0.0, 0.0, 1.0],
                [0.830601, 0.456366, 0.31911, -0.125007, -0.287894, -0.138608, 0.947578, -0.002831, 0.476673, -0.87893, 0.016257, -1.2e-05, 0.0, 0.0, 0.0, 1.0],
                [0.830601, 0.456365, 0.319111, -0.125006, -0.287895, -0.138608, 0.947578, -0.002831, 0.476673, -0.87893, 0.016257, -1.2e-05, 0.0, 0.0, 0.0, 1.0],
                [0.830601, 0.456365, 0.31911, -0.125006, -0.287895, -0.138608, 0.947578, -0.002831, 0.476673, -0.878929, 0.016257, -1.2e-05, 0.0, 0.0, 0.0, 1.0],
                [0.830601, 0.456366, 0.31911, -0.125007, -0.287894, -0.138608, 0.947578, -0.002831, 0.476673, -0.87893, 0.016258, -1.2e-05, 0.0, 0.0, 0.0, 1.0]
            ]
        },
        {
            "name": "Leg_L",
            "time": [0.0, 0.0167, 0.0333, 0.05, 0.0667, 0.0833, 0.1, 0.1167, 0.1333, 0.15, 0.1667, 0.1833, 0.2, 0.2167, 0.2333, 0.25, 0.2667, 0.2833, 0.3, 0.3167, 0.3333, 0.35, 0.3667, 0.3833, 0.4, 0.4167, 0.4333, 0.45, 0.4667, 0.4833, 0.5, 0.5167, 0.5333, 0.55, 0.5667, 0.5833, 0.6],
            "transform": [
                [1.0, -1e-06, 1e-06, 0.0, -0.0, 0.791616, 0.611019, 0.374726, -1e-06, -0.611019, 0.791616, 0.0, 0.0, 0.0, 0.0, 1.0],
                [0.999999, -1e-06, 1e-06, 0.0, -0.0, 0.49544, 0.868642, 0.374726, -1e-06, -0.868642, 0.49544, -0.0, 0.0, 0.0, 0.0, 1.0],
                [1.0, -1e-06, 1e-06, 0.0, -0.0, 0.324293, 0.945957, 0.374726, -1e-06, -0.945957, 0.324293, -0.0, 0.0, 0.0, 0.0, 1.0],
                [1.0, -1e-06, 1e-06, 0.0, -0.0, 0.367473, 0.930034, 0.374726, -1e-06, -0.930034, 0.367473, -0.0, 0.0, 0.0, 0.0, 1.0],
                [1.0, -1e-06, 0.0, -0.0, -0.0, 0.274053, 0.961715, 0.374726, -1e-06, -0.961714, 0.274053, 0.0, 0.0, 0.0, 0.0, 1.0],
                [1.0, -1e-06, 0.0, 0.0, -0.0, 0.181503, 0.983391, 0.374726, -1e-06, -0.98339, 0.181503, -0.0, 0.0, 0.0, 0.0, 1.0],
                [1.0, -1e-06, 1e-06, -0.0, -0.0, 0.329987, 0.943985, 0.374726, -1e-06, -0.943985, 0.329987, -0.0, 0.0, 0.0, 0.0, 1.0],
                [1.000001, -1e-06, 1e-06, -0.0, -0.0, 0.681391, 0.73192, 0.374726, -1e-06, -0.73192, 0.68139, 0.0, 0.0, 0.0, 0.0, 1.0],
                [1.0, -0.0, 1e-06, 0.0, -0.0, 0.845139, 0.534546, 0.374726, -1e-06, -0.534546, 0.845139, -0.0, 0.0, 0.0, 0.0, 1.0],
                [1.0, -1e-06, 1e-06, 0.0, -0.0, 0.701373, 0.712795, 0.374726, -1e-06, -0.712795, 0.701372, -0.0, 0.0, 0.0, 0.0, 1.0],
                [1.0, -1e-06, 1e-06, 0.0, -0.0, 0.48578, 0.874081, 0.374726, -1e-06, -0.874081, 0.48578, -0.0, 0.0, 0.0, 0.0, 1.0],
                [1.0, -1e-06, 0.0, -0.0, -0.0, 0.070181, 0.997534, 0.374726, -1e-06, -0.997534, 0.070182, 0.0, 0.0, 0.0, 0.0, 1.0],
                [1.0, -1e-06, 0.0, -0.0, -0.0, 0.070181, 0.997534, 0.374726, -1e-06, -0.997534, 0.070181, -0.0, 0.0, 0.0, 0.0, 1.0],
                [1.0, -1e-06, 0.0, 0.0, -0.0, 0.027752, 0.999615, 0.374726, -1e-06, -0.999614, 0.027752, -0.0, 0.0, 0.0, 0.0, 1.0],
                [1.000001, -1e-06, 0.0, 0.0, -0.0, 0.025476, 0.999676, 0.374726, -1e-06, -0.999675, 0.025476, -0.0, 0.0, 0.0, 0.0, 1.0],
                [1.0, -1e-06, 0.0, -0.0, -0.0, -0.027213, 0.99963, 0.374726, -1e-06, -0.999629, -0.027213, -0.0, 0.0, 0.0, 0.0, 1.0],
                [1.000001, -1e-06, 0.0, 0.0, -0.0, -0.071722, 0.997425, 0.374726, -1e-06, -0.997424, -0.071723, 0.0, 0.0, 0.0, 0.0, 1.0],
                [1.0, -1e-06, 0.0, 0.0, -0.0, -0.071724, 0.997425, 0.374726, -1e-06, -0.997424, -0.071723, 0.0, 0.0, 0.0, 0.0, 1.0],
                [1.000001, -1e-06, 0.0, -0.0, -0.0, -0.071724, 0.997425, 0.374726, -1e-06, -0.997425, -0.071724, -0.0, 0.0, 0.0, 0.0, 1.0],
                [1.000001, -1e-06, 0.0, -0.0, -0.0, -0.071723, 0.997425, 0.374726, -1e-06, -0.997425, -0.071723, 0.0, 0.0, 0.0, 0.0, 1.0],
                [1.0, -1e-06, 0.0, -0.0, -0.0, -0.071724, 0.997425, 0.374726, -1e-06, -0.997424, -0.071723, 0.0, 0.0, 0.0, 0.0, 1.0],
                [1.000001, -1e-06, 0.0, -0.0, -0.0, -0.071724, 0.997425, 0.374726, -1e-06, -0.997424, -0.071724, -0.0, 0.0, 0.0, 0.0, 1.0],
                [1.000001, -1e-06, 0.0, -0.0, -0.0, -0.071722, 0.997425, 0.374726, -1e-06, -0.997424, -0.071722, 0.0, 0.0, 0.0, 0.0, 1.0],
                [1.0, -1e-06, 0.0, 0.0, -0.0, -0.071723, 0.997425, 0.374726, -1e-06, -0.997424, -0.071723, 0.0, 0.0, 0.0, 0.0, 1.0],
                [1.000001, -1e-06, 0.0, -0.0, -0.0, -0.071724, 0.997425, 0.374726, -1e-06, -0.997424, -0.071724, -0.0, 0.0, 0.0, 0.0, 1.0],
                [1.000001, -1e-06, 0.0, -0.0, -0.0, -0.071723, 0.997425, 0.374726, -1e-06, -0.997425, -0.071723, 0.0, 0.0, 0.0, 0.0, 1.0],
                [1.0, -1e-06, 0.0, -0.0, -0.0, -0.071724, 0.997425, 0.374726, -1e-06, -0.997424, -0.071723, 0.0, 0.0, 0.0, 0.0, 1.0],
                [1.000001, -1e-06, 0.0, -0.0, -0.0, -0.071724, 0.997425, 0.374726, -1e-06, -0.997424, -0.071724, -0.0, 0.0, 0.0, 0.0, 1.0],
                [1.000001, -1e-06, 0.0, -0.0, -0.0, -0.071722, 0.997425, 0.374726, -1e-06, -0.997424, -0.071722, 0.0, 0.0, 0.0, 0.0, 1.0],
                [1.0, -1e-06, 0.0, 0.0, -0.0, -0.071723, 0.997425, 0.374726, -1e-06, -0.997424, -0.071723, 0.0, 0.0, 0.0, 0.0, 1.0],
                [1.000001, -1e-06, 0.0, -0.0, -0.0, -0.071724, 0.997425, 0.374726, -1e-06, -0.997424, -0.071724, -0.0, 0.0, 0.0, 0.0, 1.0],
                [1.000001, -1e-06, 0.0, -0.0, -0.0, -0.071723, 0.997425, 0.374726, -1e-06, -0.997425, -0.071723, 0.0, 0.0, 0.0, 0.0, 1.0],
                [1.0, -1e-06, 0.0, -0.0, -0.0, -0.071724, 0.997425, 0.374726, -1e-06, -0.997424, -0.071723, 0.0, 0.0, 0.0, 0.0, 1.0],
                [1.000001, -1e-06, 0.0, -0.0, -0.0, -0.071724, 0.997425, 0.374726, -1e-06, -0.997424, -0.071724, -0.0, 0.0, 0.0, 0.0, 1.0],
                [1.000001, -1e-06, 0.0, -0.0, -0.0, -0.071722, 0.997425, 0.374726, -1e-06, -0.997424, -0.071722, 0.0, 0.0, 0.0, 0.0, 1.0],
                [1.0, -1e-06, 0.0, 0.0, -0.0, -0.071723, 0.997425, 0.374726, -1e-06, -0.997424, -0.071723, 0.0, 0.0, 0.0, 0.0, 1.0],
                [1.000001, -1e-06, 0.0, -0.0, -0.0, -0.071724, 0.997425, 0.374726, -1e-06, -0.997424, -0.071724, -0.0, 0.0, 0.0, 0.0, 1.0]
            ]
        },
        {
            "name": "Knee_L",
            "time": [0.0, 0.6],
            "transform": [
                [1.0, 0.0, -0.0, 0.0, -0.0, 0.00567, -0.999984, 0.387585, -0.0, 0.999984, 0.00567, -7.3e-05, 0.0, 0.0, 0.0, 1.0],
                [1.0, 0.0, -0.0, 0.0, -0.0, 0.00567, -0.999984, 0.484724, -0.0, 0.999984, 0.00567, -0.000624, 0.0, 0.0, 0.0, 1.0]
            ]
        },
        {
            "name": "Torso",
            "time": [0.0, 0.0167, 0.0333, 0.05, 0.0667, 0.0833, 0.1, 0.1167, 0.1333, 0.15, 0.1667, 0.1833, 0.2, 0.2167, 0.2333, 0.25, 0.2667, 0.2833, 0.3, 0.3167, 0.3333, 0.35, 0.3667, 0.3833, 0.4, 0.4167, 0.4333, 0.45, 0.4667, 0.4833, 0.5, 0.5167, 0.5333, 0.55, 0.5667, 0.5833, 0.6],
            "transform": [
                [0.869408, -0.053329, 0.491208, 0.0, 0.053329, 0.998479, 0.014013, 0.05, -0.491208, 0.014013, 0.87093, -0.0, 0.0, 0.0, 0.0, 1.0],
                [0.905735, -0.051577, 0.420695, -0.0, 0.046368, 0.998669, 0.022608, 0.05, -0.421301, -0.00097, 0.90692, -0.0, 0.0, 0.0, 0.0, 1.0],
                [0.94925, -0.046555, 0.311059, -0.0, 0.036624, 0.998618, 0.037694, 0.05, -0.312384, -0.024389, 0.949643, 0.0, 0.0, 0.0, 0.0, 1.0],
                [0.957823, -0.044536, 0.283888, -0.0, 0.033238, 0.998457, 0.044493, 0.05, -0.285432, -0.03318, 0.957825, 0.0, 0.0, 0.0, 0.0, 1.0],
                [0.970629, -0.043137, 0.236682, -0.0, 0.0324, 0.99827, 0.049068, 0.05, -0.238389, -0.039959, 0.970347, 0.0, 0.0, 0.0, 0.0, 1.0],
                [0.997043, -0.0362, 0.067781, -0.0, 0.032345, 0.997842, 0.057133, 0.05, -0.069703, -0.054772, 0.996063, 0.0, 0.0, 0.0, 0.0, 1.0],
                [0.999435, -0.033376, 0.003998, 0.0, 0.033087, 0.997755, 0.058224, 0.05, -0.005932, -0.058059, 0.998296, -0.0, 0.0, 0.0, 0.0, 1.0],
                [0.997985, -0.031242, -0.055215, -0.0, 0.034462, 0.9977, 0.05836, 0.05, 0.053265, -0.060146, 0.996767, -0.0, 0.0, 0.0, 0.0, 1.0],
                [0.993049, -0.028989, -0.114078, -0.0, 0.035833, 0.99765, 0.058406, 0.05, 0.112116, -0.062087, 0.991754, -0.0, 0.0, 0.0, 0.0, 1.0],
                [0.993337, -0.029921, -0.111297, -0.0, 0.036575, 0.997633, 0.058238, 0.05, 0.109291, -0.061921, 0.992079, 0.0, 0.0, 0.0, 0.0, 1.0],
                [0.9951, -0.036436, -0.091919, 0.0, 0.041803, 0.99749, 0.057161, 0.05, 0.089605, -0.060724, 0.994124, 0.0, 0.0, 0.0, 0.0, 1.0],
                [0.994411, -0.077254, 0.071968, 0.0, 0.073461, 0.995839, 0.053934, 0.05, -0.075835, -0.048346, 0.995948, -0.0, 0.0, 0.0, 0.0, 1.0],
                [0.994411, -0.077254, 0.071968, 0.0, 0.073461, 0.995839, 0.053934, 0.05, -0.075835, -0.048346, 0.995948, -0.0, 0.0, 0.0, 0.0, 1.0],
                [0.9975, -0.069084, 0.014838, -0.0, 0.068199, 0.996233, 0.053561, 0.05, -0.018482, -0.052415, 0.998454, -0.0, 0.0, 0.0, 0.0, 1.0],
                [0.992531, -0.050309, -0.111134, 0.0, 0.056558, 0.996948, 0.053806, 0.05, 0.108088, -0.05969, 0.992347, -0.0, 0.0, 0.0, 0.0, 1.0],
                [0.971507, -0.030806, -0.234999, -0.0, 0.045056, 0.997441, 0.055512, 0.05, 0.232687, -0.064518, 0.970409, -0.0, 0.0, 0.0, 0.0, 1.0],
                [0.956837, -0.021831, -0.289804, 0.0, 0.03995, 0.997589, 0.056753, 0.05, 0.287866, -0.065881, 0.955402, 0.0, 0.0, 0.0, 0.0, 1.0],
                [0.956837, -0.021831, -0.289804, 0.0, 0.03995, 0.997589, 0.056753, 0.05, 0.287866, -0.065881, 0.955402, -0.0, 0.0, 0.0, 0.0, 1.0],
                [0.956837, -0.021831, -0.289804, 0.0, 0.03995, 0.997589, 0.056753, 0.05, 0.287866, -0.065881, 0.955402, 0.0, 0.0, 0.0, 0.0, 1.0],
                [0.956837, -0.021831, -0.289804, 0.0, 0.03995, 0.997589, 0.056753, 0.05, 0.287866, -0.065881, 0.955402, 0.0, 0.0, 0.0, 0.0, 1.0],
                [0.956837, -0.021831, -0.289804, -0.0, 0.03995, 0.997589, 0.056753, 0.05, 0.287866, -0.065881, 0.955402, -0.0, 0.0, 0.0, 0.0, 1.0],
                [0.956837, -0.021831, -0.289804, -0.0, 0.03995, 0.997589, 0.056753, 0.05, 0.287866, -0.065881, 0.955402, 0.0, 0.0, 0.0, 0.0, 1.0],
                [0.956837, -0.021831, -0.289804, 0.0, 0.03995, 0.997589, 0.056753, 0.05, 0.287866, -0.065881, 0.955402, 0.0, 0.0, 0.0, 0.0, 1.0],
                [0.956837, -0.021831, -0.289804, -0.0, 0.03995, 0.997589, 0.056753, 0.05, 0.287866, -0.065881, 0.955402, -0.0, 0.0, 0.0, 0.0, 1.0],
                [0.956837, -0.021831, -0.289804, -0.0, 0.03995, 0.997589, 0.056753, 0.05, 0.287866, -0.065881, 0.955402, 0.0, 0.0, 0.0, 0.0, 1.0],
                [0.956837, -0.021831, -0.289804, 0.0, 0.03995, 0.997589, 0.056753, 0.05, 0.287866, -0.065881, 0.955402, 0.0, 0.0, 0.0, 0.0, 1.0],
                [0.956837, -0.021831, -0.289804, -0.0, 0.03995, 0.997589, 0.056753, 0.05, 0.287866, -0.065881, 0.955402, -0.0, 0.0, 0.0, 0.0, 1.0],
                [0.956837, -0.021831, -0.289804, -0.0, 0.03995, 0.997589, 0.056753, 0.05, 0.287866, -0.065881, 0.955402, 0.0, 0.0, 0.0, 0.0, 1.0],
                [0.956837, -0.021831, -0.289804, 0.0, 0.03995, 0.997589, 0.056753, 0.05, 0.287866, -0.065881, 0.955402, 0.0, 0.0, 0.0, 0.0, 1.0],
                [0.956837, -0.021831, -0.289804, -0.0, 0.03995, 0.997589, 0.056753, 0.05, 0.287866, -0.065881, 0.955402, -0.0, 0.0, 0.0, 0.0, 1.0],
                [0.956837, -0.021831, -0.289804, -0.0, 0.03995, 0.997589, 0.056753, 0.05, 0.287866, -0.065881, 0.955402, 0.0, 0.0, 0.0, 0.0, 1.0],
                [0.956837, -0.021831, -0.289804, 0.0, 0.03995, 0.997589, 0.056753, 0.05, 0.287866, -0.065881, 0.955402, 0.0, 0.0, 0.0, 0.0, 1.0],
                [0.956837, -0.021831, -0.289804, -0.0, 0.03995, 0.997589, 0.056753, 0.05, 0.287866, -0.065881, 0.955402, -0.0, 0.0, 0.0, 0.0, 1.0],
                [0.956837, -0.021831, -0.289804, -0.0, 0.03995, 0.997589, 0.056753, 0.05, 0.287866, -0.065881, 0.955402, 0.0, 0.0, 0.0, 0.0, 1.0],
                [0.956837, -0.021831, -0.289804, 0.0, 0.03995, 0.997589, 0.056753, 0.05, 0.287866, -0.065881, 0.955402, 0.0, 0.0, 0.0, 0.0, 1.0],
                [0.956837, -0.021831, -0.289804, -0.0, 0.03995, 0.997589, 0.056753, 0.05, 0.287866, -0.065881, 0.955402, -0.0, 0.0, 0.0, 0.0, 1.0],
                [0.956837, -0.021831, -0.289804, -0.0, 0.03995, 0.997589, 0.056753, 0.05, 0.287866, -0.065881, 0.955402, 0.0, 0.0, 0.0, 0.0, 1.0]
            ]
        },
        {
            "name": "Chest",
            "time": [0.0, 0.0167, 0.0333, 0.05, 0.0667, 0.0833, 0.1, 0.1167, 0.1333, 0.15, 0.1667, 0.1833, 0.2, 0.2167, 0.2333, 0.25, 0.2667, 0.2833, 0.3, 0.3167, 0.3333, 0.35, 0.3667, 0.3833, 0.4, 0.4167, 0.4333, 0.45, 0.4667, 0.4833, 0.5, 0.5167, 0.5333, 0.55, 0.5667, 0.5833, 0.6],
            "transform": [
                [0.663659, -0.298914, 0.685717, 0.0, 0.029898, 0.926557, 0.374963, 0.3, -0.747438, -0.228346, 0.623855, -0.0, 0.0, 0.0, 0.0, 1.0],
                [0.884562, -0.153438, 0.440463, -0.0, -0.023385, 0.928564, 0.370435, 0.3, -0.465837, -0.337973, 0.817784, 0.0, 0.0, 0.0, 0.0, 1.0],
                [0.989714, 0.021195, 0.141484, 0.0, -0.076163, 0.915228, 0.395673, 0.3, -0.121104, -0.402378, 0.907428, 0.0, 0.0, 0.0, 0.0, 1.0],
                [0.989749, 0.020669, 0.141314, 0.0, -0.077057, 0.910375, 0.406547, 0.3, -0.120246, -0.413268, 0.902635, 0.0, 0.0, 0.0, 0.0, 1.0],
                [0.989667, 0.020323, 0.141939, 0.0, -0.077815, 0.907576, 0.412615, 0.3, -0.120435, -0.419396, 0.899779, -0.0, 0.0, 0.0, 0.0, 1.0],
                [0.986223, 0.009714, 0.165134, -0.0, -0.08107, 0.898552, 0.431314, 0.3, -0.144192, -0.43876, 0.88696, -0.0, 0.0, 0.0, 0.0, 1.0],
                [0.984332, -3.9e-05, 0.176327, 0.0, -0.079796, 0.891643, 0.445653, 0.3, -0.157238, -0.45274, 0.877669, 0.0, 0.0, 0.0, 0.0, 1.0],
                [0.982254, -0.038957, 0.183465, -0.0, -0.053563, 0.879186, 0.473459, 0.3, -0.179744, -0.474884, 0.861497, -0.0, 0.0, 0.0, 0.0, 1.0],
                [0.975446, -0.115049, 0.187802, 0.0, -0.000235, 0.852168, 0.523268, 0.3, -0.22024, -0.510463, 0.831217, 0.0, 0.0, 0.0, 0.0, 1.0],
                [0.964435, -0.178542, 0.194905, -0.0, 0.041939, 0.831405, 0.554082, 0.3, -0.260972, -0.526202, 0.809323, -0.0, 0.0, 0.0, 0.0, 1.0],
                [0.922209, -0.234549, 0.307436, -0.0, 0.022556, 0.826317, 0.562753, 0.3, -0.386033, -0.512041, 0.767328, -0.0, 0.0, 0.0, 0.0, 1.0],
                [0.839064, -0.224578, 0.495517, -0.0, -0.047422, 0.877162, 0.477846, 0.3, -0.541962, -0.424442, 0.725345, 0.0, 0.0, 0.0, 0.0, 1.0],
                [0.839064, -0.224577, 0.495517, 0.0, -0.047422, 0.877162, 0.477847, 0.3, -0.541963, -0.424442, 0.725345, -0.0, 0.0, 0.0, 0.0, 1.0],
                [0.79641, -0.240567, 0.554849, -0.0, -0.045063, 0.891318, 0.451133, 0.3, -0.603075, -0.384291, 0.699014, 0.0, 0.0, 0.0, 0.0, 1.0],
                [0.711173, -0.267185, 0.650266, 0.0, -0.033862, 0.910871, 0.411299, 0.3, -0.702201, -0.314524, 0.638739, -0.0, 0.0, 0.0, 0.0, 1.0],
                [0.654047, -0.289973, 0.69867, -0.0, -0.01974, 0.916754, 0.398964, 0.3, -0.756197, -0.274733, 0.593876, -0.0, 0.0, 0.0, 0.0, 1.0],
                [0.637164, -0.300332, 0.709805, 0.0, -0.013052, 0.916616, 0.399555, 0.3, -0.770618, -0.263846, 0.580115, 0.0, 0.0, 0.0, 0.0, 1.0],
                [0.637163, -0.300332, 0.709805, -0.0, -0.013052, 0.916616, 0.399555, 0.3, -0.770618, -0.263846, 0.580114, 0.0, 0.0, 0.0, 0.0, 1.0],
                [0.637164, -0.300332, 0.709805, 0.0, -0.013052, 0.916616, 0.399555, 0.3, -0.770618, -0.263846, 0.580114, 0.0, 0.0, 0.0, 0.0, 1.0],
                [0.637164, -0.300332, 0.709805, 0.0, -0.013052, 0.916616, 0.399555, 0.3, -0.770618, -0.263846, 0.580115, -0.0, 0.0, 0.0, 0.0, 1.0],
                [0.637163, -0.300332, 0.709805, -0.0, -0.013052, 0.916616, 0.399555, 0.3, -0.770618, -0.263846, 0.580114, 0.0, 0.0, 0.0, 0.0, 1.0],
                [0.637164, -0.300332, 0.709805, 0.0, -0.013052, 0.916616, 0.399555, 0.3, -0.770618, -0.263846, 0.580114, 0.0, 0.0, 0.0, 0.0, 1.0],
                [0.637164, -0.300332, 0.709805, 0.0, -0.013052, 0.916616, 0.399555, 0.3, -0.770618, -0.263846, 0.580114, -0.0, 0.0, 0.0, 0.0, 1.0],
