{
    "animation": [
        {
            "name": "Root",
            "time": [0.0, 0.0167, 0.0333, 0.05, 0.0667, 0.0833, 0.1, 0.1167, 0.1333, 0.15, 0.1667, 0.1833, 0.2, 0.2167, 0.2333, 0.25, 0.2667, 0.2833, 0.3, 0.3167, 0.3333, 0.35, 0.3667, 0.3833, 0.4, 0.4167, 0.4333, 0.45, 0.4667, 0.4833, 0.5, 0.5167, 0.5333, 0.55, 0.5667, 0.5833, 0.6, 0.6167, 0.6333, 0.65, 0.6667, 0.6833, 0.7, 0.7167, 0.7333, 0.75, 0.7667, 0.7833, 0.8, 0.8167, 0.8333, 0.85, 0.8667, 0.8833, 0.9, 0.9167, 0.9333, 0.95, 0.9667, 0.9833, 1.0, 1.0167, 1.0333, 1.05, 1.0667, 1.0833, 1.1],
            "transform": [
                [-0.971504, 0.0, 0.237022, -0.004074, 0.237022, 0.0, 0.971504, -0.134297, 0.0, 1.0, 0.0, 0.600547, 0.0, 0.0, 0.0, 1.0],
                [-0.955021, 0.0, 0.29654, -0.007543, 0.29654, 0.0, 0.955021, -0.110497, 0.0, 1.0, 0.0, 0.618053, 0.0, 0.0, 0.0, 1.0],
                [-0.852251, 0.0, 0.523134, -0.01968, 0.523134, 0.0, 0.852251, -0.041148, 0.0, 1.0, 0.0, 0.664641, 0.0, 0.0, 0.0, 1.0],
                [-0.429378, 0.0, 0.903125, -0.040783, 0.903125, 0.0, 0.429378, 0.063181, 0.0, 1.0, 0.0, 0.726981, 0.0, 0.0, 0.0, 1.0],
                [0.289048, 0.0, 0.957314, -0.061963, 0.957314, 0.0, -0.289048, 0.161955, 0.0, 1.0, 0.0, 0.773981, 0.0, 0.0, 0.0, 1.0],
                [0.723215, 0.0, 0.690623, -0.076414, 0.690623, 0.0, -0.723215, 0.227064, 0.0, 1.0, 0.0, 0.793754, 0.0, 0.0, 0.0, 1.0],
                [0.980565, 0.0, 0.196192, -0.094844, 0.196192, 0.0, -0.980565, 0.310086, 0.0, 1.0, 0.0, 0.86899, 0.0, 0.0, 0.0, 1.0],
                [0.958369, 0.0, -0.285534, -0.116611, -0.285534, 0.0, -0.958369, 0.420866, 0.0, 1.0, 0.0, 1.036207, 0.0, 0.0, 0.0, 1.0],
                [0.942704, 0.0, -0.333629, -0.119447, -0.333629, 0.0, -0.942704, 0.452408, 0.0, 1.0, 0.0, 1.123979, 0.0, 0.0, 0.0, 1.0],
                [0.94034, 0.0, -0.340235, -0.119853, -0.340235, 0.0, -0.94034, 0.458206, 0.0, 1.0, 0.0, 1.176335, 0.0, 0.0, 0.0, 1.0],
                [0.941675, 0.001952, -0.336517, -0.119853, -0.336481, -0.010358, -0.941633, 0.467865, -0.005324, 0.999944, -0.009097, 1.284275, 0.0, 0.0, 0.0, 1.0],
                [0.945161, 0.006511, -0.326539, -0.119853, -0.326051, -0.039336, -0.944533, 0.490234, -0.018995, 0.999205, -0.035056, 1.44144, 0.0, 0.0, 0.0, 1.0],
                [0.94999, 0.011877, -0.312055, -0.119853, -0.310035, -0.083754, -0.947029, 0.528978, -0.037384, 0.996416, -0.075883, 1.617126, 0.0, 0.0, 0.0, 1.0],
                [0.955443, 0.016253, -0.294728, -0.119853, -0.289671, -0.140308, -0.946786, 0.58776, -0.05674, 0.989975, -0.129348, 1.780629, 0.0, 0.0, 0.0, 1.0],
                [0.960989, 0.017679, -0.27602, -0.119853, -0.266674, -0.205541, -0.941614, 0.670244, -0.07338, 0.978489, -0.192809, 1.901246, 0.0, 0.0, 0.0, 1.0],
                [0.966289, 0.013958, -0.25708, -0.119853, -0.243402, -0.275896, -0.929858, 0.780093, -0.083906, 0.961086, -0.263198, 1.948275, 0.0, 0.0, 0.0, 1.0],
                [0.972781, -0.017733, -0.231046, -0.119814, -0.220954, -0.37143, -0.901786, 0.968693, -0.069826, 0.928291, -0.365239, 1.84884, 0.0, 0.0, 0.0, 1.0],
                [0.97684, -0.097873, -0.190276, -0.118818, -0.212603, -0.544377, -0.811451, 1.2293, -0.024163, 0.833111, -0.552577, 2.006268, 0.0, 0.0, 0.0, 1.0],
                [0.926917, -0.05225, -0.371611, -0.108367, -0.29849, -0.702825, -0.64571, 1.235883, -0.227439, 0.709442, -0.667056, 2.225605, 0.0, 0.0, 0.0, 1.0],
                [0.862813, -0.021891, -0.505048, -0.102363, -0.343366, -0.758615, -0.553717, 1.235983, -0.371016, 0.651171, -0.66206, 2.292893, 0.0, 0.0, 0.0, 1.0],
                [0.726799, 0.000833, -0.686849, -0.094555, -0.378209, -0.834254, -0.40122, 1.23632, -0.573341, 0.551379, -0.60602, 2.381371, 0.0, 0.0, 0.0, 1.0],
                [0.149401, -0.11679, -0.981855, -0.074905, -0.217722, -0.972514, 0.082549, 1.236918, -0.964508, 0.201438, -0.170723, 2.659569, 0.0, 0.0, 0.0, 1.0],
                [-0.487445, -0.475824, -0.732112, -0.051122, 0.306944, -0.878333, 0.366492, 1.237411, -0.817424, -0.046073, 0.574191, 2.985455, 0.0, 0.0, 0.0, 1.0],
                [-0.640652, -0.721395, -0.262974, -0.027894, 0.672445, -0.692461, 0.261372, 1.237723, -0.370651, -0.009387, 0.928725, 3.3404, 0.0, 0.0, 0.0, 1.0],
                [-0.536698, -0.79704, -0.276916, -0.042572, 0.758709, -0.599466, 0.254952, 1.238461, -0.369209, -0.073266, 0.926454, 3.541887, 0.0, 0.0, 0.0, 1.0],
                [-0.398392, -0.842154, -0.363401, -0.069832, 0.829329, -0.499976, 0.249473, 1.239328, -0.391787, -0.201991, 0.89761, 3.614938, 0.0, 0.0, 0.0, 1.0],
                [-0.304166, -0.852701, -0.424718, -0.084511, 0.875941, -0.425595, 0.22715, 1.239746, -0.374448, -0.302936, 0.876367, 3.626723, 0.0, 0.0, 0.0, 1.0],
                [-0.306341, -0.842277, -0.443537, -0.083626, 0.887809, -0.420903, 0.186105, 1.235859, -0.343438, -0.336764, 0.876721, 3.635865, 0.0, 0.0, 0.0, 1.0],
                [-0.45817, -0.792603, -0.402318, -0.077437, 0.853632, -0.518528, 0.049409, 1.208655, -0.247775, -0.320794, 0.914165, 3.697968, 0.0, 0.0, 0.0, 1.0],
                [-0.81349, -0.556095, -0.170275, -0.05453, 0.579296, -0.74887, -0.321884, 1.124867, 0.051485, -0.360489, 0.931342, 3.833708, 0.0, 0.0, 0.0, 1.0],
                [-0.935807, -0.233376, 0.264197, -0.039243, 0.069913, -0.857454, -0.509789, 1.040767, 0.345509, -0.458594, 0.818727, 3.91557, 0.0, 0.0, 0.0, 1.0],
                [-0.740046, -0.006694, 0.672523, -0.041774, -0.416702, -0.780332, -0.466307, 1.010475, 0.527912, -0.62533, 0.574692, 3.645834, 0.0, 0.0, 0.0, 1.0],
                [-0.296472, 0.067235, 0.952672, -0.047607, -0.806003, -0.552713, -0.211821, 0.995185, 0.512312, -0.830655, 0.218056, 3.490347, 0.0, 0.0, 0.0, 1.0],
                [0.169447, -0.039478, 0.984748, -0.054101, -0.942212, -0.299502, 0.150121, 0.987574, 0.289007, -0.953279, -0.087946, 3.409127, 0.0, 0.0, 0.0, 1.0],
                [0.343003, -0.079416, 0.935971, -0.058091, -0.919917, -0.229952, 0.317609, 0.983917, 0.190005, -0.969956, -0.15193, 3.695668, 0.0, 0.0, 0.0, 1.0],
                [0.482633, -0.245147, 0.840814, -0.059302, -0.875588, -0.112829, 0.469697, 0.982721, -0.020277, -0.962898, -0.269102, 3.982209, 0.0, 0.0, 0.0, 1.0],
                [0.068624, 0.013231, 0.222266, 0.063709, 0.246169, 0.017277, -0.062993, 2.124482, -0.026602, 0.194015, -0.009549, -0.653818, 0.0, 0.0, 0.0, 1.0],
                [0.068624, 0.013232, 0.222266, 0.063709, 0.246169, 0.017277, -0.062993, 2.124482, -0.026602, 0.194015, -0.009549, -0.653818, 0.0, 0.0, 0.0, 1.0],
                [0.068624, 0.013232, 0.222266, 0.063709, 0.246169, 0.017277, -0.062993, 2.124482, -0.026602, 0.194015, -0.009549, -0.653818, 0.0, 0.0, 0.0, 1.0],
                [0.068624, 0.013232, 0.222266, 0.063709, 0.246169, 0.017277, -0.062993, 2.124482, -0.026602, 0.194015, -0.009549, -0.653818, 0.0, 0.0, 0.0, 1.0],
                [0.068624, 0.013232, 0.222266, 0.063709, 0.246169, 0.017277, -0.062993, 2.124482, -0.026602, 0.194015, -0.009549, -0.653818, 0.0, 0.0, 0.0, 1.0],
                [0.068624, 0.013232, 0.222266, 0.063709, 0.246169, 0.017277, -0.062993, 2.124482, -0.026602, 0.194015, -0.009549, -0.653818, 0.0, 0.0, 0.0, 1.0],
                [0.068624, 0.013232, 0.222266, 0.063709, 0.246169, 0.017277, -0.062993, 2.124482, -0.026602, 0.194015, -0.009549, -0.653818, 0.0, 0.0, 0.0, 1.0],
                [0.068624, 0.013232, 0.222266, 0.063709, 0.246169, 0.017277, -0.062993, 2.124482, -0.026602, 0.194015, -0.009549, -0.653818, 0.0, 0.0, 0.0, 1.0],
                [0.068624, 0.013232, 0.222266, 0.063709, 0.246169, 0.017277, -0.062993, 2.124482, -0.026602, 0.194015, -0.009549, -0.653818, 0.0, 0.0, 0.0, 1.0],
                [0.068624, 0.013232, 0.222266, 0.063709, 0.246169, 0.017277, -0.062993, 2.124482, -0.026602, 0.194015, -0.009549, -0.653818, 0.0, 0.0, 0.0, 1.0],
                [0.068624, 0.013232, 0.222266, 0.063709, 0.246169, 0.017277, -0.062993, 2.124482, -0.026602, 0.194015, -0.009549, -0.653818, 0.0, 0.0, 0.0, 1.0],
                [0.068624, 0.013232, 0.222266, 0.063709, 0.246169, 0.017277, -0.062993, 2.124482, -0.026602, 0.194015, -0.009549, -0.653818, 0.0, 0.0, 0.0, 1.0],
                [0.068624, 0.013232, 0.222266, 0.063709, 0.246169, 0.017277, -0.062993, 2.124482, -0.026602, 0.194015, -0.009549, -0.653818, 0.0, 0.0, 0.0, 1.0],
                [0.068624, 0.013232, 0.222266, 0.063709, 0.246169, 0.017277, -0.062993, 2.124482, -0.026602, 0.194015, -0.009549, -0.653818, 0.0, 0.0, 0.0, 1.0],
                [0.068624, 0.013232, 0.222266, 0.063709, 0.246169, 0.017277, -0.062993, 2.124482, -0.026602, 0.194015, -0.009549, -0.653818, 0.0, 0.0, 0.0, 1.0],
                [0.267087, 0.067773, 0.961286, 0.030753, 0.958095, 0.088496, -0.272439, 2.130432, -0.103534, 0.993768, -0.041297, 0.394305, 0.0, 0.0, 0.0, 1.0],
                [0.267087, 0.067773, 0.961286, 0.030753, 0.958095, 0.088496, -0.272439, 2.130432, -0.103534, 0.993768, -0.041297, 0.394305, 0.0, 0.0, 0.0, 1.0],
                [0.267087, 0.067773, 0.961286, 0.030753, 0.958095, 0.088496, -0.272439, 2.130432, -0.103534, 0.993768, -0.041297, 0.394305, 0.0, 0.0, 0.0, 1.0],
                [0.267087, 0.067773, 0.961286, 0.030753, 0.958095, 0.088496, -0.272439, 2.130432, -0.103534, 0.993768, -0.041297, 0.394305, 0.0, 0.0, 0.0, 1.0],
                [0.267087, 0.067773, 0.961286, 0.030753, 0.958095, 0.088496, -0.272439, 2.130432, -0.103534, 0.993768, -0.041297, 0.394305, 0.0, 0.0, 0.0, 1.0],
                [0.267087, 0.067773, 0.961286, 0.030753, 0.958095, 0.088496, -0.272439, 2.130432, -0.103534, 0.993768, -0.041297, 0.394305, 0.0, 0.0, 0.0, 1.0],
                [0.267087, 0.067773, 0.961286, 0.030753, 0.958095, 0.088496, -0.272439, 2.130432, -0.103534, 0.993768, -0.041297, 0.394305, 0.0, 0.0, 0.0, 1.0],
                [0.267087, 0.067773, 0.961286, 0.030753, 0.958095, 0.088496, -0.272439, 2.130432, -0.103534, 0.993768, -0.041297, 0.394305, 0.0, 0.0, 0.0, 1.0],
                [0.267087, 0.067773, 0.961286, 0.030753, 0.958095, 0.088496, -0.272439, 2.130432, -0.103534, 0.993768, -0.041297, 0.394305, 0.0, 0.0, 0.0, 1.0],
                [0.267087, 0.067773, 0.961286, 0.030753, 0.958095, 0.088496, -0.272439, 2.130432, -0.103534, 0.993768, -0.041297, 0.394305, 0.0, 0.0, 0.0, 1.0],
                [0.267087, 0.067773, 0.961286, 0.030753, 0.958095, 0.088496, -0.272439, 2.130432, -0.103534, 0.993768, -0.041297, 0.394305, 0.0, 0.0, 0.0, 1.0],
                [0.267087, 0.067773, 0.961286, 0.030753, 0.958095, 0.088496, -0.272439, 2.130432, -0.103534, 0.993768, -0.041297, 0.394305, 0.0, 0.0, 0.0, 1.0],
                [0.267087, 0.067773, 0.961286, 0.030753, 0.958095, 0.088496, -0.272439, 2.130432, -0.103534, 0.993768, -0.041297, 0.394305, 0.0, 0.0, 0.0, 1.0],
                [0.267087, 0.067773, 0.961286, 0.030753, 0.958095, 0.088496, -0.272439, 2.130432, -0.103534, 0.993768, -0.041297, 0.394305, 0.0, 0.0, 0.0, 1.0],
                [0.267087, 0.067773, 0.961286, 0.030753, 0.958095, 0.088496, -0.272439, 2.130432, -0.103534, 0.993768, -0.041297, 0.394305, 0.0, 0.0, 0.0, 1.0],
                [0.267087, 0.067773, 0.961286, 0.030753, 0.958095, 0.088496, -0.272439, 2.130432, -0.103534, 0.993768, -0.041297, 0.394305, 0.0, 0.0, 0.0, 1.0]
            ]
        },
        {
            "name": "Thigh_R",
            "time": [0.0, 0.0167, 0.0333, 0.05, 0.0667, 0.0833, 0.1, 0.1167, 0.1333, 0.15, 0.1667, 0.1833, 0.2, 0.2167, 0.2333, 0.25, 0.2667, 0.2833, 0.3, 0.3167, 0.3333, 0.35, 0.3667, 0.3833, 0.4, 0.4167, 0.4333, 0.45, 0.4667, 0.4833, 0.5, 0.5167, 0.5333, 0.55, 0.5667, 0.5833, 0.6, 0.6167, 0.6333, 0.65, 0.6667, 0.6833, 0.7, 0.7167, 0.7333, 0.75, 0.7667, 0.7833, 0.8, 0.8167, 0.8333, 0.85, 0.8667, 0.8833, 0.9, 0.9167, 0.9333, 0.95, 0.9667, 0.9833, 1.0, 1.0167, 1.0333, 1.05, 1.0667, 1.0833, 1.1],
            "transform": [
                [0.854399, 0.169845, -0.491075, 0.124994, 0.153683, -0.985387, -0.073424, -0.002831, -0.49637, -0.012736, -0.868018, -1.2e-05, 0.0, 0.0, 0.0, 1.0],
                [0.909584, 0.229416, -0.346446, 0.124994, 0.250485, -0.967976, 0.016648, -0.002831, -0.331533, -0.101922, -0.937922, -1.2e-05, 0.0, 0.0, 0.0, 1.0],
                [0.769611, 0.557644, 0.311014, 0.124994, 0.395927, -0.798921, 0.45273, -0.002831, 0.500939, -0.225287, -0.835648, -1.2e-05, 0.0, 0.0, 0.0, 1.0],
                [0.787858, 0.50893, 0.3468, 0.124994, 0.223077, -0.760706, 0.609559, -0.002831, 0.574036, -0.402882, -0.71286, -1.2e-05, 0.0, 0.0, 0.0, 1.0],
                [0.984591, 0.173254, -0.023718, 0.124994, 0.152906, -0.787161, 0.597491, -0.00283, 0.084848, -0.59191, -0.801525, -1.2e-05, 0.0, 0.0, 0.0, 1.0],
                [0.944723, -0.040361, -0.325376, 0.124994, 0.166002, -0.796913, 0.580837, -0.002831, -0.28274, -0.602742, -0.746163, -1.2e-05, 0.0, 0.0, 0.0, 1.0],
                [0.812534, -0.132607, -0.56763, 0.124994, 0.217112, -0.834867, 0.505824, -0.002831, -0.540972, -0.534238, -0.649569, -1.2e-05, 0.0, 0.0, 0.0, 1.0],
                [0.968865, 0.04384, -0.243674, 0.124994, 0.155733, -0.873028, 0.462134, -0.002831, -0.192474, -0.485693, -0.852676, -1.2e-05, 0.0, 0.0, 0.0, 1.0],
                [0.995407, 0.083509, -0.046796, 0.124994, 0.095472, -0.9017, 0.421688, -0.002831, -0.006981, -0.424218, -0.905533, -1.2e-05, 0.0, 0.0, 0.0, 1.0],
                [0.99607, 0.087531, -0.013485, 0.124994, 0.085469, -0.910152, 0.405359, -0.002831, 0.023208, -0.404918, -0.914058, -1.2e-05, 0.0, 0.0, 0.0, 1.0],
                [0.995358, 0.095688, -0.010343, 0.124994, 0.091639, -0.90938, 0.405744, -0.002831, 0.029419, -0.404808, -0.913928, -1.2e-05, 0.0, 0.0, 0.0, 1.0],
                [0.993262, 0.115751, -0.005745, 0.124994, 0.108245, -0.908854, 0.402821, -0.002831, 0.041406, -0.400728, -0.915262, -1.2e-05, 0.0, 0.0, 0.0, 1.0],
                [0.989604, 0.143809, 0.001383, 0.124994, 0.132143, -0.913037, 0.385874, -0.00283, 0.056755, -0.381679, -0.922551, -1.2e-05, 0.0, 0.0, 0.0, 1.0],
                [0.984409, 0.175505, 0.011658, 0.124994, 0.160144, -0.921709, 0.353277, -0.002831, 0.072747, -0.345901, -0.935447, -1.2e-05, 0.0, 0.0, 0.0, 1.0],
                [0.978199, 0.206125, 0.025255, 0.124994, 0.188715, -0.933084, 0.306166, -0.002831, 0.086673, -0.294725, -0.951643, -1.2e-05, 0.0, 0.0, 0.0, 1.0],
                [0.972115, 0.230777, 0.04165, 0.124994, 0.213804, -0.945168, 0.246861, -0.002831, 0.096336, -0.231072, -0.968156, -1.2e-05, 0.0, 0.0, 0.0, 1.0],
                [0.963332, 0.266805, 0.028389, 0.124994, 0.24493, -0.917645, 0.312945, -0.002831, 0.109546, -0.294517, -0.949347, -1.2e-05, 0.0, 0.0, 0.0, 1.0],
                [0.952728, 0.303748, 0.00675, 0.124994, 0.28826, -0.910717, 0.295802, -0.002831, 0.095997, -0.279873, -0.955226, -1.2e-05, 0.0, 0.0, 0.0, 1.0],
                [0.886884, 0.351244, -0.300104, 0.124994, 0.387672, -0.919142, 0.069896, -0.002831, -0.251288, -0.178332, -0.951343, -1.2e-05, 0.0, 0.0, 0.0, 1.0],
                [0.720839, 0.373278, -0.583999, 0.124994, 0.426402, -0.903098, -0.050925, -0.00283, -0.546417, -0.212309, -0.810156, -1.2e-05, 0.0, 0.0, 0.0, 1.0],
                [0.433585, 0.344669, -0.832591, 0.124994, 0.427441, -0.892061, -0.146693, -0.002831, -0.793283, -0.292279, -0.534111, -1.1e-05, 0.0, 0.0, 0.0, 1.0],
                [0.9197, 0.358586, -0.159894, 0.124994, 0.38031, -0.712459, 0.589716, -0.002831, 0.097546, -0.60317, -0.791624, -1.2e-05, 0.0, 0.0, 0.0, 1.0],
                [0.53046, 0.408309, 0.742897, 0.124994, -0.332973, -0.705561, 0.625548, -0.002831, 0.779577, -0.579192, -0.238317, -1.2e-05, 0.0, 0.0, 0.0, 1.0],
                [0.9492, 0.210851, 0.233583, 0.124994, -0.022807, -0.69425, 0.719372, -0.002831, 0.313846, -0.688154, -0.654174, -1.2e-05, 0.0, 0.0, 0.0, 1.0],
                [0.954959, 0.211706, 0.207925, 0.124994, -0.018298, -0.657357, 0.753356, -0.002831, 0.296172, -0.723228, -0.623877, -1.2e-05, 0.0, 0.0, 0.0, 1.0],
                [0.94503, 0.106978, 0.308986, 0.124994, -0.105218, -0.795213, 0.597129, -0.00283, 0.30959, -0.596815, -0.740247, -1.2e-05, 0.0, 0.0, 0.0, 1.0],
                [0.935704, -0.041034, 0.350392, 0.124994, -0.154651, -0.940403, 0.302858, -0.002831, 0.317083, -0.337573, -0.886286, -1.2e-05, 0.0, 0.0, 0.0, 1.0],
                [0.936097, -0.108296, 0.334655, 0.124994, -0.172588, -0.970434, 0.168728, -0.002831, 0.306488, -0.215703, -0.927113, -1.2e-05, 0.0, 0.0, 0.0, 1.0],
                [0.937085, -0.180887, 0.298581, 0.124994, -0.237021, -0.957604, 0.163742, -0.002831, 0.256304, -0.22421, -0.940233, -1.2e-05, 0.0, 0.0, 0.0, 1.0],
                [0.863649, -0.39042, 0.318876, 0.124994, -0.428846, -0.901533, 0.057688, -0.002831, 0.264954, -0.186571, -0.94604, -1.2e-05, 0.0, 0.0, 0.0, 1.0],
                [0.881356, -0.382244, 0.277669, 0.124994, -0.451075, -0.855597, 0.253933, -0.002831, 0.140509, -0.349055, -0.926508, -1.2e-05, 0.0, 0.0, 0.0, 1.0],
                [0.796098, 0.069846, -0.601125, 0.118157, -0.039835, -0.985113, -0.167218, -0.004088, -0.603855, 0.157067, -0.781466, -0.012665, 0.0, 0.0, 0.0, 1.0],
                [0.513723, 0.4356, -0.739149, 0.102403, 0.036157, -0.871748, -0.488617, -0.006986, -0.857193, 0.224288, -0.463588, -0.041822, 0.0, 0.0, 0.0, 1.0],
                [0.473526, 0.519763, -0.711069, 0.084865, 0.025382, -0.815033, -0.578857, -0.010211, -0.880414, 0.256055, -0.399133, -0.07428, 0.0, 0.0, 0.0, 1.0],
                [0.389104, 0.708169, -0.589146, 0.074089, 0.147809, -0.679254, -0.718864, -0.012193, -0.909258, 0.192631, -0.368976, -0.094223, 0.0, 0.0, 0.0, 1.0],
                [0.268109, 0.349645, -0.8977, 0.070819, 0.23645, -0.927195, -0.290516, -0.012793, -0.933921, -0.13437, -0.331264, -0.100274, 0.0, 0.0, 0.0, 1.0],
                [1.043887, 0.287838, -0.367553, 0.124989, 0.076843, -0.797333, 0.242154, -0.00283, -0.160077, -0.471774, -0.884092, -1.2e-05, 0.0, 0.0, 0.0, 1.0],
                [1.043887, 0.287838, -0.367553, 0.124989, 0.076843, -0.797333, 0.242154, -0.00283, -0.160076, -0.471774, -0.884092, -1.2e-05, 0.0, 0.0, 0.0, 1.0],
                [1.043887, 0.287838, -0.367553, 0.124989, 0.076843, -0.797333, 0.242154, -0.00283, -0.160076, -0.471774, -0.884092, -1.2e-05, 0.0, 0.0, 0.0, 1.0],
                [1.043887, 0.287838, -0.367553, 0.124989, 0.076843, -0.797333, 0.242154, -0.00283, -0.160077, -0.471774, -0.884092, -1.2e-05, 0.0, 0.0, 0.0, 1.0],
                [1.043887, 0.287838, -0.367553, 0.124989, 0.076843, -0.797333, 0.242154, -0.00283, -0.160076, -0.471774, -0.884092, -1.2e-05, 0.0, 0.0, 0.0, 1.0],
                [1.043887, 0.287838, -0.367553, 0.124989, 0.076843, -0.797333, 0.242154, -0.00283, -0.160077, -0.471774, -0.884092, -1.2e-05, 0.0, 0.0, 0.0, 1.0],
                [1.043887, 0.287838, -0.367553, 0.124989, 0.076843, -0.797333, 0.242154, -0.00283, -0.160076, -0.471774, -0.884092, -1.2e-05, 0.0, 0.0, 0.0, 1.0],
                [1.043887, 0.287838, -0.367553, 0.124989, 0.076843, -0.797333, 0.242154, -0.00283, -0.160077, -0.471774, -0.884092, -1.2e-05, 0.0, 0.0, 0.0, 1.0],
                [1.043887, 0.287838, -0.367553, 0.124989, 0.076843, -0.797333, 0.242154, -0.00283, -0.160076, -0.471774, -0.884092, -1.2e-05, 0.0, 0.0, 0.0, 1.0],
                [1.043887, 0.287838, -0.367553, 0.124989, 0.076843, -0.797333, 0.242154, -0.00283, -0.160077, -0.471774, -0.884092, -1.2e-05, 0.0, 0.0, 0.0, 1.0],
                [1.043887, 0.287838, -0.367553, 0.124989, 0.076843, -0.797333, 0.242154, -0.00283, -0.160076, -0.471774, -0.884092, -1.2e-05, 0.0, 0.0, 0.0, 1.0],
                [1.043887, 0.287838, -0.367553, 0.124989, 0.076843, -0.797333, 0.242154, -0.00283, -0.160077, -0.471774, -0.884092, -1.2e-05, 0.0, 0.0, 0.0, 1.0],
                [1.043887, 0.287838, -0.367553, 0.124989, 0.076843, -0.797333, 0.242154, -0.00283, -0.160076, -0.471774, -0.884092, -1.2e-05, 0.0, 0.0, 0.0, 1.0],
                [1.043887, 0.287838, -0.367553, 0.124989, 0.076843, -0.797333, 0.242154, -0.00283, -0.160077, -0.471774, -0.884092, -1.2e-05, 0.0, 0.0, 0.0, 1.0],
                [1.043887, 0.287838, -0.367553, 0.124989, 0.076843, -0.797333, 0.242154, -0.00283, -0.160076, -0.471774, -0.884092, -1.2e-05, 0.0, 0.0, 0.0, 1.0],
                [0.884809, 0.371688, -0.280998, 0.124993, 0.404109, -0.912351, 0.065654, -0.002831, -0.231966, -0.171644, -0.95746, -1.2e-05, 0.0, 0.0, 0.0, 1.0],
                [0.884809, 0.371688, -0.280998, 0.124993, 0.404109, -0.912351, 0.065654, -0.002831, -0.231966, -0.171644, -0.95746, -1.2e-05, 0.0, 0.0, 0.0, 1.0],
                [0.884809, 0.371688, -0.280998, 0.124993, 0.404109, -0.912351, 0.065654, -0.002831, -0.231966, -0.171645, -0.95746, -1.2e-05, 0.0, 0.0, 0.0, 1.0],
                [0.884809, 0.371688, -0.280998, 0.124993, 0.404109, -0.912351, 0.065654, -0.002831, -0.231966, -0.171644, -0.95746, -1.2e-05, 0.0, 0.0, 0.0, 1.0],
                [0.884809, 0.371688, -0.280998, 0.124993, 0.404109, -0.912351, 0.065654, -0.002831, -0.231966, -0.171645, -0.95746, -1.2e-05, 0.0, 0.0, 0.0, 1.0],
                [0.884809, 0.371688, -0.280998, 0.124993, 0.404109, -0.912351, 0.065654, -0.002831, -0.231966, -0.171644, -0.95746, -1.2e-05, 0.0, 0.0, 0.0, 1.0],
                [0.884809, 0.371688, -0.280998, 0.124993, 0.404109, -0.912351, 0.065654, -0.002831, -0.231966, -0.171645, -0.95746, -1.2e-05, 0.0, 0.0, 0.0, 1.0],
                [0.884809, 0.371688, -0.280998, 0.124993, 0.404109, -0.912351, 0.065654, -0.002831, -0.231966, -0.171644, -0.95746, -1.2e-05, 0.0, 0.0, 0.0, 1.0],
                [0.884809, 0.371688, -0.280998, 0.124993, 0.404109, -0.912351, 0.065654, -0.002831, -0.231966, -0.171644, -0.95746, -1.2e-05, 0.0, 0.0, 0.0, 1.0],
                [0.884809, 0.371688, -0.280998, 0.124993, 0.404109, -0.912351, 0.065654, -0.002831, -0.231966, -0.171644, -0.95746, -1.2e-05, 0.0, 0.0, 0.0, 1.0],
                [0.884809, 0.371688, -0.280998, 0.124993, 0.404109, -0.912351, 0.065654, -0.002831, -0.231966, -0.171644, -0.95746, -1.2e-05, 0.0, 0.0, 0.0, 1.0],
                [0.884809, 0.371688, -0.280998, 0.124993, 0.404109, -0.912351, 0.065654, -0.002831, -0.231966, -0.171644, -0.95746, -1.2e-05, 0.0, 0.0, 0.0, 1.0],
                [0.884809, 0.371688, -0.280998, 0.124993, 0.404109, -0.912351, 0.065654, -0.002831, -0.231966, -0.171644, -0.95746, -1.2e-05, 0.0, 0.0, 0.0, 1.0],
                [0.884809, 0.371688, -0.280998, 0.124993, 0.404109, -0.912351, 0.065654, -0.002831, -0.231966, -0.171644, -0.95746, -1.2e-05, 0.0, 0.0, 0.0, 1.0],
                [0.884809, 0.371688, -0.280998, 0.124993, 0.404109, -0.912351, 0.065654, -0.002831, -0.231966, -0.171644, -0.95746, -1.2e-05, 0.0, 0.0, 0.0, 1.0],
                [0.884809, 0.371688, -0.280998, 0.124993, 0.404109, -0.912351, 0.065654, -0.002831, -0.231966, -0.171644, -0.95746, -1.2e-05, 0.0, 0.0, 0.0, 1.0]
            ]
        },
        {
            "name": "Leg_R",
            "time": [0.0, 0.0167, 0.0333, 0.05, 0.0667, 0.0833, 0.1, 0.1167, 0.1333, 0.15, 0.1667, 0.1833, 0.2, 0.2167, 0.2333, 0.25, 0.2667, 0.2833, 0.3, 0.3167, 0.3333, 0.35, 0.3667, 0.3833, 0.4, 0.4167, 0.4333, 0.45, 0.4667, 0.4833, 0.5, 0.5167, 0.5333, 0.55, 0.5667, 0.5833, 0.6, 0.6167, 0.6333, 0.65, 0.6667, 0.6833, 0.7, 0.7167, 0.7333, 0.75, 0.7667, 0.7833, 0.8, 0.8167, 0.8333, 0.85, 0.8667, 0.8833, 0.9, 0.9167, 0.9333, 0.95, 0.9667, 0.9833, 1.0, 1.0167, 1.0333, 1.05, 1.0667, 1.0833, 1.1],
            "transform": [
                [1.0, -1e-06, 1e-06, 0.0, -0.0, 0.644346, 0.764735, 0.374726, -1e-06, -0.764738, 0.644341, 0.0, 0.0, 0.0, 0.0, 1.0],
                [1.0, -1e-06, 1e-06, 0.0, -0.0, 0.613254, 0.789886, 0.374726, -1e-06, -0.789889, 0.613249, 0.0, 0.0, 0.0, 0.0, 1.0],
                [1.0, -0.0, 1e-06, -0.0, -0.0, 0.537032, 0.843561, 0.374726, -1e-06, -0.843564, 0.537028, 0.0, 0.0, 0.0, 0.0, 1.0],
                [1.0, -1e-06, 1e-06, -0.0, -0.0, 0.496602, 0.867978, 0.374726, -1e-06, -0.86798, 0.496599, 0.0, 0.0, 0.0, 0.0, 1.0],
                [1.0, -1e-06, 1e-06, 0.0, -0.0, 0.54133, 0.84081, 0.374726, -1e-06, -0.840812, 0.541327, 0.0, 0.0, 0.0, 0.0, 1.0],
                [1.0, -1e-06, 1e-06, -0.0, -0.0, 0.588271, 0.808664, 0.374726, -1e-06, -0.808667, 0.588267, -0.0, 0.0, 0.0, 0.0, 1.0],
                [1.0, -0.0, 1e-06, 0.0, -0.0, 0.735901, 0.67709, 0.374726, -1e-06, -0.677094, 0.735895, -0.0, 0.0, 0.0, 0.0, 1.0],
                [1.0, -0.0, 1e-06, 0.0, -0.0, 0.946581, 0.322476, 0.374726, -1e-06, -0.322478, 0.946573, -0.0, 0.0, 0.0, 0.0, 1.0],
                [1.0, -0.0, 1e-06, -0.0, -0.0, 0.983975, 0.178327, 0.374726, -1e-06, -0.178328, 0.983967, 0.0, 0.0, 0.0, 0.0, 1.0],
                [1.000001, -0.0, 1e-06, -0.0, -0.0, 0.99052, 0.137405, 0.374726, -1e-06, -0.137406, 0.990511, -0.0, 0.0, 0.0, 0.0, 1.0],
                [1.0, -0.0, 1e-06, -0.0, -0.0, 0.98624, 0.165346, 0.374726, -1e-06, -0.165347, 0.986231, 0.0, 0.0, 0.0, 0.0, 1.0],
                [1.0, -0.0, 1e-06, -0.0, -0.0, 0.974014, 0.226508, 0.374726, -1e-06, -0.226509, 0.974004, 0.0, 0.0, 0.0, 0.0, 1.0],
                [1.0, -0.0, 1e-06, -0.0, -0.0, 0.956974, 0.290186, 0.374726, -1e-06, -0.290188, 0.956967, -0.0, 0.0, 0.0, 0.0, 1.0],
                [1.0, -0.0, 1e-06, 0.0, -0.0, 0.938093, 0.346393, 0.374726, -1e-06, -0.346395, 0.938086, -0.0, 0.0, 0.0, 0.0, 1.0],
                [1.0, -0.0, 1e-06, 0.0, -0.0, 0.920108, 0.391674, 0.374726, -1e-06, -0.391676, 0.920099, -0.0, 0.0, 0.0, 0.0, 1.0],
                [1.0, -0.0, 1e-06, 0.0, -0.0, 0.905226, 0.424938, 0.374726, -1e-06, -0.424941, 0.905217, -0.0, 0.0, 0.0, 0.0, 1.0],
                [1.0, -0.0, 1e-06, -0.0, -0.0, 0.770775, 0.637109, 0.374726, -1e-06, -0.637112, 0.770769, 0.0, 0.0, 0.0, 0.0, 1.0],
                [1.0, -0.0, 1e-06, 0.0, -0.0, 0.893353, 0.449361, 0.374726, -1e-06, -0.449364, 0.893345, -0.0, 0.0, 0.0, 0.0, 1.0],
                [1.0, -0.0, 1e-06, 0.0, -0.0, 0.999993, 0.004686, 0.374726, -1e-06, -0.004687, 0.999984, 0.0, 0.0, 0.0, 0.0, 1.0],
                [1.0, -0.0, 1e-06, -0.0, -0.0, 0.999994, 0.00468, 0.374726, -1e-06, -0.004681, 0.999984, -0.0, 0.0, 0.0, 0.0, 1.0],
                [1.0, -0.0, 1e-06, -0.0, -0.0, 0.990042, 0.140806, 0.374726, -1e-06, -0.140807, 0.990032, -0.0, 0.0, 0.0, 0.0, 1.0],
                [1.0, -0.0, 1e-06, -0.0, -0.0, 0.905711, 0.423902, 0.374726, -1e-06, -0.423904, 0.905704, -0.0, 0.0, 0.0, 0.0, 1.0],
                [1.0, -0.0, 1e-06, 0.0, -0.0, 0.90988, 0.414878, 0.374726, -1e-06, -0.41488, 0.909872, 0.0, 0.0, 0.0, 0.0, 1.0],
                [1.0, -0.0, 1e-06, -0.0, -0.0, 0.8668, 0.498661, 0.374726, -1e-06, -0.498663, 0.866793, 1e-06, 0.0, 0.0, 0.0, 1.0],
                [1.0, -1e-06, 1e-06, -0.0, -0.0, 0.632078, 0.774905, 0.374726, -1e-06, -0.774908, 0.632073, 0.0, 0.0, 0.0, 0.0, 1.0],
                [1.000001, -0.0, 1e-06, 0.0, -0.0, 0.676417, 0.73652, 0.374726, -1e-06, -0.736523, 0.676412, 0.0, 0.0, 0.0, 0.0, 1.0],
                [1.0, -0.0, 1e-06, -0.0, -0.0, 0.895627, 0.444811, 0.374726, -1e-06, -0.444814, 0.89562, -0.0, 0.0, 0.0, 0.0, 1.0],
                [1.0, -0.0, 1e-06, -0.0, -0.0, 0.929152, 0.369708, 0.374726, -1e-06, -0.369711, 0.929143, 0.0, 0.0, 0.0, 0.0, 1.0],
                [1.000001, -0.0, 1e-06, 0.0, -0.0, 0.90882, 0.417197, 0.374726, -1e-06, -0.417199, 0.908811, 1e-06, 0.0, 0.0, 0.0, 1.0],
                [1.0, -0.0, 1e-06, -0.0, -0.0, 0.966944, 0.255, 0.374726, -1e-06, -0.255001, 0.966937, -0.0, 0.0, 0.0, 0.0, 1.0],
                [1.0, -1e-06, 1e-06, 0.0, -0.0, 0.639292, 0.768964, 0.374726, -1e-06, -0.768967, 0.639287, -0.0, 0.0, 0.0, 0.0, 1.0],
                [1.0, -0.0, 1e-06, -0.0, -0.0, 0.904499, 0.426485, 0.374726, -1e-06, -0.426487, 0.90449, -0.0, 0.0, 0.0, 0.0, 1.0],
                [1.000001, -0.0, 1e-06, 0.0, 0.0, 0.999993, 0.004814, 0.374727, -1e-06, -0.004814, 0.999984, -0.0, 0.0, 0.0, 0.0, 1.0],
                [1.0, -0.0, 1e-06, -0.0, -0.0, 0.999993, 0.00497, 0.374726, -1e-06, -0.00497, 0.999982, 0.0, 0.0, 0.0, 0.0, 1.0],
                [1.0, -0.0, 1e-06, 0.0, -0.0, 0.999994, 0.004749, 0.374726, -1e-06, -0.004749, 0.999983, 1e-06, 0.0, 0.0, 0.0, 1.0],
                [1.0, -1e-06, 0.0, -0.0, -0.0, 0.295571, 0.95532, 0.374726, -1e-06, -0.955322, 0.295569, -0.0, 0.0, 0.0, 0.0, 1.0],
                [0.999124, 0.000963, -0.001692, -0.0, 0.003216, -0.409986, 0.978161, 0.374726, 0.000294, -0.950858, -0.334375, -0.0, 0.0, 0.0, 0.0, 1.0],
                [0.999124, 0.000963, -0.001692, 1e-06, 0.003216, -0.409986, 0.978162, 0.374726, 0.000294, -0.950858, -0.334375, 0.0, 0.0, 0.0, 0.0, 1.0],
                [0.999124, 0.000963, -0.001692, -1e-06, 0.003216, -0.409987, 0.978162, 0.374726, 0.000294, -0.950857, -0.334375, -0.0, 0.0, 0.0, 0.0, 1.0],
                [0.999124, 0.000963, -0.001692, 0.0, 0.003216, -0.409987, 0.978162, 0.374727, 0.000294, -0.950858, -0.334375, -0.0, 0.0, 0.0, 0.0, 1.0],
                [0.999123, 0.000963, -0.001692, -1e-06, 0.003216, -0.409987, 0.978161, 0.374726, 0.000294, -0.950857, -0.334375, -0.0, 0.0, 0.0, 0.0, 1.0],
                [0.999124, 0.000963, -0.001692, 0.0, 0.003216, -0.409987, 0.978162, 0.374726, 0.000294, -0.950858, -0.334376, -0.0, 0.0, 0.0, 0.0, 1.0],
                [0.999123, 0.000963, -0.001692, -1e-06, 0.003216, -0.409987, 0.978161, 0.374726, 0.000294, -0.950858, -0.334375, -0.0, 0.0, 0.0, 0.0, 1.0],
                [0.999124, 0.000963, -0.001692, 0.0, 0.003216, -0.409987, 0.978162, 0.374727, 0.000294, -0.950858, -0.334375, -0.0, 0.0, 0.0, 0.0, 1.0],
                [0.999123, 0.000963, -0.001692, -1e-06, 0.003216, -0.409987, 0.978161, 0.374726, 0.000294, -0.950857, -0.334375, -0.0, 0.0, 0.0, 0.0, 1.0],
                [0.999124, 0.000963, -0.001692, 0.0, 0.003216, -0.409987, 0.978162, 0.374726, 0.000294, -0.950858, -0.334376, -0.0, 0.0, 0.0, 0.0, 1.0],
                [0.999123, 0.000963, -0.001692, -1e-06, 0.003216, -0.409987, 0.978161, 0.374726, 0.000294, -0.950858, -0.334375, -0.0, 0.0, 0.0, 0.0, 1.0],
                [0.999124, 0.000963, -0.001692, 0.0, 0.003216, -0.409987, 0.978162, 0.374727, 0.000294, -0.950858, -0.334375, -0.0, 0.0, 0.0, 0.0, 1.0],
                [0.999123, 0.000963, -0.001692, -1e-06, 0.003216, -0.409987, 0.978162, 0.374726, 0.000294, -0.950857, -0.334375, -0.0, 0.0, 0.0, 0.0, 1.0],
                [0.999124, 0.000963, -0.001692, 0.0, 0.003216, -0.409986, 0.978161, 0.374727, 0.000294, -0.950857, -0.334375, 0.0, 0.0, 0.0, 0.0, 1.0],
                [0.999123, 0.000963, -0.001692, -1e-06, 0.003216, -0.409987, 0.978161, 0.374726, 0.000294, -0.950857, -0.334375, -0.0, 0.0, 0.0, 0.0, 1.0],
                [1.0, -1e-06, 0.0, -0.0, -0.0, -0.097647, 0.99522, 0.374726, -1e-06, -0.995222, -0.097647, -0.0, 0.0, 0.0, 0.0, 1.0],
                [1.0, -1e-06, 0.0, 0.0, -0.0, -0.097647, 0.99522, 0.374726, -1e-06, -0.995222, -0.097647, -0.0, 0.0, 0.0, 0.0, 1.0],
                [1.0, -1e-06, 0.0, -0.0, -0.0, -0.097647, 0.99522, 0.374726, -1e-06, -0.995222, -0.097647, -0.0, 0.0, 0.0, 0.0, 1.0],
                [1.0, -1e-06, 0.0, 0.0, -0.0, -0.097647, 0.99522, 0.374726, -1e-06, -0.995222, -0.097647, -0.0, 0.0, 0.0, 0.0, 1.0],
                [1.0, -1e-06, 0.0, -0.0, -0.0, -0.097647, 0.99522, 0.374726, -1e-06, -0.995222, -0.097647, -0.0, 0.0, 0.0, 0.0, 1.0],
                [1.0, -1e-06, 0.0, 0.0, -0.0, -0.097647, 0.99522, 0.374726, -1e-06, -0.995222, -0.097647, -0.0, 0.0, 0.0, 0.0, 1.0],
                [1.0, -1e-06, 0.0, -0.0, -0.0, -0.097647, 0.99522, 0.374726, -1e-06, -0.995222, -0.097647, -0.0, 0.0, 0.0, 0.0, 1.0],
                [1.0, -1e-06, 0.0, -0.0, -0.0, -0.097647, 0.99522, 0.374726, -1e-06, -0.995222, -0.097647, -0.0, 0.0, 0.0, 0.0, 1.0],
                [1.0, -1e-06, 0.0, 0.0, -0.0, -0.097647, 0.99522, 0.374726, -1e-06, -0.995222, -0.097647, -0.0, 0.0, 0.0, 0.0, 1.0],
                [1.0, -1e-06, 0.0, 0.0, -0.0, -0.097647, 0.99522, 0.374726, -1e-06, -0.995222, -0.097647, 0.0, 0.0, 0.0, 0.0, 1.0],
                [1.0, -1e-06, 0.0, -0.0, -0.0, -0.097647, 0.99522, 0.374726, -1e-06, -0.995222, -0.097647, -0.0, 0.0, 0.0, 0.0, 1.0],
                [1.0, -1e-06, 0.0, 0.0, -0.0, -0.097647, 0.99522, 0.374726, -1e-06, -0.995222, -0.097647, 0.0, 0.0, 0.0, 0.0, 1.0],
                [1.0, -1e-06, 0.0, -0.0, -0.0, -0.097647, 0.99522, 0.374726, -1e-06, -0.995222, -0.097647, 0.0, 0.0, 0.0, 0.0, 1.0],
                [1.0, -1e-06, 0.0, 0.0, -0.0, -0.097647, 0.99522, 0.374726, -1e-06, -0.995222, -0.097647, 0.0, 0.0, 0.0, 0.0, 1.0],
                [1.0, -1e-06, 0.0, 0.0, -0.0, -0.097647, 0.99522, 0.374726, -1e-06, -0.995222, -0.097647, -0.0, 0.0, 0.0, 0.0, 1.0],
                [1.0, -1e-06, 0.0, 0.0, -0.0, -0.097647, 0.99522, 0.374726, -1e-06, -0.995222, -0.097647, 0.0, 0.0, 0.0, 0.0, 1.0]
            ]
        },
        {
            "name": "Knee_R",
            "time": [0.0, 1.1],
            "transform": [
                [1.0, 0.0, -0.0, -0.0, -0.0, 0.00567, -0.999984, 0.409988, -0.0, 0.999984, 0.00567, -0.0002, 0.0, 0.0, 0.0, 1.0],
                [1.0, 0.0, -0.0, 0.0, -0.0, 0.00567, -0.999984, 0.484724, -0.0, 0.999984, 0.00567, -0.000624, 0.0, 0.0, 0.0, 1.0]
            ]
        },
        {
            "name": "Thigh_L",
            "time": [0.0, 0.0167, 0.0333, 0.05, 0.0667, 0.0833, 0.1, 0.1167, 0.1333, 0.15, 0.1667, 0.1833, 0.2, 0.2167, 0.2333, 0.25, 0.2667, 0.2833, 0.3, 0.3167, 0.3333, 0.35, 0.3667, 0.3833, 0.4, 0.4167, 0.4333, 0.45, 0.4667, 0.4833, 0.5, 0.5167, 0.5333, 0.55, 0.5667, 0.5833, 0.6, 0.6167, 0.6333, 0.65, 0.6667, 0.6833, 0.7, 0.7167, 0.7333, 0.75, 0.7667, 0.7833, 0.8, 0.8167, 0.8333, 0.85, 0.8667, 0.8833, 0.9, 0.9167, 0.9333, 0.95, 0.9667, 0.9833, 1.0, 1.0167, 1.0333, 1.05, 1.0667, 1.0833, 1.1],
            "transform": [
                [0.957592, -0.251522, -0.14055, -0.125006, -0.058888, -0.648357, 0.759055, -0.002831, -0.282046, -0.718588, -0.635673, -1.2e-05, 0.0, 0.0, 0.0, 1.0],
                [0.990585, -0.114142, 0.075588, -0.125006, -0.132978, -0.670988, 0.729446, -0.002831, -0.032542, -0.73263, -0.679849, -1.2e-05, 0.0, 0.0, 0.0, 1.0],
                [0.928709, 0.045505, 0.368005, -0.125006, -0.199535, -0.775175, 0.599407, -0.002831, 0.312544, -0.630105, -0.710833, -1.2e-05, 0.0, 0.0, 0.0, 1.0],
                [0.968803, -0.032804, 0.245651, -0.125006, -0.127897, -0.91519, 0.382188, -0.002831, 0.21228, -0.401684, -0.890835, -1.2e-05, 0.0, 0.0, 0.0, 1.0],
                [0.979179, -0.04713, -0.197446, -0.125006, -0.02786, -0.994671, 0.099263, -0.00283, -0.201072, -0.091696, -0.975275, -1.2e-05, 0.0, 0.0, 0.0, 1.0],
                [0.867001, 0.056976, -0.495038, -0.125006, 0.024179, -0.997081, -0.072412, -0.002831, -0.49772, 0.050811, -0.865848, -1.2e-05, 0.0, 0.0, 0.0, 1.0],
                [0.739781, 0.079414, -0.668145, -0.125006, 0.05579, -0.996831, -0.05671, -0.002831, -0.670531, 0.004677, -0.741866, -1.2e-05, 0.0, 0.0, 0.0, 1.0],
                [0.844834, -0.04457, -0.533169, -0.125006, -0.001356, -0.996699, 0.081171, -0.002831, -0.535027, -0.067853, -0.842106, -1.2e-05, 0.0, 0.0, 0.0, 1.0],
                [0.889297, -0.092855, -0.447804, -0.125006, -0.061292, -0.994536, 0.084502, -0.002831, -0.453203, -0.0477, -0.890129, -1.2e-05, 0.0, 0.0, 0.0, 1.0],
                [0.894412, -0.107226, -0.434199, -0.125006, -0.070995, -0.992564, 0.098873, -0.002831, -0.441572, -0.057608, -0.895374, -1.2e-05, 0.0, 0.0, 0.0, 1.0],
                [0.89751, -0.114552, -0.425855, -0.125006, -0.073114, -0.990961, 0.112469, -0.00283, -0.43489, -0.069806, -0.897774, -1.2e-05, 0.0, 0.0, 0.0, 1.0],
                [0.905072, -0.116971, -0.408855, -0.125006, -0.080809, -0.991216, 0.104695, -0.002831, -0.41751, -0.061717, -0.906574, -1.2e-05, 0.0, 0.0, 0.0, 1.0],
                [0.917492, -0.120252, -0.379141, -0.125006, -0.098902, -0.992239, 0.075372, -0.00283, -0.385262, -0.031656, -0.922264, -1.2e-05, 0.0, 0.0, 0.0, 1.0],
                [0.934699, -0.131367, -0.330271, -0.125006, -0.129864, -0.991172, 0.026716, -0.00283, -0.330865, 0.017919, -0.943508, -1.2e-05, 0.0, 0.0, 0.0, 1.0],
                [0.955021, -0.155039, -0.252778, -0.125006, -0.17084, -0.984417, -0.041668, -0.002831, -0.242379, 0.082978, -0.966627, -1.2e-05, 0.0, 0.0, 0.0, 1.0],
                [0.973255, -0.188717, -0.130996, -0.125006, -0.206738, -0.968147, -0.141244, -0.002831, -0.100168, 0.164548, -0.981269, -1.2e-05, 0.0, 0.0, 0.0, 1.0],
                [0.802677, -0.037898, 0.595209, -0.125006, -0.012497, -0.998828, -0.046745, -0.002831, 0.596283, 0.030083, -0.80221, -1.2e-05, 0.0, 0.0, 0.0, 1.0],
                [0.453912, 0.006357, 0.891023, -0.125006, 0.200615, -0.975029, -0.095243, -0.002831, 0.868169, 0.221984, -0.443853, -1.2e-05, 0.0, 0.0, 0.0, 1.0],
                [0.852871, 0.059679, 0.518699, -0.125006, -0.352663, -0.666731, 0.656579, -0.002831, 0.385018, -0.742904, -0.54759, -1.2e-05, 0.0, 0.0, 0.0, 1.0],
                [0.928801, 0.081328, 0.361544, -0.125007, -0.266908, -0.529992, 0.804902, -0.002831, 0.257077, -0.844093, -0.47055, -1.2e-05, 0.0, 0.0, 0.0, 1.0],
                [0.999227, 0.019385, 0.034197, -0.125006, -0.016172, -0.590186, 0.807106, -0.002831, 0.035829, -0.807035, -0.589415, -1.1e-05, 0.0, 0.0, 0.0, 1.0],
                [0.998796, 0.047908, -0.010538, -0.125006, 0.018722, -0.17374, 0.984613, -0.002831, 0.04534, -0.983625, -0.174428, -1.2e-05, 0.0, 0.0, 0.0, 1.0],
                [0.502474, -0.319191, 0.803514, -0.125006, -0.787825, -0.551873, 0.273435, -0.002831, 0.35616, -0.770423, -0.52877, -1.2e-05, 0.0, 0.0, 0.0, 1.0],
                [0.785288, -0.618528, 0.027291, -0.125006, -0.618206, -0.785762, -0.019999, -0.002831, 0.033814, -0.001166, -0.999427, -1.2e-05, 0.0, 0.0, 0.0, 1.0],
                [0.748843, -0.650803, -0.125259, -0.125006, -0.66224, -0.742178, -0.103002, -0.002831, -0.025931, 0.160083, -0.986763, -1.3e-05, 0.0, 0.0, 0.0, 1.0],
                [0.749032, -0.661085, -0.043778, -0.125006, -0.661374, -0.742182, -0.108392, -0.00283, 0.039165, 0.110142, -0.993143, -1.2e-05, 0.0, 0.0, 0.0, 1.0],
                [0.768512, -0.639823, -0.00398, -0.125006, -0.637467, -0.765117, -0.090731, -0.002831, 0.055007, 0.072265, -0.995867, -1.2e-05, 0.0, 0.0, 0.0, 1.0],
                [0.780403, -0.624096, -0.03841, -0.125006, -0.624709, -0.775605, -0.090413, -0.002831, 0.026636, 0.094554, -0.995164, -1.2e-05, 0.0, 0.0, 0.0, 1.0],
                [0.832568, -0.546057, -0.093017, -0.125006, -0.551537, -0.801641, -0.230603, -0.002831, 0.051356, 0.243294, -0.968591, -1.2e-05, 0.0, 0.0, 0.0, 1.0],
                [0.962992, 0.180943, 0.199762, -0.125006, 0.252891, -0.862945, -0.43746, -0.002831, 0.093228, 0.471788, -0.876769, -1.2e-05, 0.0, 0.0, 0.0, 1.0],
                [0.927625, 0.301749, -0.220132, -0.125006, 0.186948, -0.885311, -0.425762, -0.00283, -0.323359, 0.353795, -0.877649, -1.1e-05, 0.0, 0.0, 0.0, 1.0],
                [0.777918, -0.021841, -0.627986, -0.111231, -0.102188, -0.990489, -0.092137, -0.000255, -0.620001, 0.135847, -0.77275, 0.01718, 0.0, 0.0, 0.0, 1.0],
                [0.561376, -0.306191, -0.768833, -0.079488, -0.34803, -0.930235, 0.11635, 0.00568, -0.75082, 0.202261, -0.628775, 0.056797, 0.0, 0.0, 0.0, 1.0],
                [0.357848, -0.316744, -0.878418, -0.04415, -0.470108, -0.873911, 0.123607, 0.012288, -0.80681, 0.368718, -0.461631, 0.100899, 0.0, 0.0, 0.0, 1.0],
                [0.386467, -0.145671, -0.910726, -0.022439, -0.507693, -0.85798, -0.078206, 0.016346, -0.769994, 0.492594, -0.405537, 0.127996, 0.0, 0.0, 0.0, 1.0],
                [0.281125, -0.081899, -0.956171, -0.015851, -0.472138, -0.879234, -0.063505, 0.017581, -0.835497, 0.469296, -0.285842, 0.136218, 0.0, 0.0, 0.0, 1.0],
                [0.988026, -0.286208, -0.056896, -0.12501, 0.017123, 0.033755, 1.183592, -0.002831, -0.215597, -0.783334, 0.029045, -1.2e-05, 0.0, 0.0, 0.0, 1.0],
                [0.988026, -0.286208, -0.056896, -0.12501, 0.017123, 0.033755, 1.183592, -0.002831, -0.215597, -0.783334, 0.029045, -1.2e-05, 0.0, 0.0, 0.0, 1.0],
                [0.988026, -0.286208, -0.056896, -0.12501, 0.017123, 0.033755, 1.183592, -0.002831, -0.215597, -0.783334, 0.029045, -1.2e-05, 0.0, 0.0, 0.0, 1.0],
