{
    "animation": [
        {
            "name": "Root",
            "time": [0.0, 0.0167, 0.0333, 0.05, 0.0667, 0.0833, 0.1, 0.1167, 0.1333, 0.15, 0.1667, 0.1833, 0.2, 0.2167, 0.2333, 0.25, 0.2667, 0.2833, 0.3, 0.3167, 0.3333, 0.35, 0.3667, 0.3833, 0.4, 0.4167, 0.4333, 0.45, 0.4667, 0.4833, 0.5, 0.5167, 0.5333, 0.55, 0.5667, 0.5833, 0.6, 0.6167, 0.6333, 0.65, 0.6667],
            "transform": [
                [0.267087, 0.067773, 0.961286, -0.119824, 0.958095, 0.088496, -0.272439, -0.139929, -0.103534, 0.993768, -0.041297, 0.394305, 0.0, 0.0, 0.0, 1.0],
                [0.267087, 0.067773, 0.961286, -0.119824, 0.958095, 0.088496, -0.272439, -0.139929, -0.103534, 0.993768, -0.041297, 0.394305, 0.0, 0.0, 0.0, 1.0],
                [0.267087, 0.067773, 0.961286, -0.119824, 0.958095, 0.088496, -0.272439, -0.139929, -0.103534, 0.993768, -0.041297, 0.394305, 0.0, 0.0, 0.0, 1.0],
                [0.036804, 0.007419, 0.137687, -0.001059, 0.121217, 0.0095, -0.042439, 1.919664, -0.013312, 0.107017, -0.005777, -1.479962, 0.0, 0.0, 0.0, 1.0],
                [0.036804, 0.007419, 0.137687, -0.001059, 0.121217, 0.0095, -0.042439, 1.919664, -0.013312, 0.107017, -0.005777, -1.479962, 0.0, 0.0, 0.0, 1.0],
                [0.036804, 0.007419, 0.137687, -0.001059, 0.121217, 0.0095, -0.042439, 1.919664, -0.013312, 0.107017, -0.005777, -1.479962, 0.0, 0.0, 0.0, 1.0],
                [0.036804, 0.007419, 0.137687, -0.001059, 0.121217, 0.0095, -0.042439, 1.919664, -0.013312, 0.107017, -0.005777, -1.479962, 0.0, 0.0, 0.0, 1.0],
                [0.036804, 0.007419, 0.137687, -0.001059, 0.121217, 0.0095, -0.042439, 1.919664, -0.013312, 0.107017, -0.005777, -1.479962, 0.0, 0.0, 0.0, 1.0],
                [0.036804, 0.007419, 0.137687, -0.001059, 0.121217, 0.0095, -0.042439, 1.919664, -0.013312, 0.107017, -0.005777, -1.479962, 0.0, 0.0, 0.0, 1.0],
                [0.036804, 0.007419, 0.137687, -0.001059, 0.121217, 0.0095, -0.042439, 1.919664, -0.013312, 0.107017, -0.005777, -1.479962, 0.0, 0.0, 0.0, 1.0],
                [0.036804, 0.007419, 0.137687, -0.001059, 0.121217, 0.0095, -0.042439, 1.919664, -0.013312, 0.107017, -0.005777, -1.479962, 0.0, 0.0, 0.0, 1.0],
                [0.036804, 0.007419, 0.137687, -0.001059, 0.121217, 0.0095, -0.042439, 1.919664, -0.013312, 0.107017, -0.005777, -1.479962, 0.0, 0.0, 0.0, 1.0],
                [0.992306, 0.106038, 0.063913, -0.090501, 0.059453, 0.0447, -0.99723, 4.525647, -0.108601, 0.993357, 0.038052, 0.522066, 0.0, 0.0, 0.0, 1.0],
                [0.992306, 0.106038, 0.063913, -0.090501, 0.059453, 0.0447, -0.99723, 5.376509, -0.108601, 0.993357, 0.038052, 0.522066, 0.0, 0.0, 0.0, 1.0],
                [0.992306, 0.106038, 0.063913, -0.090501, 0.059453, 0.0447, -0.99723, 5.839804, -0.108601, 0.993357, 0.038052, 0.522066, 0.0, 0.0, 0.0, 1.0],
                [0.992306, 0.106038, 0.063913, -0.090501, 0.059453, 0.0447, -0.99723, 5.943329, -0.108601, 0.993357, 0.038052, 0.522066, 0.0, 0.0, 0.0, 1.0],
                [0.992306, 0.106038, 0.063913, -0.090501, 0.059453, 0.0447, -0.99723, 6.127987, -0.108601, 0.993357, 0.038052, 0.521044, 0.0, 0.0, 0.0, 1.0],
                [0.992306, 0.106038, 0.063913, -0.090501, 0.059453, 0.0447, -0.99723, 6.286303, -0.108601, 0.993357, 0.038052, 0.521044, 0.0, 0.0, 0.0, 1.0],
                [0.992306, 0.106038, 0.063913, -0.090501, 0.059453, 0.0447, -0.99723, 6.760753, -0.108601, 0.993357, 0.038052, 0.521044, 0.0, 0.0, 0.0, 1.0],
                [0.992306, 0.106038, 0.063913, -0.090501, 0.059453, 0.0447, -0.99723, 6.915753, -0.108601, 0.993357, 0.038052, 0.518912, 0.0, 0.0, 0.0, 1.0],
                [0.992306, 0.106038, 0.063913, -0.090501, 0.059453, 0.0447, -0.99723, 7.019654, -0.108601, 0.993357, 0.038052, 0.513582, 0.0, 0.0, 0.0, 1.0],
                [0.992306, 0.106038, 0.063913, -0.090501, 0.059453, 0.0447, -0.99723, 7.082676, -0.108601, 0.993357, 0.038052, 0.506654, 0.0, 0.0, 0.0, 1.0],
                [0.992306, 0.106038, 0.063913, -0.090501, 0.059453, 0.0447, -0.99723, 7.115039, -0.108601, 0.993357, 0.038052, 0.499725, 0.0, 0.0, 0.0, 1.0],
                [0.992306, 0.106038, 0.063913, -0.090501, 0.059453, 0.0447, -0.99723, 7.126962, -0.108601, 0.993357, 0.038052, 0.494395, 0.0, 0.0, 0.0, 1.0],
                [0.992306, 0.106038, 0.063913, -0.090501, 0.059453, 0.0447, -0.99723, 7.128665, -0.108601, 0.993357, 0.038052, 0.492263, 0.0, 0.0, 0.0, 1.0],
                [0.992306, 0.106038, 0.063913, -0.090501, 0.059453, 0.0447, -0.99723, 7.128665, -0.108601, 0.993357, 0.038052, 0.492263, 0.0, 0.0, 0.0, 1.0],
                [0.992306, 0.106038, 0.063913, -0.090501, 0.059453, 0.0447, -0.99723, 7.128665, -0.108601, 0.993357, 0.038052, 0.492263, 0.0, 0.0, 0.0, 1.0],
                [0.992306, 0.106038, 0.063913, -0.090501, 0.059453, 0.0447, -0.99723, 7.128665, -0.108601, 0.993357, 0.038052, 0.492263, 0.0, 0.0, 0.0, 1.0],
                [0.992306, 0.106038, 0.063913, -0.090501, 0.059453, 0.0447, -0.99723, 7.128665, -0.108601, 0.993357, 0.038052, 0.492263, 0.0, 0.0, 0.0, 1.0],
                [0.992306, 0.106038, 0.063913, -0.090501, 0.059453, 0.0447, -0.99723, 7.128665, -0.108601, 0.993357, 0.038052, 0.492263, 0.0, 0.0, 0.0, 1.0],
                [0.992306, 0.106038, 0.063913, -0.090501, 0.059453, 0.0447, -0.99723, 7.128665, -0.108601, 0.993357, 0.038052, 0.492263, 0.0, 0.0, 0.0, 1.0],
                [0.992306, 0.106038, 0.063913, -0.090501, 0.059453, 0.0447, -0.99723, 7.128665, -0.108601, 0.993357, 0.038052, 0.492263, 0.0, 0.0, 0.0, 1.0],
                [0.992306, 0.106038, 0.063913, -0.090501, 0.059453, 0.0447, -0.99723, 7.128665, -0.108601, 0.993357, 0.038052, 0.492263, 0.0, 0.0, 0.0, 1.0],
                [0.992306, 0.106038, 0.063913, -0.090501, 0.059453, 0.0447, -0.99723, 7.128665, -0.108601, 0.993357, 0.038052, 0.492263, 0.0, 0.0, 0.0, 1.0],
                [0.992306, 0.106038, 0.063913, -0.090501, 0.059453, 0.0447, -0.99723, 7.128665, -0.108601, 0.993357, 0.038052, 0.492263, 0.0, 0.0, 0.0, 1.0],
                [0.992306, 0.106038, 0.063913, -0.090501, 0.059453, 0.0447, -0.99723, 7.128665, -0.108601, 0.993357, 0.038052, 0.492263, 0.0, 0.0, 0.0, 1.0],
                [0.992306, 0.106038, 0.063913, -0.090501, 0.059453, 0.0447, -0.99723, 7.128665, -0.108601, 0.993357, 0.038052, 0.492263, 0.0, 0.0, 0.0, 1.0],
                [0.992306, 0.106038, 0.063913, -0.090501, 0.059453, 0.0447, -0.99723, 7.128665, -0.108601, 0.993357, 0.038052, 0.492263, 0.0, 0.0, 0.0, 1.0],
                [0.992306, 0.106038, 0.063913, -0.090501, 0.059453, 0.0447, -0.99723, 7.128665, -0.108601, 0.993357, 0.038052, 0.492263, 0.0, 0.0, 0.0, 1.0],
                [0.992306, 0.106038, 0.063913, -0.090501, 0.059453, 0.0447, -0.99723, 7.128665, -0.108601, 0.993357, 0.038052, 0.492263, 0.0, 0.0, 0.0, 1.0],
                [0.992306, 0.106038, 0.063913, -0.090501, 0.059453, 0.0447, -0.99723, 7.128665, -0.108601, 0.993357, 0.038052, 0.492263, 0.0, 0.0, 0.0, 1.0]
            ]
        },
        {
            "name": "Thigh_R",
            "time": [0.0, 0.0167, 0.0333, 0.05, 0.0667, 0.0833, 0.1, 0.1167, 0.1333, 0.15, 0.1667, 0.1833, 0.2, 0.2167, 0.2333, 0.25, 0.2667, 0.2833, 0.3, 0.3167, 0.3333, 0.35, 0.3667, 0.3833, 0.4, 0.4167, 0.4333, 0.45, 0.4667, 0.4833, 0.5, 0.5167, 0.5333, 0.55, 0.5667, 0.5833, 0.6, 0.6167, 0.6333, 0.65, 0.6667],
            "transform": [
                [0.88481, 0.371686, -0.280998, 0.124994, 0.404107, -0.912351, 0.065655, -0.002831, -0.231966, -0.171644, -0.95746, -1.2e-05, 0.0, 0.0, 0.0, 1.0],
                [0.88481, 0.371686, -0.280998, 0.124994, 0.404107, -0.912351, 0.065655, -0.002831, -0.231966, -0.171644, -0.95746, -1.2e-05, 0.0, 0.0, 0.0, 1.0],
                [0.88481, 0.371686, -0.280998, 0.124994, 0.404107, -0.912351, 0.065655, -0.002831, -0.231966, -0.171644, -0.95746, -1.2e-05, 0.0, 0.0, 0.0, 1.0],
                [0.941362, 0.10529, -0.295662, 0.12499, 0.113761, -0.772638, 0.231029, -0.002833, -0.329622, -0.653549, -0.925432, -1.2e-05, 0.0, 0.0, 0.0, 1.0],
                [0.941362, 0.105288, -0.295661, 0.124986, 0.11376, -0.772638, 0.231029, -0.002829, -0.329622, -0.653549, -0.925433, -1.1e-05, 0.0, 0.0, 0.0, 1.0],
                [0.941362, 0.105292, -0.295663, 0.124988, 0.113764, -0.772638, 0.231027, -0.002829, -0.329623, -0.653549, -0.925433, -1.1e-05, 0.0, 0.0, 0.0, 1.0],
                [0.941361, 0.105289, -0.295663, 0.124987, 0.113762, -0.772638, 0.23103, -0.002831, -0.329623, -0.653551, -0.925431, -1.1e-05, 0.0, 0.0, 0.0, 1.0],
                [0.941361, 0.105291, -0.295664, 0.124986, 0.113764, -0.772638, 0.231029, -0.00283, -0.329623, -0.653551, -0.925431, -1.1e-05, 0.0, 0.0, 0.0, 1.0],
                [0.941361, 0.105291, -0.295664, 0.124986, 0.113764, -0.772638, 0.231029, -0.002831, -0.329623, -0.65355, -0.925431, -1.1e-05, 0.0, 0.0, 0.0, 1.0],
                [0.941361, 0.105291, -0.295664, 0.124986, 0.113764, -0.772638, 0.231029, -0.002831, -0.329623, -0.653551, -0.925431, -1.1e-05, 0.0, 0.0, 0.0, 1.0],
                [0.941361, 0.105291, -0.295664, 0.124986, 0.113764, -0.772638, 0.231029, -0.002831, -0.329623, -0.65355, -0.925431, -1.1e-05, 0.0, 0.0, 0.0, 1.0],
                [0.941361, 0.105291, -0.295664, 0.124986, 0.113764, -0.772638, 0.231029, -0.002831, -0.329623, -0.653551, -0.925431, -1.1e-05, 0.0, 0.0, 0.0, 1.0],
                [0.927562, 0.33422, -0.167107, 0.124994, 0.263934, -0.269429, 0.926147, -0.002831, 0.264514, -0.903162, -0.338124, -1.2e-05, 0.0, 0.0, 0.0, 1.0],
                [0.927562, 0.334221, -0.167108, 0.124994, 0.263934, -0.269429, 0.926146, -0.002831, 0.264514, -0.903161, -0.338125, -1.3e-05, 0.0, 0.0, 0.0, 1.0],
                [0.927562, 0.33422, -0.167107, 0.124994, 0.263934, -0.269429, 0.926147, -0.002831, 0.264514, -0.903161, -0.338124, -1.3e-05, 0.0, 0.0, 0.0, 1.0],
                [0.927192, 0.335388, -0.166818, 0.124994, 0.264271, -0.270071, 0.925863, -0.002831, 0.265471, -0.902536, -0.339042, -1.4e-05, 0.0, 0.0, 0.0, 1.0],
                [0.927578, 0.335435, -0.164567, 0.124994, 0.260562, -0.265069, 0.928357, -0.002831, 0.267782, -0.904001, -0.333274, -1.2e-05, 0.0, 0.0, 0.0, 1.0],
                [0.927578, 0.335435, -0.164567, 0.124994, 0.260561, -0.265069, 0.928357, -0.002831, 0.267782, -0.904001, -0.333274, -1.1e-05, 0.0, 0.0, 0.0, 1.0],
                [0.927578, 0.335435, -0.164567, 0.124994, 0.260562, -0.26507, 0.928357, -0.002831, 0.267781, -0.904001, -0.333275, -1.1e-05, 0.0, 0.0, 0.0, 1.0],
                [0.934681, 0.328982, -0.134691, 0.124994, 0.225339, -0.255265, 0.940246, -0.002831, 0.274942, -0.909179, -0.312724, -1.2e-05, 0.0, 0.0, 0.0, 1.0],
                [0.938203, 0.331221, -0.100333, 0.124994, 0.193231, -0.260822, 0.945851, -0.002831, 0.287117, -0.906786, -0.308706, -1.3e-05, 0.0, 0.0, 0.0, 1.0],
                [0.939194, 0.336219, -0.069782, 0.124994, 0.165059, -0.263834, 0.950341, -0.002831, 0.301112, -0.904071, -0.303288, -1.3e-05, 0.0, 0.0, 0.0, 1.0],
                [0.938578, 0.341698, -0.04809, 0.124994, 0.142938, -0.25815, 0.955473, -0.002831, 0.31407, -0.903657, -0.291136, -1.1e-05, 0.0, 0.0, 0.0, 1.0],
                [0.937402, 0.346329, -0.036492, 0.124994, 0.128857, -0.247592, 0.960258, -0.002831, 0.32353, -0.904848, -0.276721, -1.3e-05, 0.0, 0.0, 0.0, 1.0],
                [0.936776, 0.348343, -0.033264, 0.124994, 0.124028, -0.241636, 0.962408, -0.002831, 0.327211, -0.905685, -0.269564, -1.3e-05, 0.0, 0.0, 0.0, 1.0],
                [0.936776, 0.348343, -0.033264, 0.124994, 0.124028, -0.241636, 0.962408, -0.002831, 0.327211, -0.905685, -0.269564, -1.3e-05, 0.0, 0.0, 0.0, 1.0],
                [0.936776, 0.348343, -0.033264, 0.124994, 0.124028, -0.241636, 0.962408, -0.002831, 0.327211, -0.905685, -0.269564, -1.3e-05, 0.0, 0.0, 0.0, 1.0],
                [0.936776, 0.348343, -0.033264, 0.124994, 0.124028, -0.241637, 0.962408, -0.002831, 0.327211, -0.905684, -0.269564, -1.3e-05, 0.0, 0.0, 0.0, 1.0],
                [0.936776, 0.348343, -0.033264, 0.124994, 0.124028, -0.241636, 0.962408, -0.002831, 0.327211, -0.905685, -0.269564, -1.3e-05, 0.0, 0.0, 0.0, 1.0],
                [0.936776, 0.348343, -0.033264, 0.124994, 0.124028, -0.241637, 0.962408, -0.002831, 0.327211, -0.905685, -0.269564, -1.3e-05, 0.0, 0.0, 0.0, 1.0],
                [0.936776, 0.348343, -0.033264, 0.124994, 0.124028, -0.241637, 0.962408, -0.002831, 0.327211, -0.905685, -0.269564, -1.3e-05, 0.0, 0.0, 0.0, 1.0],
                [0.936776, 0.348343, -0.033264, 0.124994, 0.124028, -0.241636, 0.962408, -0.002831, 0.327211, -0.905685, -0.269564, -1.3e-05, 0.0, 0.0, 0.0, 1.0],
                [0.936776, 0.348343, -0.033264, 0.124994, 0.124028, -0.241637, 0.962408, -0.002831, 0.327211, -0.905685, -0.269564, -1.3e-05, 0.0, 0.0, 0.0, 1.0],
                [0.936776, 0.348343, -0.033264, 0.124994, 0.124028, -0.241637, 0.962408, -0.002831, 0.327211, -0.905685, -0.269564, -1.3e-05, 0.0, 0.0, 0.0, 1.0],
                [0.936776, 0.348343, -0.033264, 0.124994, 0.124028, -0.241637, 0.962408, -0.002831, 0.327211, -0.905685, -0.269564, -1.3e-05, 0.0, 0.0, 0.0, 1.0],
                [0.936776, 0.348343, -0.033264, 0.124994, 0.124028, -0.241637, 0.962408, -0.002831, 0.327211, -0.905685, -0.269564, -1.3e-05, 0.0, 0.0, 0.0, 1.0],
                [0.936776, 0.348343, -0.033264, 0.124994, 0.124028, -0.241637, 0.962408, -0.002831, 0.327211, -0.905685, -0.269564, -1.3e-05, 0.0, 0.0, 0.0, 1.0],
                [0.936776, 0.348343, -0.033264, 0.124994, 0.124028, -0.241637, 0.962408, -0.002831, 0.327211, -0.905685, -0.269564, -1.3e-05, 0.0, 0.0, 0.0, 1.0],
                [0.936776, 0.348343, -0.033264, 0.124994, 0.124028, -0.241637, 0.962408, -0.002831, 0.327211, -0.905685, -0.269564, -1.3e-05, 0.0, 0.0, 0.0, 1.0],
                [0.936776, 0.348343, -0.033264, 0.124994, 0.124028, -0.241637, 0.962408, -0.002831, 0.327211, -0.905685, -0.269564, -1.3e-05, 0.0, 0.0, 0.0, 1.0],
                [0.936776, 0.348343, -0.033264, 0.124994, 0.124028, -0.241637, 0.962408, -0.002831, 0.327211, -0.905685, -0.269564, -1.3e-05, 0.0, 0.0, 0.0, 1.0]
            ]
        },
        {
            "name": "Leg_R",
            "time": [0.0, 0.0167, 0.0333, 0.05, 0.0667, 0.0833, 0.1, 0.1167, 0.1333, 0.15, 0.1667, 0.1833, 0.2, 0.2167, 0.2333, 0.25, 0.2667, 0.2833, 0.3, 0.3167, 0.3333, 0.35, 0.3667, 0.3833, 0.4, 0.4167, 0.4333, 0.45, 0.4667, 0.4833, 0.5, 0.5167, 0.5333, 0.55, 0.5667, 0.5833, 0.6, 0.6167, 0.6333, 0.65, 0.6667],
            "transform": [
                [1.0, -1e-06, 0.0, 0.0, -0.0, -0.097649, 0.99522, 0.374726, -1e-06, -0.995222, -0.097648, 0.0, 0.0, 0.0, 0.0, 1.0],
                [1.0, -1e-06, 0.0, 0.0, -0.0, -0.097649, 0.99522, 0.374726, -1e-06, -0.995222, -0.097648, 0.0, 0.0, 0.0, 0.0, 1.0],
                [1.0, -1e-06, 0.0, 0.0, -0.0, -0.097649, 0.99522, 0.374726, -1e-06, -0.995222, -0.097648, 0.0, 0.0, 0.0, 0.0, 1.0],
                [0.99973, 0.000417, -0.000929, -0.0, 0.000887, -0.462408, 1.14975, 0.374728, 1.9e-05, -0.972291, -0.433887, -2e-06, 0.0, 0.0, 0.0, 1.0],
                [0.99973, 0.000417, -0.000929, -2e-06, 0.000887, -0.462405, 1.149749, 0.374727, 1.9e-05, -0.972293, -0.433882, 0.0, 0.0, 0.0, 0.0, 1.0],
                [0.99973, 0.000417, -0.000929, -2e-06, 0.000887, -0.462408, 1.149748, 0.374728, 1.9e-05, -0.97229, -0.433886, 0.0, 0.0, 0.0, 0.0, 1.0],
                [0.999729, 0.000417, -0.000929, -1e-06, 0.000887, -0.46241, 1.149749, 0.374726, 1.9e-05, -0.97229, -0.43389, 1e-06, 0.0, 0.0, 0.0, 1.0],
                [0.99973, 0.000417, -0.000929, -1e-06, 0.000887, -0.462408, 1.149749, 0.374727, 1.9e-05, -0.97229, -0.433888, 0.0, 0.0, 0.0, 0.0, 1.0],
                [0.99973, 0.000417, -0.000929, 1e-06, 0.000887, -0.462408, 1.149749, 0.374728, 1.9e-05, -0.97229, -0.433888, 0.0, 0.0, 0.0, 0.0, 1.0],
                [0.99973, 0.000417, -0.000929, -1e-06, 0.000887, -0.462409, 1.149749, 0.374727, 1.9e-05, -0.97229, -0.433889, 0.0, 0.0, 0.0, 0.0, 1.0],
                [0.99973, 0.000417, -0.000929, 1e-06, 0.000887, -0.462408, 1.149749, 0.374728, 1.9e-05, -0.97229, -0.433888, 0.0, 0.0, 0.0, 0.0, 1.0],
                [0.99973, 0.000417, -0.000929, -1e-06, 0.000887, -0.462409, 1.149749, 0.374727, 1.9e-05, -0.97229, -0.433889, 0.0, 0.0, 0.0, 0.0, 1.0],
                [1.000001, -1e-06, 0.0, 0.0, -0.0, 0.244907, 0.969546, 0.374725, -1e-06, -0.969547, 0.244906, 0.0, 0.0, 0.0, 0.0, 1.0],
                [1.0, -1e-06, 0.0, 0.0, -0.0, 0.244906, 0.969546, 0.374725, -1e-06, -0.969548, 0.244904, 0.0, 0.0, 0.0, 0.0, 1.0],
                [1.0, -1e-06, 0.0, -0.0, -0.0, 0.244908, 0.969546, 0.374726, -1e-06, -0.969547, 0.244906, -0.0, 0.0, 0.0, 0.0, 1.0],
                [1.0, -1e-06, 0.0, 0.0, -0.0, 0.239494, 0.970897, 0.374727, -1e-06, -0.970898, 0.239493, 1e-06, 0.0, 0.0, 0.0, 1.0],
                [1.0, -1e-06, 0.0, 0.0, -0.0, 0.249191, 0.968453, 0.374726, -1e-06, -0.968455, 0.24919, -0.0, 0.0, 0.0, 0.0, 1.0],
                [1.0, -1e-06, 0.0, -0.0, -0.0, 0.249192, 0.968453, 0.374726, -1e-06, -0.968455, 0.249191, -0.0, 0.0, 0.0, 0.0, 1.0],
                [1.0, -1e-06, 0.0, -0.0, -0.0, 0.249192, 0.968453, 0.374726, -1e-06, -0.968455, 0.24919, 0.0, 0.0, 0.0, 0.0, 1.0],
                [1.0, -1e-06, 1e-06, 0.0, -0.0, 0.421797, 0.90669, 0.374726, -1e-06, -0.906692, 0.421794, 0.0, 0.0, 0.0, 0.0, 1.0],
                [1.0, -1e-06, 1e-06, -0.0, -0.0, 0.547158, 0.83703, 0.374726, -1e-06, -0.837032, 0.547153, 0.0, 0.0, 0.0, 0.0, 1.0],
                [1.000001, -1e-06, 1e-06, 0.0, -0.0, 0.619715, 0.784827, 0.374726, -1e-06, -0.78483, 0.61971, -0.0, 0.0, 0.0, 0.0, 1.0],
                [1.0, -1e-06, 1e-06, -0.0, -0.0, 0.648406, 0.761296, 0.374727, -1e-06, -0.761299, 0.6484, 0.0, 0.0, 0.0, 0.0, 1.0],
                [1.0, -1e-06, 1e-06, 0.0, -0.0, 0.650268, 0.759706, 0.374726, -1e-06, -0.759709, 0.650262, -0.0, 0.0, 0.0, 0.0, 1.0],
                [1.0, -1e-06, 1e-06, 0.0, -0.0, 0.646035, 0.763308, 0.374728, -1e-06, -0.763311, 0.64603, -0.0, 0.0, 0.0, 0.0, 1.0],
                [1.0, -1e-06, 1e-06, 0.0, -0.0, 0.646035, 0.763308, 0.374727, -1e-06, -0.763311, 0.64603, -0.0, 0.0, 0.0, 0.0, 1.0],
                [1.000001, -1e-06, 1e-06, 0.0, -0.0, 0.646035, 0.763308, 0.374727, -1e-06, -0.763311, 0.64603, -0.0, 0.0, 0.0, 0.0, 1.0],
                [1.0, -1e-06, 1e-06, 0.0, -0.0, 0.646036, 0.763307, 0.374726, -1e-06, -0.76331, 0.646031, 0.0, 0.0, 0.0, 0.0, 1.0],
                [1.0, -1e-06, 1e-06, 0.0, -0.0, 0.646035, 0.763309, 0.374726, -1e-06, -0.763311, 0.64603, 1e-06, 0.0, 0.0, 0.0, 1.0],
                [1.0, -1e-06, 1e-06, 0.0, -0.0, 0.646035, 0.763308, 0.374727, -1e-06, -0.763311, 0.64603, -0.0, 0.0, 0.0, 0.0, 1.0],
                [1.0, -1e-06, 1e-06, 0.0, -0.0, 0.646035, 0.763308, 0.374727, -1e-06, -0.763311, 0.64603, -0.0, 0.0, 0.0, 0.0, 1.0],
                [1.0, -1e-06, 1e-06, 0.0, -0.0, 0.646035, 0.763308, 0.374727, -1e-06, -0.763311, 0.64603, -0.0, 0.0, 0.0, 0.0, 1.0],
                [1.0, -1e-06, 1e-06, 0.0, -0.0, 0.646036, 0.763308, 0.374726, -1e-06, -0.763311, 0.64603, 0.0, 0.0, 0.0, 0.0, 1.0],
                [1.0, -1e-06, 1e-06, 0.0, -0.0, 0.646035, 0.763308, 0.374727, -1e-06, -0.763311, 0.64603, 0.0, 0.0, 0.0, 0.0, 1.0],
                [1.0, -1e-06, 1e-06, 0.0, -0.0, 0.646036, 0.763308, 0.374727, -1e-06, -0.763311, 0.646031, 0.0, 0.0, 0.0, 0.0, 1.0],
                [1.0, -1e-06, 1e-06, 0.0, -0.0, 0.646036, 0.763308, 0.374727, -1e-06, -0.763311, 0.64603, -0.0, 0.0, 0.0, 0.0, 1.0],
                [1.0, -1e-06, 1e-06, 0.0, -0.0, 0.646036, 0.763308, 0.374726, -1e-06, -0.763311, 0.64603, 0.0, 0.0, 0.0, 0.0, 1.0],
                [1.0, -1e-06, 1e-06, 0.0, -0.0, 0.646036, 0.763308, 0.374726, -1e-06, -0.763311, 0.64603, 0.0, 0.0, 0.0, 0.0, 1.0],
                [1.0, -1e-06, 1e-06, 0.0, -0.0, 0.646036, 0.763308, 0.374726, -1e-06, -0.763311, 0.64603, 0.0, 0.0, 0.0, 0.0, 1.0],
                [1.0, -1e-06, 1e-06, 0.0, -0.0, 0.646036, 0.763308, 0.374726, -1e-06, -0.763311, 0.64603, 0.0, 0.0, 0.0, 0.0, 1.0],
                [1.0, -1e-06, 1e-06, 0.0, -0.0, 0.646036, 0.763308, 0.374726, -1e-06, -0.763311, 0.64603, 0.0, 0.0, 0.0, 0.0, 1.0]
            ]
        },
        {
            "name": "Knee_R",
            "time": [0.0, 0.6667],
            "transform": [
                [1.0, 0.0, -0.0, 0.0, -0.0, 0.00567, -0.999984, 0.484724, -0.0, 0.999984, 0.00567, -0.000624, 0.0, 0.0, 0.0, 1.0],
                [1.0, 0.0, -0.0, 0.0, -0.0, 0.00567, -0.999984, 0.409756, -0.0, 0.999984, 0.00567, -0.000199, 0.0, 0.0, 0.0, 1.0]
            ]
        },
        {
            "name": "Thigh_L",
            "time": [0.0, 0.0167, 0.0333, 0.05, 0.0667, 0.0833, 0.1, 0.1167, 0.1333, 0.15, 0.1667, 0.1833, 0.2, 0.2167, 0.2333, 0.25, 0.2667, 0.2833, 0.3, 0.3167, 0.3333, 0.35, 0.3667, 0.3833, 0.4, 0.4167, 0.4333, 0.45, 0.4667, 0.4833, 0.5, 0.5167, 0.5333, 0.55, 0.5667, 0.5833, 0.6, 0.6167, 0.6333, 0.65, 0.6667],
            "transform": [
                [0.932401, -0.306968, -0.190781, -0.125006, 0.066372, -0.373454, 0.925271, -0.002831, -0.355277, -0.875386, -0.327835, -1.2e-05, 0.0, 0.0, 0.0, 1.0],
                [0.932401, -0.306968, -0.190781, -0.125006, 0.066372, -0.373454, 0.925271, -0.002831, -0.355277, -0.875386, -0.327835, -1.2e-05, 0.0, 0.0, 0.0, 1.0],
                [0.932401, -0.306968, -0.190781, -0.125006, 0.066372, -0.373454, 0.925271, -0.002831, -0.355277, -0.875386, -0.327835, -1.2e-05, 0.0, 0.0, 0.0, 1.0],
                [0.921023, -0.183156, 0.01963, -0.125011, -0.009728, 0.109735, 1.269838, -0.002833, -0.361276, -0.729848, 0.340865, -1.2e-05, 0.0, 0.0, 0.0, 1.0],
                [0.921023, -0.183156, 0.019631, -0.125015, -0.009728, 0.109734, 1.269838, -0.002828, -0.361276, -0.729848, 0.340865, -1.1e-05, 0.0, 0.0, 0.0, 1.0],
                [0.921023, -0.183156, 0.01963, -0.125013, -0.009728, 0.109732, 1.269839, -0.002828, -0.361276, -0.729849, 0.340863, -1.1e-05, 0.0, 0.0, 0.0, 1.0],
                [0.921023, -0.183156, 0.01963, -0.125015, -0.009728, 0.109734, 1.269839, -0.00283, -0.361276, -0.729849, 0.340865, -1.1e-05, 0.0, 0.0, 0.0, 1.0],
                [0.921023, -0.183156, 0.01963, -0.125015, -0.009728, 0.109734, 1.269839, -0.002828, -0.361276, -0.729849, 0.340865, -1.1e-05, 0.0, 0.0, 0.0, 1.0],
                [0.921023, -0.183156, 0.01963, -0.125015, -0.009728, 0.109734, 1.269838, -0.00283, -0.361276, -0.729848, 0.340865, -1.1e-05, 0.0, 0.0, 0.0, 1.0],
                [0.921023, -0.183156, 0.01963, -0.125015, -0.009728, 0.109734, 1.269838, -0.00283, -0.361276, -0.729848, 0.340865, -1.1e-05, 0.0, 0.0, 0.0, 1.0],
                [0.921023, -0.183156, 0.01963, -0.125015, -0.009728, 0.109734, 1.269838, -0.00283, -0.361276, -0.729848, 0.340865, -1.1e-05, 0.0, 0.0, 0.0, 1.0],
                [0.921023, -0.183156, 0.01963, -0.125015, -0.009728, 0.109734, 1.269838, -0.00283, -0.361276, -0.729848, 0.340865, -1.1e-05, 0.0, 0.0, 0.0, 1.0],
                [0.890683, -0.186725, -0.414509, -0.125006, -0.338188, -0.881468, -0.32961, -0.00283, -0.30383, 0.43376, -0.848257, -1.3e-05, 0.0, 0.0, 0.0, 1.0],
                [0.890683, -0.186726, -0.414508, -0.125006, -0.338188, -0.881469, -0.329607, -0.002831, -0.30383, 0.433756, -0.848258, -1.3e-05, 0.0, 0.0, 0.0, 1.0],
                [0.890683, -0.186726, -0.414508, -0.125006, -0.338188, -0.881468, -0.329609, -0.002831, -0.30383, 0.433758, -0.848257, -1.4e-05, 0.0, 0.0, 0.0, 1.0],
                [0.890683, -0.186725, -0.414508, -0.125006, -0.338188, -0.881468, -0.329609, -0.002831, -0.30383, 0.433758, -0.848257, -1.4e-05, 0.0, 0.0, 0.0, 1.0],
                [0.898263, -0.186681, -0.397836, -0.125006, -0.327684, -0.887749, -0.323302, -0.002831, -0.292825, 0.420774, -0.858605, -1.4e-05, 0.0, 0.0, 0.0, 1.0],
                [0.898263, -0.18668, -0.397836, -0.125006, -0.327685, -0.887749, -0.323302, -0.002831, -0.292825, 0.420775, -0.858604, -1.4e-05, 0.0, 0.0, 0.0, 1.0],
                [0.898263, -0.186681, -0.397835, -0.125006, -0.327684, -0.88775, -0.323301, -0.002831, -0.292825, 0.420773, -0.858605, -1.2e-05, 0.0, 0.0, 0.0, 1.0],
                [0.926913, -0.195059, -0.320597, -0.125006, -0.276559, -0.932516, -0.232225, -0.002831, -0.253665, 0.303916, -0.918307, -1.3e-05, 0.0, 0.0, 0.0, 1.0],
                [0.955883, -0.176031, -0.23516, -0.125006, -0.220464, -0.958958, -0.17831, -0.002831, -0.194121, 0.222288, -0.95546, -1.3e-05, 0.0, 0.0, 0.0, 1.0],
                [0.978372, -0.14226, -0.150165, -0.125006, -0.1644, -0.975362, -0.147106, -0.002831, -0.125538, 0.168611, -0.977655, -1.3e-05, 0.0, 0.0, 0.0, 1.0],
                [0.991678, -0.104611, -0.075046, -0.125006, -0.113781, -0.984877, -0.130656, -0.002831, -0.060243, 0.138107, -0.988583, -1.2e-05, 0.0, 0.0, 0.0, 1.0],
                [0.997027, -0.074185, -0.020798, -0.125006, -0.076198, -0.989385, -0.123728, -0.002831, -0.011398, 0.124945, -0.992098, -1.3e-05, 0.0, 0.0, 0.0, 1.0],
                [0.998088, -0.0618, 0.000274, -0.125006, -0.061303, -0.990593, -0.122333, -0.002831, 0.007832, 0.122082, -0.992489, -1.3e-05, 0.0, 0.0, 0.0, 1.0],
                [0.998088, -0.0618, 0.000274, -0.125006, -0.061303, -0.990593, -0.122333, -0.002831, 0.007832, 0.122082, -0.992489, -1.3e-05, 0.0, 0.0, 0.0, 1.0],
                [0.998088, -0.0618, 0.000274, -0.125006, -0.061303, -0.990593, -0.122333, -0.002831, 0.007832, 0.122082, -0.992489, -1.3e-05, 0.0, 0.0, 0.0, 1.0],
                [0.998088, -0.0618, 0.000274, -0.125006, -0.061303, -0.990593, -0.122333, -0.002831, 0.007832, 0.122082, -0.992489, -1.3e-05, 0.0, 0.0, 0.0, 1.0],
                [0.998088, -0.0618, 0.000274, -0.125006, -0.061303, -0.990593, -0.122333, -0.002831, 0.007832, 0.122082, -0.992489, -1.3e-05, 0.0, 0.0, 0.0, 1.0],
                [0.998088, -0.0618, 0.000274, -0.125006, -0.061303, -0.990593, -0.122333, -0.002831, 0.007832, 0.122082, -0.992489, -1.3e-05, 0.0, 0.0, 0.0, 1.0],
                [0.998088, -0.0618, 0.000274, -0.125006, -0.061303, -0.990593, -0.122333, -0.002831, 0.007832, 0.122082, -0.992489, -1.3e-05, 0.0, 0.0, 0.0, 1.0],
                [0.998088, -0.0618, 0.000274, -0.125006, -0.061303, -0.990593, -0.122333, -0.002831, 0.007832, 0.122082, -0.992489, -1.3e-05, 0.0, 0.0, 0.0, 1.0],
                [0.998088, -0.0618, 0.000274, -0.125006, -0.061303, -0.990593, -0.122333, -0.002831, 0.007832, 0.122082, -0.992489, -1.3e-05, 0.0, 0.0, 0.0, 1.0],
                [0.998088, -0.0618, 0.000274, -0.125006, -0.061303, -0.990593, -0.122333, -0.002831, 0.007832, 0.122082, -0.992489, -1.3e-05, 0.0, 0.0, 0.0, 1.0],
                [0.998088, -0.0618, 0.000274, -0.125006, -0.061303, -0.990593, -0.122333, -0.002831, 0.007832, 0.122082, -0.992489, -1.3e-05, 0.0, 0.0, 0.0, 1.0],
                [0.998088, -0.0618, 0.000274, -0.125006, -0.061303, -0.990593, -0.122333, -0.002831, 0.007832, 0.122082, -0.992489, -1.3e-05, 0.0, 0.0, 0.0, 1.0],
                [0.998088, -0.0618, 0.000274, -0.125006, -0.061303, -0.990593, -0.122333, -0.002831, 0.007832, 0.122082, -0.992489, -1.3e-05, 0.0, 0.0, 0.0, 1.0],
                [0.998088, -0.0618, 0.000274, -0.125006, -0.061303, -0.990593, -0.122333, -0.002831, 0.007832, 0.122082, -0.992489, -1.3e-05, 0.0, 0.0, 0.0, 1.0],
                [0.998088, -0.0618, 0.000274, -0.125006, -0.061303, -0.990593, -0.122333, -0.002831, 0.007832, 0.122082, -0.992489, -1.3e-05, 0.0, 0.0, 0.0, 1.0],
                [0.998088, -0.0618, 0.000274, -0.125006, -0.061303, -0.990593, -0.122333, -0.002831, 0.007832, 0.122082, -0.992489, -1.3e-05, 0.0, 0.0, 0.0, 1.0],
                [0.998088, -0.0618, 0.000274, -0.125006, -0.061303, -0.990593, -0.122333, -0.002831, 0.007832, 0.122082, -0.992489, -1.3e-05, 0.0, 0.0, 0.0, 1.0]
            ]
        },
        {
            "name": "Leg_L",
            "time": [0.0, 0.0167, 0.0333, 0.05, 0.0667, 0.0833, 0.1, 0.1167, 0.1333, 0.15, 0.1667, 0.1833, 0.2, 0.2167, 0.2333, 0.25, 0.2667, 0.2833, 0.3, 0.3167, 0.3333, 0.35, 0.3667, 0.3833, 0.4, 0.4167, 0.4333, 0.45, 0.4667, 0.4833, 0.5, 0.5167, 0.5333, 0.55, 0.5667, 0.5833, 0.6, 0.6167, 0.6333, 0.65, 0.6667],
            "transform": [
                [1.0, -0.0, 1e-06, 0.0, -0.0, 0.859534, 0.511079, 0.374726, -1e-06, -0.511079, 0.859533, 0.0, 0.0, 0.0, 0.0, 1.0],
                [1.0, -0.0, 1e-06, 0.0, -0.0, 0.859534, 0.511079, 0.374726, -1e-06, -0.511079, 0.859534, -0.0, 0.0, 0.0, 0.0, 1.0],
                [1.0, -0.0, 1e-06, 0.0, -0.0, 0.859534, 0.51108, 0.374726, -1e-06, -0.51108, 0.859533, -0.0, 0.0, 0.0, 0.0, 1.0],
                [0.99999, 4.1e-05, -7.5e-05, 3e-06, 9.7e-05, 0.160192, 1.000648, 0.374726, 3.8e-05, -1.030902, 0.073279, -2e-06, 0.0, 0.0, 0.0, 1.0],
                [0.999989, 4.1e-05, -7.5e-05, 3e-06, 9.7e-05, 0.16019, 1.000647, 0.374726, 3.8e-05, -1.030902, 0.073277, 1e-06, 0.0, 0.0, 0.0, 1.0],
                [0.99999, 4.1e-05, -7.5e-05, 1e-06, 9.7e-05, 0.160194, 1.000648, 0.374726, 3.8e-05, -1.030902, 0.07328, 1e-06, 0.0, 0.0, 0.0, 1.0],
                [0.99999, 4.1e-05, -7.5e-05, 1e-06, 9.7e-05, 0.160193, 1.000648, 0.374726, 3.8e-05, -1.030902, 0.073279, 0.0, 0.0, 0.0, 0.0, 1.0],
                [0.99999, 4.1e-05, -7.5e-05, 3e-06, 9.7e-05, 0.160191, 1.000648, 0.374725, 3.8e-05, -1.030902, 0.073278, -1e-06, 0.0, 0.0, 0.0, 1.0],
                [0.99999, 4.1e-05, -7.5e-05, 2e-06, 9.7e-05, 0.160191, 1.000647, 0.374726, 3.8e-05, -1.030902, 0.073278, 0.0, 0.0, 0.0, 0.0, 1.0],
                [0.99999, 4.1e-05, -7.5e-05, 2e-06, 9.7e-05, 0.160191, 1.000648, 0.374726, 3.8e-05, -1.030902, 0.073278, 1e-06, 0.0, 0.0, 0.0, 1.0],
                [0.99999, 4.1e-05, -7.5e-05, 2e-06, 9.7e-05, 0.160191, 1.000648, 0.374726, 3.8e-05, -1.030902, 0.073278, 0.0, 0.0, 0.0, 0.0, 1.0],
                [0.99999, 4.1e-05, -7.5e-05, 2e-06, 9.7e-05, 0.160191, 1.000648, 0.374726, 3.8e-05, -1.030902, 0.073278, 1e-06, 0.0, 0.0, 0.0, 1.0],
                [1.000001, -1e-06, 1e-06, 0.0, -0.0, 0.807369, 0.590047, 0.374726, -1e-06, -0.590047, 0.807369, 0.0, 0.0, 0.0, 0.0, 1.0],
                [1.0, -0.0, 1e-06, -0.0, -0.0, 0.807366, 0.590051, 0.374726, -1e-06, -0.590051, 0.807365, -1e-06, 0.0, 0.0, 0.0, 1.0],
                [1.0, -0.0, 1e-06, -0.0, -0.0, 0.807368, 0.590049, 0.374726, -1e-06, -0.590049, 0.807367, 0.0, 0.0, 0.0, 0.0, 1.0],
                [1.0, -1e-06, 1e-06, -0.0, -0.0, 0.807368, 0.590048, 0.374727, -1e-06, -0.590049, 0.807367, -1e-06, 0.0, 0.0, 0.0, 1.0],
                [1.0, -0.0, 1e-06, 0.0, -0.0, 0.793587, 0.608457, 0.374726, -1e-06, -0.608457, 0.793587, 0.0, 0.0, 0.0, 0.0, 1.0],
                [1.0, -0.0, 1e-06, 1e-06, -0.0, 0.793587, 0.608456, 0.374726, -1e-06, -0.608456, 0.793587, 1e-06, 0.0, 0.0, 0.0, 1.0],
                [1.0, -0.0, 1e-06, 0.0, -0.0, 0.793586, 0.608458, 0.374726, -1e-06, -0.608459, 0.793585, -1e-06, 0.0, 0.0, 0.0, 1.0],
                [1.0, -1e-06, 1e-06, 0.0, -0.0, 0.670787, 0.74165, 0.374726, -1e-06, -0.74165, 0.670787, 0.0, 0.0, 0.0, 0.0, 1.0],
                [1.0, -1e-06, 1e-06, 0.0, -0.0, 0.578856, 0.815429, 0.374726, -1e-06, -0.815429, 0.578856, 0.0, 0.0, 0.0, 0.0, 1.0],
                [1.0, -1e-06, 1e-06, 0.0, -0.0, 0.511818, 0.859094, 0.374726, -1e-06, -0.859094, 0.511817, 0.0, 0.0, 0.0, 0.0, 1.0],
                [1.0, -1e-06, 1e-06, -0.0, -0.0, 0.466265, 0.884645, 0.374726, -1e-06, -0.884645, 0.466265, 0.0, 0.0, 0.0, 0.0, 1.0],
                [1.0, -1e-06, 1e-06, -0.0, -0.0, 0.440081, 0.897958, 0.374726, -1e-06, -0.897958, 0.440081, -1e-06, 0.0, 0.0, 0.0, 1.0],
                [1.0, -1e-06, 1e-06, -0.0, -0.0, 0.431661, 0.902036, 0.374726, -1e-06, -0.902036, 0.431661, -0.0, 0.0, 0.0, 0.0, 1.0],
                [1.0, -1e-06, 1e-06, -0.0, -0.0, 0.431661, 0.902036, 0.374726, -1e-06, -0.902036, 0.431661, -0.0, 0.0, 0.0, 0.0, 1.0],
                [1.0, -1e-06, 1e-06, -0.0, -0.0, 0.431661, 0.902036, 0.374726, -1e-06, -0.902036, 0.431661, -0.0, 0.0, 0.0, 0.0, 1.0],
                [1.0, -1e-06, 1e-06, -0.0, -0.0, 0.431661, 0.902036, 0.374726, -1e-06, -0.902036, 0.431661, -0.0, 0.0, 0.0, 0.0, 1.0],
                [1.0, -1e-06, 1e-06, -0.0, -0.0, 0.431661, 0.902036, 0.374726, -1e-06, -0.902036, 0.431661, -0.0, 0.0, 0.0, 0.0, 1.0],
                [1.0, -1e-06, 1e-06, -0.0, -0.0, 0.431661, 0.902036, 0.374726, -1e-06, -0.902036, 0.431661, -0.0, 0.0, 0.0, 0.0, 1.0],
                [1.0, -1e-06, 1e-06, -0.0, -0.0, 0.431661, 0.902036, 0.374726, -1e-06, -0.902036, 0.431661, -0.0, 0.0, 0.0, 0.0, 1.0],
                [1.0, -1e-06, 1e-06, -0.0, -0.0, 0.431661, 0.902036, 0.374726, -1e-06, -0.902036, 0.431661, -0.0, 0.0, 0.0, 0.0, 1.0],
                [1.0, -1e-06, 1e-06, -0.0, -0.0, 0.431661, 0.902036, 0.374726, -1e-06, -0.902036, 0.431661, -0.0, 0.0, 0.0, 0.0, 1.0],
                [1.0, -1e-06, 1e-06, -0.0, -0.0, 0.431661, 0.902036, 0.374726, -1e-06, -0.902036, 0.431661, -0.0, 0.0, 0.0, 0.0, 1.0],
                [1.0, -1e-06, 1e-06, -0.0, -0.0, 0.431661, 0.902036, 0.374726, -1e-06, -0.902036, 0.431661, -0.0, 0.0, 0.0, 0.0, 1.0],
                [1.0, -1e-06, 1e-06, -0.0, -0.0, 0.431661, 0.902036, 0.374726, -1e-06, -0.902036, 0.431661, -0.0, 0.0, 0.0, 0.0, 1.0],
                [1.0, -1e-06, 1e-06, -0.0, -0.0, 0.431661, 0.902036, 0.374726, -1e-06, -0.902036, 0.431661, -0.0, 0.0, 0.0, 0.0, 1.0],
                [1.0, -1e-06, 1e-06, -0.0, -0.0, 0.431661, 0.902036, 0.374726, -1e-06, -0.902036, 0.431661, -0.0, 0.0, 0.0, 0.0, 1.0],
                [1.0, -1e-06, 1e-06, -0.0, -0.0, 0.431661, 0.902036, 0.374726, -1e-06, -0.902036, 0.431661, -0.0, 0.0, 0.0, 0.0, 1.0],
                [1.0, -1e-06, 1e-06, -0.0, -0.0, 0.431661, 0.902036, 0.374726, -1e-06, -0.902036, 0.431661, -0.0, 0.0, 0.0, 0.0, 1.0],
                [1.0, -1e-06, 1e-06, -0.0, -0.0, 0.431661, 0.902036, 0.374726, -1e-06, -0.902036, 0.431661, -0.0, 0.0, 0.0, 0.0, 1.0]
            ]
        },
        {
            "name": "Knee_L",
            "time": [0.0, 0.6667],
            "transform": [
                [1.0, 0.0, -0.0, 0.0, -0.0, 0.00567, -0.999984, 0.374884, -0.0, 0.999984, 0.00567, -1e-06, 0.0, 0.0, 0.0, 1.0],
                [1.0, 0.0, -0.0, 0.0, -0.0, 0.00567, -0.999984, 0.436651, -0.0, 0.999984, 0.00567, -0.00035, 0.0, 0.0, 0.0, 1.0]
            ]
        },
        {
            "name": "Torso",
            "time": [0.0, 0.0167, 0.0333, 0.05, 0.0667, 0.0833, 0.1, 0.1167, 0.1333, 0.15, 0.1667, 0.1833, 0.2, 0.2167, 0.2333, 0.25, 0.2667, 0.2833, 0.3, 0.3167, 0.3333, 0.35, 0.3667, 0.3833, 0.4, 0.4167, 0.4333, 0.45, 0.4667, 0.4833, 0.5, 0.5167, 0.5333, 0.55, 0.5667, 0.5833, 0.6, 0.6167, 0.6333, 0.65, 0.6667],
            "transform": [
                [0.966626, -0.025424, 0.254929, -0.0, 0.00208, 0.99581, 0.091421, 0.05, -0.256185, -0.08784, 0.962628, 0.0, 0.0, 0.0, 0.0, 1.0],
                [0.966626, -0.025424, 0.254929, -0.0, 0.00208, 0.99581, 0.091421, 0.05, -0.256185, -0.08784, 0.962628, 0.0, 0.0, 0.0, 0.0, 1.0],
                [0.966626, -0.025424, 0.254929, -0.0, 0.00208, 0.99581, 0.091421, 0.05, -0.256185, -0.08784, 0.962628, 0.0, 0.0, 0.0, 0.0, 1.0],
                [0.968139, -0.026, 0.249061, 0.0, 0.00196, 0.995351, 0.096288, 0.05, -0.250406, -0.092732, 0.963689, -1e-06, 0.0, 0.0, 0.0, 1.0],
                [0.968139, -0.026, 0.249061, -2e-06, 0.00196, 0.995351, 0.096288, 0.05, -0.250406, -0.092732, 0.96369, -0.0, 0.0, 0.0, 0.0, 1.0],
                [0.968139, -0.026, 0.249061, -1e-06, 0.00196, 0.995351, 0.096288, 0.050001, -0.250406, -0.092732, 0.963689, 0.0, 0.0, 0.0, 0.0, 1.0],
                [0.968139, -0.026, 0.249061, -2e-06, 0.00196, 0.995351, 0.096288, 0.050001, -0.250406, -0.092732, 0.963689, 0.0, 0.0, 0.0, 0.0, 1.0],
                [0.968139, -0.026, 0.249061, -2e-06, 0.00196, 0.995351, 0.096288, 0.050001, -0.250406, -0.092732, 0.963689, 0.0, 0.0, 0.0, 0.0, 1.0],
                [0.968139, -0.026, 0.249061, -2e-06, 0.00196, 0.995351, 0.096288, 0.050001, -0.250406, -0.092732, 0.963689, 0.0, 0.0, 0.0, 0.0, 1.0],
                [0.968139, -0.026, 0.249061, -2e-06, 0.00196, 0.995351, 0.096288, 0.050001, -0.250406, -0.092732, 0.963689, 0.0, 0.0, 0.0, 0.0, 1.0],
                [0.968139, -0.026, 0.249061, -2e-06, 0.00196, 0.995351, 0.096288, 0.050001, -0.250406, -0.092732, 0.963689, 0.0, 0.0, 0.0, 0.0, 1.0],
                [0.968139, -0.026, 0.249061, -2e-06, 0.00196, 0.995351, 0.096288, 0.050001, -0.250406, -0.092732, 0.963689, 0.0, 0.0, 0.0, 0.0, 1.0],
                [0.998481, -0.016469, -0.052578, -0.0, 0.033037, 0.94266, 0.332116, 0.05, 0.044094, -0.333349, 0.941772, 0.0, 0.0, 0.0, 0.0, 1.0],
                [0.998481, -0.016469, -0.052578, 0.0, 0.033037, 0.94266, 0.332116, 0.05, 0.044094, -0.333349, 0.941772, -0.0, 0.0, 0.0, 0.0, 1.0],
                [0.998481, -0.016469, -0.052578, 0.0, 0.033037, 0.94266, 0.332116, 0.05, 0.044094, -0.333349, 0.941772, -0.0, 0.0, 0.0, 0.0, 1.0],
                [0.998481, -0.016469, -0.052578, 0.0, 0.033037, 0.94266, 0.332116, 0.05, 0.044094, -0.333349, 0.941772, -1e-06, 0.0, 0.0, 0.0, 1.0],
                [0.998481, -0.016469, -0.052578, -0.0, 0.033037, 0.94266, 0.332116, 0.05, 0.044094, -0.333349, 0.941772, 0.0, 0.0, 0.0, 0.0, 1.0],
                [0.998481, -0.016469, -0.052578, -0.0, 0.033037, 0.94266, 0.332116, 0.05, 0.044094, -0.333349, 0.941772, 0.0, 0.0, 0.0, 0.0, 1.0],
                [0.998481, -0.016469, -0.052578, -0.0, 0.033037, 0.94266, 0.332116, 0.05, 0.044094, -0.333349, 0.941772, 0.0, 0.0, 0.0, 0.0, 1.0],
                [0.998481, -0.016469, -0.052578, 0.0, 0.033037, 0.94266, 0.332116, 0.05, 0.044094, -0.333349, 0.941772, 0.0, 0.0, 0.0, 0.0, 1.0],
                [0.998481, -0.016469, -0.052578, 0.0, 0.033037, 0.94266, 0.332116, 0.05, 0.044094, -0.333349, 0.941772, 0.0, 0.0, 0.0, 0.0, 1.0],
                [0.998481, -0.016469, -0.052578, 0.0, 0.033037, 0.94266, 0.332116, 0.05, 0.044094, -0.333349, 0.941772, 0.0, 0.0, 0.0, 0.0, 1.0],
                [0.998481, -0.016469, -0.052578, 0.0, 0.033037, 0.94266, 0.332116, 0.05, 0.044094, -0.333349, 0.941772, 1e-06, 0.0, 0.0, 0.0, 1.0],
                [0.998481, -0.016469, -0.052578, 0.0, 0.033037, 0.94266, 0.332116, 0.05, 0.044094, -0.333349, 0.941772, -0.0, 0.0, 0.0, 0.0, 1.0],
                [0.998481, -0.016469, -0.052578, 0.0, 0.033037, 0.94266, 0.332116, 0.05, 0.044094, -0.333349, 0.941772, 0.0, 0.0, 0.0, 0.0, 1.0],
                [0.998481, -0.016469, -0.052578, 0.0, 0.033037, 0.94266, 0.332116, 0.05, 0.044094, -0.333349, 0.941772, 0.0, 0.0, 0.0, 0.0, 1.0],
                [0.998481, -0.016469, -0.052578, 0.0, 0.033037, 0.94266, 0.332116, 0.05, 0.044094, -0.333349, 0.941772, 0.0, 0.0, 0.0, 0.0, 1.0],
                [0.998481, -0.016469, -0.052578, 0.0, 0.033037, 0.94266, 0.332116, 0.05, 0.044094, -0.333349, 0.941772, 0.0, 0.0, 0.0, 0.0, 1.0],
                [0.998481, -0.016469, -0.052578, 0.0, 0.033037, 0.94266, 0.332116, 0.05, 0.044094, -0.333349, 0.941772, 0.0, 0.0, 0.0, 0.0, 1.0],
                [0.998481, -0.016469, -0.052578, 0.0, 0.033037, 0.94266, 0.332116, 0.05, 0.044094, -0.333349, 0.941772, 0.0, 0.0, 0.0, 0.0, 1.0],
                [0.998481, -0.016469, -0.052578, 0.0, 0.033037, 0.94266, 0.332116, 0.05, 0.044094, -0.333349, 0.941772, 0.0, 0.0, 0.0, 0.0, 1.0],
                [0.998481, -0.016469, -0.052578, 0.0, 0.033037, 0.94266, 0.332116, 0.05, 0.044094, -0.333349, 0.941772, 0.0, 0.0, 0.0, 0.0, 1.0],
                [0.998481, -0.016469, -0.052578, 0.0, 0.033037, 0.94266, 0.332116, 0.05, 0.044094, -0.333349, 0.941772, 0.0, 0.0, 0.0, 0.0, 1.0],
                [0.998481, -0.016469, -0.052578, 0.0, 0.033037, 0.94266, 0.332116, 0.05, 0.044094, -0.333349, 0.941772, 0.0, 0.0, 0.0, 0.0, 1.0],
                [0.998481, -0.016469, -0.052578, 0.0, 0.033037, 0.94266, 0.332116, 0.05, 0.044094, -0.333349, 0.941772, 0.0, 0.0, 0.0, 0.0, 1.0],
                [0.998481, -0.016469, -0.052578, 0.0, 0.033037, 0.94266, 0.332116, 0.05, 0.044094, -0.333349, 0.941772, 0.0, 0.0, 0.0, 0.0, 1.0],
                [0.998481, -0.016469, -0.052578, 0.0, 0.033037, 0.94266, 0.332116, 0.05, 0.044094, -0.333349, 0.941772, 0.0, 0.0, 0.0, 0.0, 1.0],
                [0.998481, -0.016469, -0.052578, 0.0, 0.033037, 0.94266, 0.332116, 0.05, 0.044094, -0.333349, 0.941772, 0.0, 0.0, 0.0, 0.0, 1.0],
