{
    "animation": [
        {
            "name": "Root",
            "time": [0.0, 0.0167, 0.0333, 0.05, 0.0667, 0.0833, 0.1, 0.1167, 0.1333, 0.15, 0.1667, 0.1833, 0.2, 0.2167, 0.2333, 0.25, 0.2667, 0.2833, 0.3, 0.3167, 0.3333, 0.35, 0.3667, 0.3833, 0.4, 0.4167, 0.4333, 0.45, 0.4667, 0.4833, 0.5, 0.5167, 0.5333],
            "transform": [
                [0.856346, 0.0, -0.516403, 0.00885, -0.516403, 0.0, -0.856346, -0.001518, 0.0, 1.0, 0.0, 0.735907, 0.0, 0.0, 0.0, 1.0],
                [0.417283, 0.0, -0.908776, 0.011749, -0.908776, 0.0, -0.417283, 0.219442, 0.0, 1.0, 0.0, 0.732871, 0.0, 0.0, 0.0, 1.0],
                [-0.438764, 0.0, -0.898603, 0.032046, -0.898603, 0.0, 0.438764, -0.077705, 0.0, 1.0, 0.0, 0.7244, 0.0, 0.0, 0.0, 1.0],
                [-0.733411, -0.073019, -0.675853, 0.151413, -0.676654, -0.016908, 0.736107, -0.29884, -0.065178, 0.997187, -0.037008, 0.711333, 0.0, 0.0, 0.0, 1.0],
                [-0.882203, -0.156134, -0.44423, 0.240335, -0.449746, -0.0, 0.893157, -0.437985, -0.139452, 0.987736, -0.070221, 0.694063, 0.0, 0.0, 0.0, 1.0],
                [-0.989075, -0.135925, 0.057046, 0.230686, 0.047345, 0.07356, 0.996166, -0.749888, -0.1396, 0.987985, -0.066321, 0.67326, 0.0, 0.0, 0.0, 1.0],
                [-0.709636, -0.042266, 0.7033, 0.213031, 0.694345, 0.12748, 0.708261, -0.877448, -0.119592, 0.99094, -0.061117, 0.651173, 0.0, 0.0, 0.0, 1.0],
                [-0.202236, 0.043664, 0.978363, 0.196041, 0.974025, 0.112878, 0.196302, -0.981401, -0.101864, 0.992649, -0.065358, 0.628982, 0.0, 0.0, 0.0, 1.0],
                [0.159869, 0.094081, 0.982645, 0.155318, 0.982415, 0.082096, -0.167692, -1.175767, -0.096447, 0.992174, -0.079302, 0.602007, 0.0, 0.0, 0.0, 1.0],
                [0.530842, 0.121097, 0.838774, 0.075982, 0.843134, 0.024541, -0.537144, -1.24264, -0.085631, 0.992337, -0.089073, 0.569571, 0.0, 0.0, 0.0, 1.0],
                [0.831667, 0.109504, 0.54437, 0.014301, 0.550854, -0.039239, -0.833679, -1.473215, -0.069931, 0.993212, -0.092955, 0.552841, 0.0, 0.0, 0.0, 1.0],
                [0.908044, 0.105162, 0.405459, -0.00213, 0.412492, -0.05616, -0.909228, -1.426848, -0.072846, 0.992868, -0.094374, 0.552841, 0.0, 0.0, 0.0, 1.0],
                [0.918999, 0.100388, 0.381266, -0.004477, 0.388009, -0.058763, -0.91978, -1.549054, -0.069931, 0.993212, -0.092955, 0.552841, 0.0, 0.0, 0.0, 1.0],
                [0.19281, -0.022208, -0.980985, -0.004206, -0.965171, 0.175872, -0.193684, -1.471189, 0.176829, 0.984162, 0.012475, 0.552255, 0.0, 0.0, 0.0, 1.0],
                [0.953508, -0.0, -0.301369, -0.002307, -0.301369, 0.0, -0.953508, -1.695978, 0.0, 1.0, 0.0, 0.548156, 0.0, 0.0, 0.0, 1.0],
                [0.8112, 0.0, -0.584769, 0.004402, -0.584769, -0.0, -0.8112, -1.87496, -0.0, 1.0, -0.0, 0.505057, 0.0, 0.0, 0.0, 1.0],
                [0.627522, 0.0, -0.778599, 0.00885, -0.778599, -0.0, -0.627522, -1.995453, -0.0, 1.0, -0.0, 0.468108, 0.0, 0.0, 0.0, 1.0],
                [0.627522, -0.0, -0.778599, 0.00885, -0.778599, 0.0, -0.627522, -1.995453, 0.0, 1.0, 0.0, 0.468108, 0.0, 0.0, 0.0, 1.0],
                [0.627522, 0.0, -0.778599, 0.00885, -0.778599, -0.0, -0.627522, -1.995453, -0.0, 1.0, -0.0, 0.468108, 0.0, 0.0, 0.0, 1.0],
                [0.627522, -0.0, -0.778599, 0.00885, -0.778599, 0.0, -0.627522, -1.995453, 0.0, 1.0, -0.0, 0.468108, 0.0, 0.0, 0.0, 1.0],
                [0.627522, -0.0, -0.778599, 0.00885, -0.778599, 0.0, -0.627522, -1.995453, 0.0, 1.0, -0.0, 0.468108, 0.0, 0.0, 0.0, 1.0],
                [0.627522, 0.0, -0.778599, 0.00885, -0.778599, 0.0, -0.627522, -1.995453, 0.0, 1.0, 0.0, 0.468108, 0.0, 0.0, 0.0, 1.0],
                [0.627522, 0.0, -0.778599, 0.00885, -0.778599, 0.0, -0.627522, -1.995453, 0.0, 1.0, 0.0, 0.468108, 0.0, 0.0, 0.0, 1.0],
                [0.627522, 0.0, -0.778599, 0.00885, -0.778599, 0.0, -0.627522, -1.995453, 0.0, 1.0, 0.0, 0.468108, 0.0, 0.0, 0.0, 1.0],
                [0.627522, 0.0, -0.778599, 0.00885, -0.778599, 0.0, -0.627522, -1.995453, 0.0, 1.0, 0.0, 0.468108, 0.0, 0.0, 0.0, 1.0],
                [0.627522, 0.0, -0.778599, 0.00885, -0.778599, 0.0, -0.627522, -1.995453, 0.0, 1.0, 0.0, 0.468108, 0.0, 0.0, 0.0, 1.0],
                [0.627522, 0.0, -0.778599, 0.00885, -0.778599, 0.0, -0.627522, -1.995453, 0.0, 1.0, 0.0, 0.468108, 0.0, 0.0, 0.0, 1.0],
                [0.627522, 0.0, -0.778599, 0.00885, -0.778599, 0.0, -0.627522, -1.995453, 0.0, 1.0, 0.0, 0.468108, 0.0, 0.0, 0.0, 1.0],
                [0.627522, 0.0, -0.778599, 0.00885, -0.778599, 0.0, -0.627522, -1.995453, 0.0, 1.0, 0.0, 0.468108, 0.0, 0.0, 0.0, 1.0],
                [0.627522, 0.0, -0.778599, 0.00885, -0.778599, 0.0, -0.627522, -1.995453, 0.0, 1.0, 0.0, 0.468108, 0.0, 0.0, 0.0, 1.0],
                [0.627522, 0.0, -0.778599, 0.00885, -0.778599, 0.0, -0.627522, -1.995453, 0.0, 1.0, 0.0, 0.468108, 0.0, 0.0, 0.0, 1.0],
                [0.627522, 0.0, -0.778599, 0.00885, -0.778599, 0.0, -0.627522, -1.995453, 0.0, 1.0, 0.0, 0.468108, 0.0, 0.0, 0.0, 1.0],
                [0.627522, 0.0, -0.778599, 0.00885, -0.778599, 0.0, -0.627522, -1.995453, 0.0, 1.0, 0.0, 0.468108, 0.0, 0.0, 0.0, 1.0]
            ]
        },
        {
            "name": "Thigh_R",
            "time": [0.0, 0.0167, 0.0333, 0.05, 0.0667, 0.0833, 0.1, 0.1167, 0.1333, 0.15, 0.1667, 0.1833, 0.2, 0.2167, 0.2333, 0.25, 0.2667, 0.2833, 0.3, 0.3167, 0.3333, 0.35, 0.3667, 0.3833, 0.4, 0.4167, 0.4333, 0.45, 0.4667, 0.4833, 0.5, 0.5167, 0.5333],
            "transform": [
                [0.969958, -0.094458, 0.224186, 0.124994, -0.161473, -0.939248, 0.30288, -0.002831, 0.181957, -0.32998, -0.926286, -1.2e-05, 0.0, 0.0, 0.0, 1.0],
                [0.983411, -0.125607, 0.13086, 0.124994, -0.15037, -0.968005, 0.20088, -0.002831, 0.101442, -0.217224, -0.970836, -1.2e-05, 0.0, 0.0, 0.0, 1.0],
                [0.971888, 0.230464, 0.048167, 0.124994, 0.214217, -0.950451, 0.22528, -0.002831, 0.097699, -0.208628, -0.973103, -1.2e-05, 0.0, 0.0, 0.0, 1.0],
                [0.750658, 0.436783, 0.495714, 0.124994, 0.292812, -0.892523, 0.343018, -0.002831, 0.592261, -0.112338, -0.797877, -1.2e-05, 0.0, 0.0, 0.0, 1.0],
                [0.62964, 0.614302, 0.475589, 0.124994, 0.191251, -0.715895, 0.671502, -0.002831, 0.752978, -0.331847, -0.568243, -1.2e-05, 0.0, 0.0, 0.0, 1.0],
                [0.885241, 0.369754, 0.282186, 0.124994, 0.108625, -0.754247, 0.647542, -0.002831, 0.45227, -0.542578, -0.707856, -1.2e-05, 0.0, 0.0, 0.0, 1.0],
                [0.801666, 0.41297, 0.432189, 0.124994, 0.127044, -0.824186, 0.551884, -0.002831, 0.584116, -0.387519, -0.713188, -1.2e-05, 0.0, 0.0, 0.0, 1.0],
                [-0.267199, 0.784214, 0.56001, 0.124994, 0.096804, -0.556354, 0.825287, -0.002831, 0.958766, 0.274727, 0.072742, -1.2e-05, 0.0, 0.0, 0.0, 1.0],
                [-0.028036, 0.889624, 0.455831, 0.124993, 0.111347, -0.450391, 0.885861, -0.002831, 0.993386, 0.07559, -0.086429, -1.2e-05, 0.0, 0.0, 0.0, 1.0],
                [0.390434, 0.805042, 0.446617, 0.124994, 0.155155, -0.535719, 0.830019, -0.002831, 0.907462, -0.254772, -0.33407, -1.2e-05, 0.0, 0.0, 0.0, 1.0],
                [0.725092, 0.663282, 0.185196, 0.124994, 0.182441, -0.444335, 0.877087, -0.002831, 0.664046, -0.60218, -0.443194, -1.2e-05, 0.0, 0.0, 0.0, 1.0],
                [0.679576, 0.713095, 0.17225, 0.124994, 0.225306, -0.426328, 0.876061, -0.002831, 0.69815, -0.55654, -0.450387, -1.2e-05, 0.0, 0.0, 0.0, 1.0],
                [0.544862, 0.808428, 0.222638, 0.124994, 0.327912, -0.449792, 0.83076, -0.00283, 0.771751, -0.379642, -0.510169, -1.2e-05, 0.0, 0.0, 0.0, 1.0],
                [0.679665, -0.622203, -0.388482, 0.124995, 0.136365, -0.413201, 0.900371, -0.002831, -0.720736, -0.664925, -0.195992, -1.2e-05, 0.0, 0.0, 0.0, 1.0],
                [0.962943, 0.254595, 0.089009, 0.124994, 0.040226, -0.461902, 0.886018, -0.002831, 0.26669, -0.849602, -0.455027, -1.2e-05, 0.0, 0.0, 0.0, 1.0],
                [0.919914, 0.392088, 0.004815, 0.124994, 0.130864, -0.318559, 0.938827, -0.002831, 0.369637, -0.863008, -0.344358, -1.2e-05, 0.0, 0.0, 0.0, 1.0],
                [0.780792, 0.594281, 0.192853, 0.124994, -0.015647, -0.289971, 0.956908, -0.002831, 0.624595, -0.750162, -0.217109, -1.2e-05, 0.0, 0.0, 0.0, 1.0],
                [0.780792, 0.594281, 0.192853, 0.124994, -0.015647, -0.289971, 0.956908, -0.002831, 0.624595, -0.750163, -0.217109, -1.2e-05, 0.0, 0.0, 0.0, 1.0],
                [0.780792, 0.594281, 0.192853, 0.124994, -0.015647, -0.289971, 0.956908, -0.002831, 0.624595, -0.750162, -0.217109, -1.2e-05, 0.0, 0.0, 0.0, 1.0],
                [0.780792, 0.594281, 0.192853, 0.124994, -0.015647, -0.289971, 0.956908, -0.002831, 0.624595, -0.750162, -0.217109, -1.2e-05, 0.0, 0.0, 0.0, 1.0],
                [0.780792, 0.594281, 0.192853, 0.124994, -0.015647, -0.289971, 0.956908, -0.002831, 0.624595, -0.750162, -0.217109, -1.2e-05, 0.0, 0.0, 0.0, 1.0],
                [0.780792, 0.594281, 0.192853, 0.124994, -0.015647, -0.289971, 0.956908, -0.002831, 0.624595, -0.750162, -0.217109, -1.2e-05, 0.0, 0.0, 0.0, 1.0],
                [0.780792, 0.594281, 0.192853, 0.124994, -0.015647, -0.289971, 0.956908, -0.002831, 0.624595, -0.750162, -0.217109, -1.2e-05, 0.0, 0.0, 0.0, 1.0],
                [0.780792, 0.594281, 0.192853, 0.124994, -0.015647, -0.289971, 0.956908, -0.002831, 0.624595, -0.750162, -0.217109, -1.2e-05, 0.0, 0.0, 0.0, 1.0],
                [0.780792, 0.594281, 0.192853, 0.124994, -0.015647, -0.289971, 0.956908, -0.002831, 0.624595, -0.750162, -0.217109, -1.2e-05, 0.0, 0.0, 0.0, 1.0],
                [0.780792, 0.594281, 0.192853, 0.124994, -0.015647, -0.289971, 0.956908, -0.002831, 0.624595, -0.750162, -0.217109, -1.2e-05, 0.0, 0.0, 0.0, 1.0],
                [0.780792, 0.594281, 0.192853, 0.124994, -0.015647, -0.289971, 0.956908, -0.002831, 0.624595, -0.750162, -0.217109, -1.2e-05, 0.0, 0.0, 0.0, 1.0],
                [0.780792, 0.594281, 0.192853, 0.124994, -0.015647, -0.289971, 0.956908, -0.002831, 0.624595, -0.750162, -0.217109, -1.2e-05, 0.0, 0.0, 0.0, 1.0],
                [0.780792, 0.594281, 0.192853, 0.124994, -0.015647, -0.289971, 0.956908, -0.002831, 0.624595, -0.750162, -0.217109, -1.2e-05, 0.0, 0.0, 0.0, 1.0],
                [0.780792, 0.594281, 0.192853, 0.124994, -0.015647, -0.289971, 0.956908, -0.002831, 0.624595, -0.750162, -0.217109, -1.2e-05, 0.0, 0.0, 0.0, 1.0],
                [0.780792, 0.594281, 0.192853, 0.124994, -0.015647, -0.289971, 0.956908, -0.002831, 0.624595, -0.750162, -0.217109, -1.2e-05, 0.0, 0.0, 0.0, 1.0],
                [0.780792, 0.594281, 0.192853, 0.124994, -0.015647, -0.289971, 0.956908, -0.002831, 0.624595, -0.750162, -0.217109, -1.2e-05, 0.0, 0.0, 0.0, 1.0],
                [0.780792, 0.594281, 0.192853, 0.124994, -0.015647, -0.289971, 0.956908, -0.002831, 0.624595, -0.750162, -0.217109, -1.2e-05, 0.0, 0.0, 0.0, 1.0]
            ]
        },
        {
            "name": "Leg_R",
            "time": [0.0, 0.0167, 0.0333, 0.05, 0.0667, 0.0833, 0.1, 0.1167, 0.1333, 0.15, 0.1667, 0.1833, 0.2, 0.2167, 0.2333, 0.25, 0.2667, 0.2833, 0.3, 0.3167, 0.3333, 0.35, 0.3667, 0.3833, 0.4, 0.4167, 0.4333, 0.45, 0.4667, 0.4833, 0.5, 0.5167, 0.5333],
            "transform": [
                [1.0, -0.0, 1e-06, 0.0, -0.0, 0.96499, 0.262302, 0.374726, -1e-06, -0.262303, 0.964981, 0.0, 0.0, 0.0, 0.0, 1.0],
                [1.000001, -0.0, 1e-06, -0.0, -0.0, 0.882944, 0.469483, 0.374726, -1e-06, -0.469486, 0.882938, 0.0, 0.0, 0.0, 0.0, 1.0],
                [1.0, -0.0, 1e-06, 0.0, -0.0, 0.881042, 0.473044, 0.374726, -1e-06, -0.473046, 0.881035, -0.0, 0.0, 0.0, 0.0, 1.0],
                [1.0, 0.0, 1e-06, 0.0, 0.0, 0.999995, 0.004684, 0.374726, -1e-06, -0.004685, 0.999984, 0.0, 0.0, 0.0, 0.0, 1.0],
                [1.0, -0.0, 1e-06, -0.0, -0.0, 0.802225, 0.597025, 0.374726, -1e-06, -0.597027, 0.802219, -0.0, 0.0, 0.0, 0.0, 1.0],
                [1.0, -1e-06, 1e-06, 0.0, -0.0, 0.525773, 0.850625, 0.374726, -1e-06, -0.850628, 0.525769, -0.0, 0.0, 0.0, 0.0, 1.0],
                [1.0, -1e-06, 1e-06, -0.0, -0.0, 0.377355, 0.926068, 0.374726, -1e-06, -0.92607, 0.377352, 0.0, 0.0, 0.0, 0.0, 1.0],
                [1.0, -1e-06, 1e-06, 0.0, -0.0, 0.404763, 0.914421, 0.374726, -1e-06, -0.914424, 0.40476, -0.0, 0.0, 0.0, 0.0, 1.0],
                [1.0, -1e-06, 1e-06, 0.0, -0.0, 0.596412, 0.802679, 0.374726, -1e-06, -0.802682, 0.596407, 0.0, 0.0, 0.0, 0.0, 1.0],
                [1.0, -0.0, 1e-06, -0.0, -0.0, 0.900438, 0.434991, 0.374726, -1e-06, -0.434994, 0.90043, 0.0, 0.0, 0.0, 0.0, 1.0],
                [1.0, -1e-06, 1e-06, 0.0, -0.0, 0.586977, 0.809604, 0.374726, -1e-06, -0.809607, 0.586973, 0.0, 0.0, 0.0, 0.0, 1.0],
                [1.0, -1e-06, 0.0, -0.0, -0.0, 0.337063, 0.941481, 0.374726, -1e-06, -0.941483, 0.337061, -0.0, 0.0, 0.0, 0.0, 1.0],
                [1.0, -1e-06, 0.0, -0.0, -0.0, 0.244271, 0.969706, 0.374726, -1e-06, -0.969708, 0.24427, 0.0, 0.0, 0.0, 0.0, 1.0],
                [1.0, -1e-06, 1e-06, 0.0, -0.0, 0.520659, 0.853764, 0.374726, -1e-06, -0.853767, 0.520655, 0.0, 0.0, 0.0, 0.0, 1.0],
                [1.0, -1e-06, 0.0, 0.0, -0.0, 0.205987, 0.978554, 0.374726, -1e-06, -0.978556, 0.205986, 0.0, 0.0, 0.0, 0.0, 1.0],
                [1.0, -1e-06, 1e-06, 0.0, -0.0, 0.279996, 0.96, 0.374726, -1e-06, -0.960003, 0.279994, -0.0, 0.0, 0.0, 0.0, 1.0],
                [1.0, -1e-06, 1e-06, 0.0, -0.0, 0.640667, 0.767819, 0.374726, -1e-06, -0.767822, 0.640662, 0.0, 0.0, 0.0, 0.0, 1.0],
                [1.0, -1e-06, 1e-06, 0.0, -0.0, 0.640666, 0.76782, 0.374726, -1e-06, -0.767823, 0.640661, -0.0, 0.0, 0.0, 0.0, 1.0],
                [1.0, -1e-06, 1e-06, -0.0, -0.0, 0.640667, 0.767819, 0.374726, -1e-06, -0.767823, 0.640662, 0.0, 0.0, 0.0, 0.0, 1.0],
                [1.0, -1e-06, 1e-06, 0.0, -0.0, 0.640667, 0.767819, 0.374726, -1e-06, -0.767822, 0.640662, 0.0, 0.0, 0.0, 0.0, 1.0],
                [1.0, -1e-06, 1e-06, 0.0, -0.0, 0.640667, 0.767819, 0.374726, -1e-06, -0.767822, 0.640662, 0.0, 0.0, 0.0, 0.0, 1.0],
                [1.0, -1e-06, 1e-06, 0.0, -0.0, 0.640667, 0.767819, 0.374726, -1e-06, -0.767822, 0.640662, 0.0, 0.0, 0.0, 0.0, 1.0],
                [1.0, -1e-06, 1e-06, 0.0, -0.0, 0.640667, 0.767819, 0.374726, -1e-06, -0.767822, 0.640662, 0.0, 0.0, 0.0, 0.0, 1.0],
                [1.0, -1e-06, 1e-06, 0.0, -0.0, 0.640667, 0.767819, 0.374726, -1e-06, -0.767822, 0.640662, 0.0, 0.0, 0.0, 0.0, 1.0],
                [1.0, -1e-06, 1e-06, 0.0, -0.0, 0.640667, 0.767819, 0.374726, -1e-06, -0.767822, 0.640662, 0.0, 0.0, 0.0, 0.0, 1.0],
                [1.0, -1e-06, 1e-06, 0.0, -0.0, 0.640667, 0.767819, 0.374726, -1e-06, -0.767822, 0.640662, 0.0, 0.0, 0.0, 0.0, 1.0],
                [1.0, -1e-06, 1e-06, 0.0, -0.0, 0.640667, 0.767819, 0.374726, -1e-06, -0.767822, 0.640662, 0.0, 0.0, 0.0, 0.0, 1.0],
                [1.0, -1e-06, 1e-06, 0.0, -0.0, 0.640667, 0.767819, 0.374726, -1e-06, -0.767822, 0.640662, 0.0, 0.0, 0.0, 0.0, 1.0],
                [1.0, -1e-06, 1e-06, 0.0, -0.0, 0.640667, 0.767819, 0.374726, -1e-06, -0.767822, 0.640662, 0.0, 0.0, 0.0, 0.0, 1.0],
                [1.0, -1e-06, 1e-06, 0.0, -0.0, 0.640667, 0.767819, 0.374726, -1e-06, -0.767822, 0.640662, 0.0, 0.0, 0.0, 0.0, 1.0],
                [1.0, -1e-06, 1e-06, 0.0, -0.0, 0.640667, 0.767819, 0.374726, -1e-06, -0.767822, 0.640662, 0.0, 0.0, 0.0, 0.0, 1.0],
                [1.0, -1e-06, 1e-06, 0.0, -0.0, 0.640667, 0.767819, 0.374726, -1e-06, -0.767822, 0.640662, 0.0, 0.0, 0.0, 0.0, 1.0],
                [1.0, -1e-06, 1e-06, 0.0, -0.0, 0.640667, 0.767819, 0.374726, -1e-06, -0.767822, 0.640662, 0.0, 0.0, 0.0, 0.0, 1.0]
            ]
        },
        {
            "name": "Knee_R",
            "time": [0.0, 0.5333],
            "transform": [
                [1.0, 0.0, -0.0, -0.0, -0.0, 0.00567, -0.999984, 0.374726, -0.0, 0.999984, 0.00567, 0.0, 0.0, 0.0, 0.0, 1.0],
                [1.0, 0.0, -0.0, 0.0, -0.0, 0.00567, -0.999984, 0.410492, -0.0, 0.999984, 0.00567, -0.000203, 0.0, 0.0, 0.0, 1.0]
            ]
        },
        {
            "name": "Thigh_L",
            "time": [0.0, 0.0167, 0.0333, 0.05, 0.0667, 0.0833, 0.1, 0.1167, 0.1333, 0.15, 0.1667, 0.1833, 0.2, 0.2167, 0.2333, 0.25, 0.2667, 0.2833, 0.3, 0.3167, 0.3333, 0.35, 0.3667, 0.3833, 0.4, 0.4167, 0.4333, 0.45, 0.4667, 0.4833, 0.5, 0.5167, 0.5333],
            "transform": [
                [0.959323, -0.079995, -0.270738, -0.125006, -0.028624, -0.981632, 0.188621, -0.002831, -0.280854, -0.173199, -0.943993, -1.2e-05, 0.0, 0.0, 0.0, 1.0],
                [0.944104, 0.022702, -0.328863, -0.125006, 0.1071, -0.964629, 0.240874, -0.002831, -0.311762, -0.262632, -0.913142, -1.2e-05, 0.0, 0.0, 0.0, 1.0],
                [0.934904, -0.139599, -0.326292, -0.125006, 0.021918, -0.894925, 0.445678, -0.002831, -0.354222, -0.423818, -0.833609, -1.2e-05, 0.0, 0.0, 0.0, 1.0],
                [0.92653, 0.004297, 0.376198, -0.125006, -0.132278, -0.93237, 0.336435, -0.002831, 0.352201, -0.361479, -0.8633, -1.2e-05, 0.0, 0.0, 0.0, 1.0],
                [0.886847, 0.191309, 0.420598, -0.125006, 0.002257, -0.912044, 0.410085, -0.00283, 0.462056, -0.362734, -0.809276, -1.2e-05, 0.0, 0.0, 0.0, 1.0],
                [0.96085, 0.121168, 0.249169, -0.125006, -0.01906, -0.868268, 0.495728, -0.002831, 0.276412, -0.481069, -0.831966, -1.2e-05, 0.0, 0.0, 0.0, 1.0],
                [0.869154, 0.042543, 0.492709, -0.125006, -0.181756, -0.899087, 0.398254, -0.002831, 0.459932, -0.435697, -0.773712, -1.2e-05, 0.0, 0.0, 0.0, 1.0],
                [0.516891, 0.079673, 0.852336, -0.125006, -0.078686, -0.987022, 0.139982, -0.002831, 0.852427, -0.139422, -0.503913, -1.2e-05, 0.0, 0.0, 0.0, 1.0],
                [0.534697, 0.068481, 0.842264, -0.125007, -0.030862, -0.994463, 0.100448, -0.002831, 0.844479, -0.079703, -0.529624, -1.2e-05, 0.0, 0.0, 0.0, 1.0],
                [0.709616, -0.119946, 0.694304, -0.125006, -0.133072, -0.990484, -0.035107, -0.002831, 0.691908, -0.06748, -0.718825, -1.2e-05, 0.0, 0.0, 0.0, 1.0],
                [0.853901, -0.208675, 0.476767, -0.125006, -0.227831, -0.973533, -0.018053, -0.002831, 0.467916, -0.093206, -0.878843, -1.2e-05, 0.0, 0.0, 0.0, 1.0],
                [0.85118, -0.157253, 0.500763, -0.125006, -0.226698, -0.97063, 0.080531, -0.002831, 0.473392, -0.182068, -0.86183, -1.2e-05, 0.0, 0.0, 0.0, 1.0],
                [0.84056, -0.060097, 0.538375, -0.125006, -0.239005, -0.933012, 0.269008, -0.002831, 0.486144, -0.354792, -0.798615, -1.2e-05, 0.0, 0.0, 0.0, 1.0],
                [0.203738, -0.414347, -0.887021, -0.125006, -0.489338, -0.827831, 0.274303, -0.002831, -0.847961, 0.378167, -0.371417, -1.2e-05, 0.0, 0.0, 0.0, 1.0],
                [0.914379, -0.316589, 0.252354, -0.125006, -0.349016, -0.932286, 0.09503, -0.002831, 0.205181, -0.174968, -0.962957, -1.2e-05, 0.0, 0.0, 0.0, 1.0],
                [0.901246, -0.260603, 0.346182, -0.125006, -0.221468, -0.963729, -0.148923, -0.002831, 0.372435, 0.057548, -0.926272, -1.2e-05, 0.0, 0.0, 0.0, 1.0],
                [0.935706, -0.18051, 0.303101, -0.125006, -0.111338, -0.96637, -0.231801, -0.002831, 0.33475, 0.183151, -0.924336, -1.2e-05, 0.0, 0.0, 0.0, 1.0],
                [0.935706, -0.18051, 0.303101, -0.125006, -0.111338, -0.96637, -0.231801, -0.002831, 0.33475, 0.183151, -0.924336, -1.2e-05, 0.0, 0.0, 0.0, 1.0],
                [0.935706, -0.18051, 0.303101, -0.125006, -0.111338, -0.96637, -0.231801, -0.002831, 0.33475, 0.183151, -0.924336, -1.2e-05, 0.0, 0.0, 0.0, 1.0],
                [0.935706, -0.18051, 0.303101, -0.125006, -0.111338, -0.96637, -0.231801, -0.002831, 0.33475, 0.183151, -0.924336, -1.2e-05, 0.0, 0.0, 0.0, 1.0],
                [0.935706, -0.18051, 0.303101, -0.125006, -0.111338, -0.96637, -0.231801, -0.002831, 0.33475, 0.183151, -0.924336, -1.2e-05, 0.0, 0.0, 0.0, 1.0],
                [0.935706, -0.18051, 0.303101, -0.125006, -0.111338, -0.96637, -0.231801, -0.002831, 0.33475, 0.183151, -0.924336, -1.2e-05, 0.0, 0.0, 0.0, 1.0],
                [0.935706, -0.18051, 0.303101, -0.125006, -0.111338, -0.96637, -0.231801, -0.002831, 0.33475, 0.183151, -0.924336, -1.2e-05, 0.0, 0.0, 0.0, 1.0],
                [0.935706, -0.18051, 0.303101, -0.125006, -0.111338, -0.96637, -0.231801, -0.002831, 0.33475, 0.183151, -0.924336, -1.2e-05, 0.0, 0.0, 0.0, 1.0],
                [0.935706, -0.18051, 0.303101, -0.125006, -0.111338, -0.96637, -0.231801, -0.002831, 0.33475, 0.183151, -0.924336, -1.2e-05, 0.0, 0.0, 0.0, 1.0],
                [0.935706, -0.18051, 0.303101, -0.125006, -0.111338, -0.96637, -0.231801, -0.002831, 0.33475, 0.183151, -0.924336, -1.2e-05, 0.0, 0.0, 0.0, 1.0],
                [0.935706, -0.18051, 0.303101, -0.125006, -0.111338, -0.96637, -0.231801, -0.002831, 0.33475, 0.183151, -0.924336, -1.2e-05, 0.0, 0.0, 0.0, 1.0],
                [0.935706, -0.18051, 0.303101, -0.125006, -0.111338, -0.96637, -0.231801, -0.002831, 0.33475, 0.183151, -0.924336, -1.2e-05, 0.0, 0.0, 0.0, 1.0],
                [0.935706, -0.18051, 0.303101, -0.125006, -0.111338, -0.96637, -0.231801, -0.002831, 0.33475, 0.183151, -0.924336, -1.2e-05, 0.0, 0.0, 0.0, 1.0],
                [0.935706, -0.18051, 0.303101, -0.125006, -0.111338, -0.96637, -0.231801, -0.002831, 0.33475, 0.183151, -0.924336, -1.2e-05, 0.0, 0.0, 0.0, 1.0],
                [0.935706, -0.18051, 0.303101, -0.125006, -0.111338, -0.96637, -0.231801, -0.002831, 0.33475, 0.183151, -0.924336, -1.2e-05, 0.0, 0.0, 0.0, 1.0],
                [0.935706, -0.18051, 0.303101, -0.125006, -0.111338, -0.96637, -0.231801, -0.002831, 0.33475, 0.183151, -0.924336, -1.2e-05, 0.0, 0.0, 0.0, 1.0],
                [0.935706, -0.18051, 0.303101, -0.125006, -0.111338, -0.96637, -0.231801, -0.002831, 0.33475, 0.183151, -0.924336, -1.2e-05, 0.0, 0.0, 0.0, 1.0]
            ]
        },
        {
            "name": "Leg_L",
            "time": [0.0, 0.0167, 0.0333, 0.05, 0.0667, 0.0833, 0.1, 0.1167, 0.1333, 0.15, 0.1667, 0.1833, 0.2, 0.2167, 0.2333, 0.25, 0.2667, 0.2833, 0.3, 0.3167, 0.3333, 0.35, 0.3667, 0.3833, 0.4, 0.4167, 0.4333, 0.45, 0.4667, 0.4833, 0.5, 0.5167, 0.5333],
            "transform": [
                [1.0, -0.0, 1e-06, 0.0, -0.0, 0.864582, 0.502492, 0.374726, -1e-06, -0.502492, 0.864581, 0.0, 0.0, 0.0, 0.0, 1.0],
                [1.0, -0.0, 1e-06, -0.0, -0.0, 0.859788, 0.510651, 0.374726, -1e-06, -0.510651, 0.859788, 0.0, 0.0, 0.0, 0.0, 1.0],
                [1.000001, -0.0, 1e-06, 0.0, -0.0, 0.883583, 0.468275, 0.374726, -1e-06, -0.468275, 0.883582, -0.0, 0.0, 0.0, 0.0, 1.0],
                [1.0, -0.0, 1e-06, 0.0, -0.0, 0.863987, 0.503514, 0.374726, -1e-06, -0.503514, 0.863987, 0.0, 0.0, 0.0, 0.0, 1.0],
                [1.0, -0.0, 1e-06, -0.0, -0.0, 0.785175, 0.619274, 0.374726, -1e-06, -0.619274, 0.785174, -0.0, 0.0, 0.0, 0.0, 1.0],
                [1.0, -1e-06, 1e-06, -0.0, -0.0, 0.722729, 0.691131, 0.374726, -1e-06, -0.691131, 0.722729, 0.0, 0.0, 0.0, 0.0, 1.0],
                [1.0, -1e-06, 1e-06, -0.0, -0.0, 0.675344, 0.737503, 0.374726, -1e-06, -0.737503, 0.675344, -0.0, 0.0, 0.0, 0.0, 1.0],
                [1.000001, -1e-06, 1e-06, -0.0, -0.0, 0.643805, 0.76519, 0.374726, -1e-06, -0.76519, 0.643805, -0.0, 0.0, 0.0, 0.0, 1.0],
                [1.0, -1e-06, 1e-06, 0.0, -0.0, 0.571151, 0.820845, 0.374726, -1e-06, -0.820845, 0.571151, 0.0, 0.0, 0.0, 0.0, 1.0],
                [1.0, -1e-06, 1e-06, 0.0, -0.0, 0.587649, 0.809116, 0.374726, -1e-06, -0.809115, 0.587649, -0.0, 0.0, 0.0, 0.0, 1.0],
                [1.0, -1e-06, 1e-06, 0.0, -0.0, 0.519921, 0.854214, 0.374726, -1e-06, -0.854214, 0.519921, -0.0, 0.0, 0.0, 0.0, 1.0],
                [1.0, -1e-06, 1e-06, 0.0, -0.0, 0.443059, 0.896492, 0.374726, -1e-06, -0.896492, 0.443059, -0.0, 0.0, 0.0, 0.0, 1.0],
                [1.0, -1e-06, 0.0, 0.0, -0.0, 0.317861, 0.948137, 0.374726, -1e-06, -0.948137, 0.317861, 0.0, 0.0, 0.0, 0.0, 1.0],
                [1.0, -1e-06, 1e-06, 0.0, -0.0, 0.448641, 0.893712, 0.374726, -1e-06, -0.893712, 0.44864, -0.0, 0.0, 0.0, 0.0, 1.0],
                [1.0, -1e-06, 1e-06, 0.0, -0.0, 0.436151, 0.899874, 0.374726, -1e-06, -0.899874, 0.436151, 0.0, 0.0, 0.0, 0.0, 1.0],
                [1.0, -1e-06, 1e-06, -0.0, -0.0, 0.493222, 0.869903, 0.374726, -1e-06, -0.869904, 0.493222, 0.0, 0.0, 0.0, 0.0, 1.0],
                [1.0, -1e-06, 1e-06, -0.0, -0.0, 0.465432, 0.885083, 0.374726, -1e-06, -0.885083, 0.465432, -0.0, 0.0, 0.0, 0.0, 1.0],
                [1.0, -1e-06, 1e-06, 0.0, -0.0, 0.465432, 0.885083, 0.374726, -1e-06, -0.885083, 0.465432, 0.0, 0.0, 0.0, 0.0, 1.0],
                [1.0, -1e-06, 1e-06, 0.0, -0.0, 0.465432, 0.885083, 0.374726, -1e-06, -0.885083, 0.465432, 0.0, 0.0, 0.0, 0.0, 1.0],
                [1.0, -1e-06, 1e-06, 0.0, -0.0, 0.465432, 0.885083, 0.374726, -1e-06, -0.885083, 0.465432, 0.0, 0.0, 0.0, 0.0, 1.0],
                [1.0, -1e-06, 1e-06, 0.0, -0.0, 0.465432, 0.885083, 0.374726, -1e-06, -0.885083, 0.465432, 0.0, 0.0, 0.0, 0.0, 1.0],
                [1.0, -1e-06, 1e-06, 0.0, -0.0, 0.465432, 0.885083, 0.374726, -1e-06, -0.885083, 0.465432, 0.0, 0.0, 0.0, 0.0, 1.0],
                [1.0, -1e-06, 1e-06, 0.0, -0.0, 0.465432, 0.885083, 0.374726, -1e-06, -0.885083, 0.465432, 0.0, 0.0, 0.0, 0.0, 1.0],
                [1.0, -1e-06, 1e-06, 0.0, -0.0, 0.465432, 0.885083, 0.374726, -1e-06, -0.885083, 0.465432, 0.0, 0.0, 0.0, 0.0, 1.0],
                [1.0, -1e-06, 1e-06, 0.0, -0.0, 0.465432, 0.885083, 0.374726, -1e-06, -0.885083, 0.465432, 0.0, 0.0, 0.0, 0.0, 1.0],
                [1.0, -1e-06, 1e-06, 0.0, -0.0, 0.465432, 0.885083, 0.374726, -1e-06, -0.885083, 0.465432, 0.0, 0.0, 0.0, 0.0, 1.0],
                [1.0, -1e-06, 1e-06, 0.0, -0.0, 0.465432, 0.885083, 0.374726, -1e-06, -0.885083, 0.465432, 0.0, 0.0, 0.0, 0.0, 1.0],
                [1.0, -1e-06, 1e-06, 0.0, -0.0, 0.465432, 0.885083, 0.374726, -1e-06, -0.885083, 0.465432, 0.0, 0.0, 0.0, 0.0, 1.0],
                [1.0, -1e-06, 1e-06, 0.0, -0.0, 0.465432, 0.885083, 0.374726, -1e-06, -0.885083, 0.465432, 0.0, 0.0, 0.0, 0.0, 1.0],
                [1.0, -1e-06, 1e-06, 0.0, -0.0, 0.465432, 0.885083, 0.374726, -1e-06, -0.885083, 0.465432, 0.0, 0.0, 0.0, 0.0, 1.0],
                [1.0, -1e-06, 1e-06, 0.0, -0.0, 0.465432, 0.885083, 0.374726, -1e-06, -0.885083, 0.465432, 0.0, 0.0, 0.0, 0.0, 1.0],
                [1.0, -1e-06, 1e-06, 0.0, -0.0, 0.465432, 0.885083, 0.374726, -1e-06, -0.885083, 0.465432, 0.0, 0.0, 0.0, 0.0, 1.0],
                [1.0, -1e-06, 1e-06, 0.0, -0.0, 0.465432, 0.885083, 0.374726, -1e-06, -0.885083, 0.465432, 0.0, 0.0, 0.0, 0.0, 1.0]
            ]
        },
        {
            "name": "Knee_L",
            "time": [0.0, 0.5333],
            "transform": [
                [1.0, 0.0, -0.0, -0.0, -0.0, 0.00567, -0.999984, 0.374726, -0.0, 0.999984, 0.00567, 0.0, 0.0, 0.0, 0.0, 1.0],
                [1.0, 0.0, -0.0, -0.0, -0.0, 0.00567, -0.999984, 0.432681, -0.0, 0.999984, 0.00567, -0.000329, 0.0, 0.0, 0.0, 1.0]
            ]
        },
        {
            "name": "Torso",
            "time": [0.0, 0.0167, 0.0333, 0.05, 0.0667, 0.0833, 0.1, 0.1167, 0.1333, 0.15, 0.1667, 0.1833, 0.2, 0.2167, 0.2333, 0.25, 0.2667, 0.2833, 0.3, 0.3167, 0.3333, 0.35, 0.3667, 0.3833, 0.4, 0.4167, 0.4333, 0.45, 0.4667, 0.4833, 0.5, 0.5167, 0.5333],
            "transform": [
                [0.990891, -0.076137, -0.111075, 0.0, 0.077909, 0.996892, 0.011694, 0.05, 0.109839, -0.020241, 0.993743, 0.0, 0.0, 0.0, 0.0, 1.0],
                [0.989996, -0.075904, -0.11894, -0.0, 0.077857, 0.996894, 0.011854, 0.05, 0.117671, -0.020996, 0.992831, -0.0, 0.0, 0.0, 0.0, 1.0],
                [0.987164, -0.075498, -0.140737, 0.0, 0.077909, 0.996892, 0.011694, 0.05, 0.139417, -0.022508, 0.989978, -0.0, 0.0, 0.0, 0.0, 1.0],
                [0.981842, -0.075066, -0.174214, 0.0, 0.078147, 0.996882, 0.010883, 0.05, 0.172853, -0.024299, 0.984648, -0.0, 0.0, 0.0, 0.0, 1.0],
                [0.972972, -0.073472, -0.218921, -0.0, 0.077909, 0.996892, 0.011694, 0.05, 0.217381, -0.028434, 0.975672, 0.0, 0.0, 0.0, 0.0, 1.0],
                [0.959705, -0.062131, -0.274053, 0.0, 0.074766, 0.996555, 0.035892, 0.05, 0.270879, -0.054935, 0.961044, -0.0, 0.0, 0.0, 0.0, 1.0],
                [0.942278, -0.040168, -0.332415, 0.0, 0.071561, 0.993999, 0.08274, 0.05, 0.327096, -0.101752, 0.939497, -0.0, 0.0, 0.0, 0.0, 1.0],
                [0.921096, -0.015483, -0.389027, 0.0, 0.07123, 0.989046, 0.129288, 0.05, 0.382763, -0.146797, 0.912109, -0.0, 0.0, 0.0, 0.0, 1.0],
                [0.890568, 0.000505, -0.45485, -0.0, 0.07544, 0.985985, 0.148801, 0.05, 0.44855, -0.166832, 0.878049, 0.0, 0.0, 0.0, 0.0, 1.0],
                [0.847668, 0.002999, -0.530518, 0.0, 0.081431, 0.987399, 0.135693, 0.05, 0.52424, -0.158223, 0.836742, 0.0, 0.0, 0.0, 0.0, 1.0],
                [0.823131, 0.001562, -0.56785, -0.0, 0.08376, 0.988724, 0.124134, 0.05, 0.561641, -0.149741, 0.813718, -0.0, 0.0, 0.0, 0.0, 1.0],
                [0.823131, 0.001562, -0.56785, -0.0, 0.08376, 0.988724, 0.124134, 0.05, 0.561641, -0.149741, 0.813718, 0.0, 0.0, 0.0, 0.0, 1.0],
                [0.823131, 0.001562, -0.56785, -0.0, 0.08376, 0.988724, 0.124134, 0.05, 0.561641, -0.149742, 0.813718, -0.0, 0.0, 0.0, 0.0, 1.0],
                [0.855705, -0.029581, 0.516618, 0.0, 0.11137, 0.985496, -0.12804, 0.05, -0.505337, 0.1671, 0.846588, 0.0, 0.0, 0.0, 0.0, 1.0],
                [0.680679, -0.044619, -0.731222, 0.0, 0.077909, 0.996892, 0.011694, 0.05, 0.728427, -0.064928, 0.68204, 0.0, 0.0, 0.0, 0.0, 1.0],
                [0.680679, -0.044619, -0.731222, -0.0, 0.077909, 0.996892, 0.011694, 0.05, 0.728427, -0.064928, 0.68204, 0.0, 0.0, 0.0, 0.0, 1.0],
                [0.680679, -0.044619, -0.731222, -0.0, 0.077909, 0.996892, 0.011694, 0.05, 0.728427, -0.064929, 0.68204, -0.0, 0.0, 0.0, 0.0, 1.0],
                [0.680679, -0.044619, -0.731222, -0.0, 0.077909, 0.996892, 0.011694, 0.05, 0.728427, -0.064929, 0.68204, -0.0, 0.0, 0.0, 0.0, 1.0],
                [0.680679, -0.044619, -0.731222, -0.0, 0.077909, 0.996892, 0.011694, 0.05, 0.728427, -0.064928, 0.68204, -0.0, 0.0, 0.0, 0.0, 1.0],
                [0.680679, -0.044619, -0.731222, -0.0, 0.077909, 0.996892, 0.011694, 0.05, 0.728427, -0.064929, 0.68204, -0.0, 0.0, 0.0, 0.0, 1.0],
                [0.680679, -0.044619, -0.731222, -0.0, 0.077909, 0.996892, 0.011694, 0.05, 0.728427, -0.064929, 0.68204, -0.0, 0.0, 0.0, 0.0, 1.0],
                [0.680679, -0.044619, -0.731222, -0.0, 0.077909, 0.996892, 0.011694, 0.05, 0.728427, -0.064928, 0.68204, -0.0, 0.0, 0.0, 0.0, 1.0],
                [0.680679, -0.044619, -0.731222, -0.0, 0.077909, 0.996892, 0.011694, 0.05, 0.728427, -0.064929, 0.68204, -0.0, 0.0, 0.0, 0.0, 1.0],
                [0.680679, -0.044619, -0.731222, -0.0, 0.077909, 0.996892, 0.011694, 0.05, 0.728427, -0.064929, 0.68204, -0.0, 0.0, 0.0, 0.0, 1.0],
                [0.680679, -0.044619, -0.731222, -0.0, 0.077909, 0.996892, 0.011694, 0.05, 0.728427, -0.064928, 0.68204, -0.0, 0.0, 0.0, 0.0, 1.0],
                [0.680679, -0.044619, -0.731222, -0.0, 0.077909, 0.996892, 0.011694, 0.05, 0.728427, -0.064929, 0.68204, -0.0, 0.0, 0.0, 0.0, 1.0],
                [0.680679, -0.044619, -0.731222, -0.0, 0.077909, 0.996892, 0.011694, 0.05, 0.728427, -0.064929, 0.68204, -0.0, 0.0, 0.0, 0.0, 1.0],
                [0.680679, -0.044619, -0.731222, -0.0, 0.077909, 0.996892, 0.011694, 0.05, 0.728427, -0.064928, 0.68204, -0.0, 0.0, 0.0, 0.0, 1.0],
                [0.680679, -0.044619, -0.731222, -0.0, 0.077909, 0.996892, 0.011694, 0.05, 0.728427, -0.064929, 0.68204, -0.0, 0.0, 0.0, 0.0, 1.0],
                [0.680679, -0.044619, -0.731222, -0.0, 0.077909, 0.996892, 0.011694, 0.05, 0.728427, -0.064929, 0.68204, -0.0, 0.0, 0.0, 0.0, 1.0],
                [0.680679, -0.044619, -0.731222, -0.0, 0.077909, 0.996892, 0.011694, 0.05, 0.728427, -0.064928, 0.68204, -0.0, 0.0, 0.0, 0.0, 1.0],
                [0.680679, -0.044619, -0.731222, -0.0, 0.077909, 0.996892, 0.011694, 0.05, 0.728427, -0.064929, 0.68204, -0.0, 0.0, 0.0, 0.0, 1.0],
                [0.680679, -0.044619, -0.731222, -0.0, 0.077909, 0.996892, 0.011694, 0.05, 0.728427, -0.064929, 0.68204, -0.0, 0.0, 0.0, 0.0, 1.0]
            ]
        },
        {
            "name": "Chest",
            "time": [0.0, 0.0167, 0.0333, 0.05, 0.0667, 0.0833, 0.1, 0.1167, 0.1333, 0.15, 0.1667, 0.1833, 0.2, 0.2167, 0.2333, 0.25, 0.2667, 0.2833, 0.3, 0.3167, 0.3333, 0.35, 0.3667, 0.3833, 0.4, 0.4167, 0.4333, 0.45, 0.4667, 0.4833, 0.5, 0.5167, 0.5333],
            "transform": [
                [0.891777, 0.025188, -0.451775, -0.0, 0.072552, 0.97757, 0.197717, 0.3, 0.446622, -0.209097, 0.869947, -0.0, 0.0, 0.0, 0.0, 1.0],
                [0.89142, 0.025495, -0.452461, -0.0, 0.072501, 0.977533, 0.197919, 0.3, 0.447342, -0.209233, 0.869544, -0.0, 0.0, 0.0, 0.0, 1.0],
                [0.889702, 0.026211, -0.455788, 0.0, 0.072666, 0.977493, 0.198057, 0.3, 0.450721, -0.209332, 0.867773, -0.0, 0.0, 0.0, 0.0, 1.0],
                [0.886368, 0.027187, -0.462183, 0.0, 0.073198, 0.97749, 0.197877, 0.3, 0.457159, -0.209223, 0.864425, -0.0, 0.0, 0.0, 0.0, 1.0],
                [0.884142, 0.028911, -0.466323, -0.0, 0.072974, 0.977289, 0.198948, 0.3, 0.461484, -0.209928, 0.861953, -0.0, 0.0, 0.0, 0.0, 1.0],
                [0.911878, 0.056457, -0.406561, -0.0, 0.06526, 0.957955, 0.279399, 0.3, 0.405241, -0.28131, 0.869853, 0.0, 0.0, 0.0, 0.0, 1.0],
                [0.960775, 0.095067, -0.260527, 0.0, 0.032105, 0.894968, 0.444974, 0.3, 0.275465, -0.435884, 0.85681, -0.0, 0.0, 0.0, 0.0, 1.0],
                [0.988728, 0.106881, -0.104853, -0.0, -0.024529, 0.806468, 0.590768, 0.3, 0.147702, -0.581537, 0.799999, 0.0, 0.0, 0.0, 0.0, 1.0],
                [0.994057, 0.103404, -0.034039, -0.0, -0.056838, 0.759659, 0.647834, 0.3, 0.092847, -0.642049, 0.761021, 0.0, 0.0, 0.0, 0.0, 1.0],
                [0.991204, 0.108654, -0.075555, -0.0, -0.038491, 0.78292, 0.620931, 0.3, 0.12662, -0.612561, 0.780216, 0.0, 0.0, 0.0, 0.0, 1.0],
                [0.986705, 0.112354, -0.11743, 0.0, -0.021228, 0.805456, 0.592276, 0.3, 0.161129, -0.581908, 0.797132, 0.0, 0.0, 0.0, 0.0, 1.0],
                [0.986705, 0.112354, -0.117429, 0.0, -0.021228, 0.805456, 0.592275, 0.3, 0.161129, -0.581908, 0.797132, 0.0, 0.0, 0.0, 0.0, 1.0],
                [0.986705, 0.112354, -0.117429, 0.0, -0.021228, 0.805456, 0.592275, 0.3, 0.161129, -0.581908, 0.797132, 0.0, 0.0, 0.0, 0.0, 1.0],
                [0.933981, 0.104047, -0.341838, -0.0, 0.049387, 0.909896, 0.411886, 0.3, 0.353893, -0.401576, 0.844688, 0.0, 0.0, 0.0, 0.0, 1.0],
                [0.838653, 0.049224, -0.542438, 0.0, 0.075615, 0.975742, 0.205452, 0.3, 0.539392, -0.21332, 0.814586, -0.0, 0.0, 0.0, 0.0, 1.0],
                [0.838653, 0.049224, -0.542438, 0.0, 0.075615, 0.975741, 0.205452, 0.3, 0.539392, -0.21332, 0.814586, -0.0, 0.0, 0.0, 0.0, 1.0],
                [0.838653, 0.049224, -0.542438, -0.0, 0.075615, 0.975741, 0.205452, 0.3, 0.539392, -0.21332, 0.814586, -0.0, 0.0, 0.0, 0.0, 1.0],
                [0.838653, 0.049224, -0.542438, -0.0, 0.075615, 0.975741, 0.205452, 0.3, 0.539392, -0.21332, 0.814586, -0.0, 0.0, 0.0, 0.0, 1.0],
                [0.838653, 0.049224, -0.542438, 0.0, 0.075615, 0.975741, 0.205452, 0.3, 0.539392, -0.21332, 0.814586, -0.0, 0.0, 0.0, 0.0, 1.0],
                [0.838653, 0.049224, -0.542438, -0.0, 0.075615, 0.975741, 0.205452, 0.3, 0.539392, -0.21332, 0.814586, -0.0, 0.0, 0.0, 0.0, 1.0],
                [0.838653, 0.049224, -0.542438, -0.0, 0.075615, 0.975741, 0.205452, 0.3, 0.539392, -0.21332, 0.814586, -0.0, 0.0, 0.0, 0.0, 1.0],
                [0.838653, 0.049224, -0.542438, 0.0, 0.075615, 0.975741, 0.205452, 0.3, 0.539392, -0.21332, 0.814586, -0.0, 0.0, 0.0, 0.0, 1.0],
                [0.838653, 0.049224, -0.542438, -0.0, 0.075615, 0.975741, 0.205452, 0.3, 0.539392, -0.21332, 0.814586, -0.0, 0.0, 0.0, 0.0, 1.0],
                [0.838653, 0.049224, -0.542438, -0.0, 0.075615, 0.975741, 0.205452, 0.3, 0.539392, -0.21332, 0.814586, -0.0, 0.0, 0.0, 0.0, 1.0],
                [0.838653, 0.049224, -0.542438, 0.0, 0.075615, 0.975741, 0.205452, 0.3, 0.539392, -0.21332, 0.814586, -0.0, 0.0, 0.0, 0.0, 1.0],
                [0.838653, 0.049224, -0.542438, -0.0, 0.075615, 0.975741, 0.205452, 0.3, 0.539392, -0.21332, 0.814586, -0.0, 0.0, 0.0, 0.0, 1.0],
                [0.838653, 0.049224, -0.542438, -0.0, 0.075615, 0.975741, 0.205452, 0.3, 0.539392, -0.21332, 0.814586, -0.0, 0.0, 0.0, 0.0, 1.0],
                [0.838653, 0.049224, -0.542438, 0.0, 0.075615, 0.975741, 0.205452, 0.3, 0.539392, -0.21332, 0.814586, -0.0, 0.0, 0.0, 0.0, 1.0],
                [0.838653, 0.049224, -0.542438, -0.0, 0.075615, 0.975741, 0.205452, 0.3, 0.539392, -0.21332, 0.814586, -0.0, 0.0, 0.0, 0.0, 1.0],
                [0.838653, 0.049224, -0.542438, -0.0, 0.075615, 0.975741, 0.205452, 0.3, 0.539392, -0.21332, 0.814586, -0.0, 0.0, 0.0, 0.0, 1.0],
                [0.838653, 0.049224, -0.542438, 0.0, 0.075615, 0.975741, 0.205452, 0.3, 0.539392, -0.21332, 0.814586, -0.0, 0.0, 0.0, 0.0, 1.0],
                [0.838653, 0.049224, -0.542438, -0.0, 0.075615, 0.975741, 0.205452, 0.3, 0.539392, -0.21332, 0.814586, -0.0, 0.0, 0.0, 0.0, 1.0],
                [0.838653, 0.049224, -0.542438, -0.0, 0.075615, 0.975741, 0.205452, 0.3, 0.539392, -0.21332, 0.814586, -0.0, 0.0, 0.0, 0.0, 1.0]
            ]
        },
        {
            "name": "Head",
            "time": [0.0, 0.0167, 0.0333, 0.05, 0.0667, 0.0833, 0.1, 0.1167, 0.1333, 0.15, 0.1667, 0.1833, 0.2, 0.2167, 0.2333, 0.25, 0.2667, 0.2833, 0.3, 0.3167, 0.3333, 0.35, 0.3667, 0.3833, 0.4, 0.4167, 0.4333, 0.45, 0.4667, 0.4833, 0.5, 0.5167, 0.5333],
            "transform": [
                [0.99626, -0.083988, -0.020315, -0.0, 0.08319, 0.995833, -0.037348, 0.4, 0.023367, 0.035518, 0.999096, -0.0, 0.0, 0.0, 0.0, 1.0],
                [0.989632, 0.015093, -0.142831, -0.0, -0.024853, 0.997457, -0.066796, 0.4, 0.14146, 0.069653, 0.98749, -0.0, 0.0, 0.0, 0.0, 1.0],
                [0.957701, 0.109219, -0.266232, -0.0, -0.135607, 0.987298, -0.082783, 0.4, 0.253809, 0.115385, 0.960347, -0.0, 0.0, 0.0, 0.0, 1.0],
                [0.960596, 0.108847, -0.255749, -0.0, -0.133916, 0.987536, -0.082693, 0.4, 0.24356, 0.113684, 0.9632, -0.0, 0.0, 0.0, 0.0, 1.0],
                [0.969032, 0.104479, -0.223744, 0.0, -0.125061, 0.98893, -0.079849, 0.4, 0.212925, 0.105358, 0.971371, 0.0, 0.0, 0.0, 0.0, 1.0],
                [0.98014, 0.095022, -0.174057, 0.0, -0.109094, 0.991338, -0.073125, 0.4, 0.165601, 0.090662, 0.982017, 0.0, 0.0, 0.0, 0.0, 1.0],
                [0.990601, 0.087751, -0.104924, 0.0, -0.095208, 0.993111, -0.068303, 0.4, 0.098207, 0.077651, 0.992132, -0.0, 0.0, 0.0, 0.0, 1.0],
                [0.996176, 0.085441, -0.018277, 0.0, -0.086492, 0.993952, -0.067664, 0.4, 0.012385, 0.068987, 0.997541, 0.0, 0.0, 0.0, 0.0, 1.0],
                [0.996299, 0.058667, 0.062815, 0.0, -0.055828, 0.997378, -0.046037, 0.4, -0.065352, 0.04236, 0.996963, -0.0, 0.0, 0.0, 0.0, 1.0],
                [0.992759, -0.047395, 0.11038, 0.0, 0.040688, 0.997231, 0.062244, 0.4, -0.113025, -0.057302, 0.991938, 0.0, 0.0, 0.0, 0.0, 1.0],
                [0.985857, -0.118478, 0.118531, -0.0, 0.102011, 0.985376, 0.136486, 0.4, -0.132968, -0.122464, 0.983525, -0.0, 0.0, 0.0, 0.0, 1.0],
                [0.985857, -0.118478, 0.118531, -0.0, 0.102011, 0.985376, 0.136486, 0.4, -0.132968, -0.122464, 0.983525, -0.0, 0.0, 0.0, 0.0, 1.0],
                [0.985857, -0.118478, 0.118531, 0.0, 0.102011, 0.985376, 0.136486, 0.4, -0.132968, -0.122464, 0.983525, -0.0, 0.0, 0.0, 0.0, 1.0],
                [0.935527, -0.094346, 0.340422, -0.0, 0.06362, 0.992917, 0.100343, 0.4, -0.347478, -0.072216, 0.934903, 0.0, 0.0, 0.0, 0.0, 1.0],
                [0.840681, -0.06053, 0.538138, 0.0, 0.034924, 0.997725, 0.057667, 0.4, -0.540404, -0.029685, 0.840882, 0.0, 0.0, 0.0, 0.0, 1.0],
                [0.840681, -0.06053, 0.538137, 0.0, 0.034924, 0.997725, 0.057667, 0.4, -0.540404, -0.029685, 0.840882, 0.0, 0.0, 0.0, 0.0, 1.0],
                [0.840681, -0.06053, 0.538138, 0.0, 0.034924, 0.997725, 0.057667, 0.4, -0.540404, -0.029685, 0.840882, -0.0, 0.0, 0.0, 0.0, 1.0],
