{
    "animation": [
        {
            "name": "Root",
            "time": [0.0, 0.0167, 0.0333, 0.05, 0.0667, 0.0833, 0.1, 0.1167, 0.1333, 0.15, 0.1667, 0.1833, 0.2, 0.2167, 0.2333, 0.25, 0.2667, 0.2833, 0.3, 0.3167, 0.3333, 0.35, 0.3667, 0.3833, 0.4, 0.4167, 0.4333, 0.45, 0.4667, 0.4833, 0.5, 0.5167, 0.5333],
            "transform": [
                [0.856346, 0.0, -0.516403, 0.00885, -0.516403, 0.0, -0.856346, -0.001518, 0.0, 1.0, 0.0, 0.735907, 0.0, 0.0, 0.0, 1.0],
                [0.417283, 0.0, -0.908776, 0.011749, -0.908776, 0.0, -0.417283, -0.084885, 0.0, 1.0, 0.0, 0.732871, 0.0, 0.0, 0.0, 1.0],
                [-0.438764, 0.0, -0.898603, 0.032046, -0.898603, 0.0, 0.438764, -0.269428, 0.0, 1.0, 0.0, 0.7244, 0.0, 0.0, 0.0, 1.0],
                [-0.733411, -0.073019, -0.675853, 0.144889, -0.676654, -0.016908, 0.736107, -0.476131, -0.065178, 0.997187, -0.037008, 0.711333, 0.0, 0.0, 0.0, 1.0],
                [-0.882203, -0.156134, -0.44423, 0.240335, -0.449746, -0.0, 0.893157, -0.703244, -0.139452, 0.987736, -0.070221, 0.694063, 0.0, 0.0, 0.0, 1.0],
                [-0.989075, -0.135925, 0.057046, 0.230686, 0.047345, 0.07356, 0.996166, -0.961546, -0.1396, 0.987985, -0.066321, 0.67326, 0.0, 0.0, 0.0, 1.0],
                [-0.709636, -0.042266, 0.7033, 0.213031, 0.694345, 0.12748, 0.708261, -1.234673, -0.119592, 0.99094, -0.061117, 0.651173, 0.0, 0.0, 0.0, 1.0],
                [-0.202236, 0.043664, 0.978363, 0.196041, 0.974025, 0.112878, 0.196302, -1.503443, -0.101864, 0.992649, -0.065358, 0.628982, 0.0, 0.0, 0.0, 1.0],
                [0.159869, 0.094081, 0.982645, 0.155318, 0.982415, 0.082096, -0.167692, -1.76457, -0.096447, 0.992174, -0.079302, 0.602007, 0.0, 0.0, 0.0, 1.0],
                [0.530842, 0.121097, 0.838774, 0.075982, 0.843134, 0.024541, -0.537144, -2.005288, -0.085631, 0.992337, -0.089073, 0.569571, 0.0, 0.0, 0.0, 1.0],
                [0.831667, 0.109504, 0.54437, 0.014301, 0.550854, -0.039239, -0.833679, -2.159001, -0.069931, 0.993212, -0.092955, 0.552841, 0.0, 0.0, 0.0, 1.0],
                [0.908044, 0.105162, 0.405459, -0.00213, 0.412492, -0.05616, -0.909228, -2.194764, -0.072846, 0.992868, -0.094374, 0.552841, 0.0, 0.0, 0.0, 1.0],
                [0.918999, 0.100388, 0.381266, -0.004477, 0.388009, -0.058763, -0.91978, -2.27805, -0.069931, 0.993212, -0.092955, 0.552841, 0.0, 0.0, 0.0, 1.0],
                [0.19281, -0.022208, -0.980985, -0.004206, -0.965171, 0.175872, -0.193684, -2.54173, 0.176829, 0.984162, 0.012475, 0.552255, 0.0, 0.0, 0.0, 1.0],
                [0.953508, -0.0, -0.301369, -0.002307, -0.301369, 0.0, -0.953508, -2.716123, 0.0, 1.0, 0.0, 0.548156, 0.0, 0.0, 0.0, 1.0],
                [0.8112, 0.0, -0.584769, 0.004402, -0.584769, -0.0, -0.8112, -2.903031, -0.0, 1.0, -0.0, 0.505057, 0.0, 0.0, 0.0, 1.0],
                [0.627522, 0.0, -0.778599, 0.00885, -0.778599, -0.0, -0.627522, -3.006799, -0.0, 1.0, -0.0, 0.468108, 0.0, 0.0, 0.0, 1.0],
                [0.627522, -0.0, -0.778599, 0.00885, -0.778599, 0.0, -0.627522, -3.006799, 0.0, 1.0, 0.0, 0.468108, 0.0, 0.0, 0.0, 1.0],
                [0.627522, 0.0, -0.778599, 0.00885, -0.778599, -0.0, -0.627522, -3.006799, -0.0, 1.0, -0.0, 0.468108, 0.0, 0.0, 0.0, 1.0],
                [0.627522, -0.0, -0.778599, 0.00885, -0.778599, 0.0, -0.627522, -3.006799, 0.0, 1.0, -0.0, 0.468108, 0.0, 0.0, 0.0, 1.0],
                [0.627522, -0.0, -0.778599, 0.00885, -0.778599, 0.0, -0.627522, -3.006799, 0.0, 1.0, -0.0, 0.468108, 0.0, 0.0, 0.0, 1.0],
                [0.627522, 0.0, -0.778599, 0.00885, -0.778599, 0.0, -0.627522, -3.006799, 0.0, 1.0, 0.0, 0.468108, 0.0, 0.0, 0.0, 1.0],
                [0.627522, 0.0, -0.778599, 0.00885, -0.778599, 0.0, -0.627522, -3.006799, 0.0, 1.0, 0.0, 0.468108, 0.0, 0.0, 0.0, 1.0],
                [0.627522, 0.0, -0.778599, 0.00885, -0.778599, 0.0, -0.627522, -3.006799, 0.0, 1.0, 0.0, 0.468108, 0.0, 0.0, 0.0, 1.0],
                [0.627522, 0.0, -0.778599, 0.00885, -0.778599, 0.0, -0.627522, -3.006799, 0.0, 1.0, 0.0, 0.468108, 0.0, 0.0, 0.0, 1.0],
                [0.627522, 0.0, -0.778599, 0.00885, -0.778599, 0.0, -0.627522, -3.006799, 0.0, 1.0, 0.0, 0.468108, 0.0, 0.0, 0.0, 1.0],
                [0.627522, 0.0, -0.778599, 0.00885, -0.778599, 0.0, -0.627522, -3.006799, 0.0, 1.0, 0.0, 0.468108, 0.0, 0.0, 0.0, 1.0],
                [0.627522, 0.0, -0.778599, 0.00885, -0.778599, 0.0, -0.627522, -3.006799, 0.0, 1.0, 0.0, 0.468108, 0.0, 0.0, 0.0, 1.0],
                [0.627522, 0.0, -0.778599, 0.00885, -0.778599, 0.0, -0.627522, -3.006799, 0.0, 1.0, 0.0, 0.468108, 0.0, 0.0, 0.0, 1.0],
                [0.627522, 0.0, -0.778599, 0.00885, -0.778599, 0.0, -0.627522, -3.006799, 0.0, 1.0, 0.0, 0.468108, 0.0, 0.0, 0.0, 1.0],
                [0.627522, 0.0, -0.778599, 0.00885, -0.778599, 0.0, -0.627522, -3.006799, 0.0, 1.0, 0.0, 0.468108, 0.0, 0.0, 0.0, 1.0],
                [0.627522, 0.0, -0.778599, 0.00885, -0.778599, 0.0, -0.627522, -3.006799, 0.0, 1.0, 0.0, 0.468108, 0.0, 0.0, 0.0, 1.0],
                [0.627522, 0.0, -0.778599, 0.00885, -0.778599, 0.0, -0.627522, -3.006799, 0.0, 1.0, 0.0, 0.468108, 0.0, 0.0, 0.0, 1.0]
            ]
        },
        {
            "name": "Thigh_R",
            "time": [0.0, 0.0167, 0.0333, 0.05, 0.0667, 0.0833, 0.1, 0.1167, 0.1333, 0.15, 0.1667, 0.1833, 0.2, 0.2167, 0.2333, 0.25, 0.2667, 0.2833, 0.3, 0.3167, 0.3333, 0.35, 0.3667, 0.3833, 0.4, 0.4167, 0.4333, 0.45, 0.4667, 0.4833, 0.5, 0.5167, 0.5333],
            "transform": [
                [0.969958, -0.094458, 0.224186, 0.124994, -0.161473, -0.939248, 0.30288, -0.002831, 0.181957, -0.32998, -0.926286, -1.2e-05, 0.0, 0.0, 0.0, 1.0],
                [0.983411, -0.125607, 0.13086, 0.124994, -0.15037, -0.968005, 0.20088, -0.002831, 0.101442, -0.217225, -0.970836, -1.2e-05, 0.0, 0.0, 0.0, 1.0],
                [0.971888, 0.230464, 0.048166, 0.124994, 0.214217, -0.950451, 0.22528, -0.002831, 0.097699, -0.208629, -0.973103, -1.2e-05, 0.0, 0.0, 0.0, 1.0],
                [0.767013, 0.473653, 0.432831, 0.124994, 0.290121, -0.857699, 0.424475, -0.002831, 0.572293, -0.200005, -0.795285, -1.2e-05, 0.0, 0.0, 0.0, 1.0],
                [0.62964, 0.614302, 0.475589, 0.124994, 0.191251, -0.715896, 0.671502, -0.002831, 0.752978, -0.331847, -0.568243, -1.2e-05, 0.0, 0.0, 0.0, 1.0],
                [0.843236, 0.405919, 0.352395, 0.124994, 0.08432, -0.747332, 0.659078, -0.002831, 0.530889, -0.526043, -0.664406, -1.2e-05, 0.0, 0.0, 0.0, 1.0],
                [0.801667, 0.412969, 0.432189, 0.124994, 0.127044, -0.824186, 0.551883, -0.002831, 0.584116, -0.387519, -0.713189, -1.2e-05, 0.0, 0.0, 0.0, 1.0],
                [-0.268471, 0.786046, 0.556825, 0.124994, 0.095807, -0.55339, 0.827393, -0.002831, 0.958511, 0.275478, 0.073261, -1.2e-05, 0.0, 0.0, 0.0, 1.0],
                [-0.028036, 0.889623, 0.455831, 0.124994, 0.111346, -0.450392, 0.88586, -0.00283, 0.993386, 0.075591, -0.086429, -1.2e-05, 0.0, 0.0, 0.0, 1.0],
                [0.385151, 0.856683, 0.343148, 0.124993, 0.174275, -0.432661, 0.884552, -0.002831, 0.906249, -0.280884, -0.315938, -1.2e-05, 0.0, 0.0, 0.0, 1.0],
                [0.725092, 0.663282, 0.185197, 0.124994, 0.182441, -0.444335, 0.877087, -0.002831, 0.664046, -0.60218, -0.443194, -1.2e-05, 0.0, 0.0, 0.0, 1.0],
                [0.679913, 0.708962, 0.187322, 0.124994, 0.193703, -0.420023, 0.8866, -0.00283, 0.707246, -0.566525, -0.422908, -1.2e-05, 0.0, 0.0, 0.0, 1.0],
                [0.544861, 0.808429, 0.222638, 0.124994, 0.327913, -0.449792, 0.83076, -0.002831, 0.771751, -0.379642, -0.510169, -1.2e-05, 0.0, 0.0, 0.0, 1.0],
                [0.679665, -0.622203, -0.388482, 0.124995, 0.136365, -0.413201, 0.900371, -0.00283, -0.720735, -0.664925, -0.195992, -1.2e-05, 0.0, 0.0, 0.0, 1.0],
                [0.962942, 0.254596, 0.089009, 0.124994, 0.040226, -0.461902, 0.886018, -0.002831, 0.26669, -0.849602, -0.455027, -1.2e-05, 0.0, 0.0, 0.0, 1.0],
                [0.887866, 0.457721, 0.04674, 0.124994, 0.114056, -0.31737, 0.941418, -0.002831, 0.445741, -0.830521, -0.333989, -1.1e-05, 0.0, 0.0, 0.0, 1.0],
                [0.780792, 0.594281, 0.192853, 0.124994, -0.015647, -0.289971, 0.956908, -0.002831, 0.624594, -0.750162, -0.217109, -1.2e-05, 0.0, 0.0, 0.0, 1.0],
                [0.780792, 0.594281, 0.192853, 0.124994, -0.015647, -0.289971, 0.956908, -0.002831, 0.624594, -0.750162, -0.217109, -1.2e-05, 0.0, 0.0, 0.0, 1.0],
                [0.780792, 0.594281, 0.192853, 0.124994, -0.015647, -0.289971, 0.956908, -0.002831, 0.624594, -0.750162, -0.217109, -1.2e-05, 0.0, 0.0, 0.0, 1.0],
                [0.780792, 0.594281, 0.192853, 0.124994, -0.015647, -0.289971, 0.956908, -0.002831, 0.624594, -0.750162, -0.217109, -1.2e-05, 0.0, 0.0, 0.0, 1.0],
                [0.780792, 0.594281, 0.192853, 0.124994, -0.015647, -0.289971, 0.956908, -0.002831, 0.624595, -0.750163, -0.217109, -1.2e-05, 0.0, 0.0, 0.0, 1.0],
                [0.780792, 0.594281, 0.192853, 0.124994, -0.015647, -0.289971, 0.956908, -0.002831, 0.624594, -0.750162, -0.217109, -1.2e-05, 0.0, 0.0, 0.0, 1.0],
                [0.780792, 0.594281, 0.192853, 0.124994, -0.015647, -0.289971, 0.956908, -0.002831, 0.624595, -0.750162, -0.217109, -1.2e-05, 0.0, 0.0, 0.0, 1.0],
                [0.780792, 0.594281, 0.192853, 0.124994, -0.015647, -0.289971, 0.956908, -0.002831, 0.624594, -0.750162, -0.217109, -1.2e-05, 0.0, 0.0, 0.0, 1.0],
                [0.780792, 0.594281, 0.192853, 0.124994, -0.015647, -0.289971, 0.956908, -0.002831, 0.624594, -0.750163, -0.217109, -1.2e-05, 0.0, 0.0, 0.0, 1.0],
                [0.780792, 0.594281, 0.192853, 0.124994, -0.015647, -0.289971, 0.956908, -0.002831, 0.624594, -0.750162, -0.217109, -1.2e-05, 0.0, 0.0, 0.0, 1.0],
                [0.780792, 0.594281, 0.192853, 0.124994, -0.015647, -0.289971, 0.956908, -0.002831, 0.624594, -0.750162, -0.217109, -1.2e-05, 0.0, 0.0, 0.0, 1.0],
                [0.780792, 0.594281, 0.192853, 0.124994, -0.015647, -0.289971, 0.956908, -0.002831, 0.624594, -0.750162, -0.217109, -1.2e-05, 0.0, 0.0, 0.0, 1.0],
                [0.780792, 0.594281, 0.192853, 0.124994, -0.015647, -0.289971, 0.956908, -0.002831, 0.624594, -0.750162, -0.217109, -1.2e-05, 0.0, 0.0, 0.0, 1.0],
                [0.780792, 0.594281, 0.192853, 0.124994, -0.015647, -0.289971, 0.956908, -0.002831, 0.624595, -0.750162, -0.217109, -1.2e-05, 0.0, 0.0, 0.0, 1.0],
                [0.780792, 0.594281, 0.192853, 0.124994, -0.015647, -0.289971, 0.956908, -0.002831, 0.624594, -0.750162, -0.217109, -1.2e-05, 0.0, 0.0, 0.0, 1.0],
                [0.780792, 0.594281, 0.192853, 0.124994, -0.015647, -0.289971, 0.956908, -0.002831, 0.624594, -0.750162, -0.217109, -1.2e-05, 0.0, 0.0, 0.0, 1.0],
                [0.780792, 0.594281, 0.192853, 0.124994, -0.015647, -0.289971, 0.956908, -0.002831, 0.624594, -0.750162, -0.217109, -1.2e-05, 0.0, 0.0, 0.0, 1.0]
            ]
        },
        {
            "name": "Leg_R",
            "time": [0.0, 0.0167, 0.0333, 0.05, 0.0667, 0.0833, 0.1, 0.1167, 0.1333, 0.15, 0.1667, 0.1833, 0.2, 0.2167, 0.2333, 0.25, 0.2667, 0.2833, 0.3, 0.3167, 0.3333, 0.35, 0.3667, 0.3833, 0.4, 0.4167, 0.4333, 0.45, 0.4667, 0.4833, 0.5, 0.5167, 0.5333],
            "transform": [
                [1.0, -0.0, 1e-06, 0.0, -0.0, 0.96499, 0.262302, 0.374726, -1e-06, -0.262303, 0.964981, 0.0, 0.0, 0.0, 0.0, 1.0],
                [1.000001, -0.0, 1e-06, -0.0, -0.0, 0.882944, 0.469485, 0.374726, -1e-06, -0.469487, 0.882937, -0.0, 0.0, 0.0, 0.0, 1.0],
                [1.0, -0.0, 1e-06, 0.0, -0.0, 0.881042, 0.473044, 0.374726, -1e-06, -0.473047, 0.881034, -0.0, 0.0, 0.0, 0.0, 1.0],
                [1.0, -0.0, 1e-06, 0.0, -0.0, 0.965443, 0.260633, 0.374726, -1e-06, -0.260634, 0.965433, 0.0, 0.0, 0.0, 0.0, 1.0],
                [1.0, -0.0, 1e-06, -0.0, -0.0, 0.802225, 0.597024, 0.374726, -1e-06, -0.597027, 0.802219, 0.0, 0.0, 0.0, 0.0, 1.0],
                [1.0, -1e-06, 1e-06, 0.0, -0.0, 0.531759, 0.846895, 0.374726, -1e-06, -0.846898, 0.531755, 0.0, 0.0, 0.0, 0.0, 1.0],
                [1.0, -1e-06, 1e-06, 0.0, -0.0, 0.377356, 0.926068, 0.374726, -1e-06, -0.92607, 0.377354, 0.0, 0.0, 0.0, 0.0, 1.0],
                [1.0, -1e-06, 1e-06, 0.0, -0.0, 0.410023, 0.912075, 0.374726, -1e-06, -0.912077, 0.41002, -0.0, 0.0, 0.0, 0.0, 1.0],
                [1.0, -1e-06, 1e-06, -0.0, -0.0, 0.596412, 0.802679, 0.374726, -1e-06, -0.802682, 0.596408, 0.0, 0.0, 0.0, 0.0, 1.0],
                [1.0, -1e-06, 1e-06, 0.0, -0.0, 0.655709, 0.755014, 0.374726, -1e-06, -0.755017, 0.655705, -0.0, 0.0, 0.0, 0.0, 1.0],
                [1.0, -1e-06, 1e-06, 0.0, -0.0, 0.586977, 0.809604, 0.374726, -1e-06, -0.809606, 0.586973, -0.0, 0.0, 0.0, 0.0, 1.0],
                [1.000001, -1e-06, 1e-06, -0.0, -0.0, 0.42039, 0.907343, 0.374726, -1e-06, -0.907345, 0.420387, 0.0, 0.0, 0.0, 0.0, 1.0],
                [1.0, -1e-06, 0.0, -0.0, -0.0, 0.244271, 0.969706, 0.374726, -1e-06, -0.969708, 0.244269, 0.0, 0.0, 0.0, 0.0, 1.0],
                [1.0, -1e-06, 1e-06, 0.0, -0.0, 0.520659, 0.853764, 0.374726, -1e-06, -0.853767, 0.520656, -0.0, 0.0, 0.0, 0.0, 1.0],
                [1.0, -1e-06, 1e-06, 0.0, -0.0, 0.205987, 0.978554, 0.374726, -1e-06, -0.978556, 0.205986, 0.0, 0.0, 0.0, 0.0, 1.0],
                [1.0, -1e-06, 0.0, -0.0, -0.0, 0.261594, 0.965177, 0.374726, -1e-06, -0.96518, 0.261592, 0.0, 0.0, 0.0, 0.0, 1.0],
                [1.0, -1e-06, 1e-06, 0.0, -0.0, 0.640667, 0.767819, 0.374726, -1e-06, -0.767822, 0.640662, -0.0, 0.0, 0.0, 0.0, 1.0],
                [1.0, -1e-06, 1e-06, 1e-06, -0.0, 0.640667, 0.76782, 0.374726, -1e-06, -0.767823, 0.640662, 0.0, 0.0, 0.0, 0.0, 1.0],
                [1.0, -1e-06, 1e-06, 1e-06, -0.0, 0.640667, 0.767819, 0.374726, -1e-06, -0.767822, 0.640662, -0.0, 0.0, 0.0, 0.0, 1.0],
                [1.0, -1e-06, 1e-06, 1e-06, -0.0, 0.640667, 0.76782, 0.374726, -1e-06, -0.767823, 0.640662, 0.0, 0.0, 0.0, 0.0, 1.0],
                [1.0, -1e-06, 1e-06, -0.0, -0.0, 0.640667, 0.76782, 0.374726, -1e-06, -0.767823, 0.640662, 0.0, 0.0, 0.0, 0.0, 1.0],
                [1.0, -1e-06, 1e-06, 1e-06, -0.0, 0.640667, 0.76782, 0.374726, -1e-06, -0.767823, 0.640662, -0.0, 0.0, 0.0, 0.0, 1.0],
                [1.0, -1e-06, 1e-06, 1e-06, -0.0, 0.640667, 0.76782, 0.374726, -1e-06, -0.767823, 0.640661, 0.0, 0.0, 0.0, 0.0, 1.0],
                [1.0, -1e-06, 1e-06, 1e-06, -0.0, 0.640667, 0.76782, 0.374726, -1e-06, -0.767823, 0.640662, -0.0, 0.0, 0.0, 0.0, 1.0],
                [1.0, -1e-06, 1e-06, 0.0, -0.0, 0.640667, 0.76782, 0.374726, -1e-06, -0.767823, 0.640661, 0.0, 0.0, 0.0, 0.0, 1.0],
                [1.0, -1e-06, 1e-06, 0.0, -0.0, 0.640668, 0.767819, 0.374726, -1e-06, -0.767823, 0.640662, 0.0, 0.0, 0.0, 0.0, 1.0],
                [1.0, -1e-06, 1e-06, 1e-06, -0.0, 0.640667, 0.76782, 0.374726, -1e-06, -0.767822, 0.640662, 0.0, 0.0, 0.0, 0.0, 1.0],
                [1.0, -1e-06, 1e-06, 0.0, -0.0, 0.640667, 0.767819, 0.374726, -1e-06, -0.767822, 0.640662, -0.0, 0.0, 0.0, 0.0, 1.0],
                [1.0, -1e-06, 1e-06, 0.0, -0.0, 0.640668, 0.767819, 0.374726, -1e-06, -0.767822, 0.640662, 0.0, 0.0, 0.0, 0.0, 1.0],
                [1.0, -1e-06, 1e-06, 1e-06, -0.0, 0.640667, 0.76782, 0.374726, -1e-06, -0.767823, 0.640661, 0.0, 0.0, 0.0, 0.0, 1.0],
                [1.0, -1e-06, 1e-06, 0.0, -0.0, 0.640667, 0.767819, 0.374726, -1e-06, -0.767822, 0.640662, 0.0, 0.0, 0.0, 0.0, 1.0],
                [1.0, -1e-06, 1e-06, 0.0, -0.0, 0.640667, 0.76782, 0.374726, -1e-06, -0.767822, 0.640662, 0.0, 0.0, 0.0, 0.0, 1.0],
                [1.0, -1e-06, 1e-06, 0.0, -0.0, 0.640667, 0.767819, 0.374726, -1e-06, -0.767822, 0.640662, 0.0, 0.0, 0.0, 0.0, 1.0]
            ]
        },
        {
            "name": "Knee_R",
            "time": [0.0, 0.5333],
            "transform": [
                [1.0, 0.0, -0.0, -0.0, -0.0, 0.00567, -0.999984, 0.374726, -0.0, 0.999984, 0.00567, 0.0, 0.0, 0.0, 0.0, 1.0],
                [1.0, 0.0, -0.0, -0.0, -0.0, 0.00567, -0.999984, 0.410492, -0.0, 0.999984, 0.00567, -0.000203, 0.0, 0.0, 0.0, 1.0]
            ]
        },
        {
            "name": "Thigh_L",
            "time": [0.0, 0.0167, 0.0333, 0.05, 0.0667, 0.0833, 0.1, 0.1167, 0.1333, 0.15, 0.1667, 0.1833, 0.2, 0.2167, 0.2333, 0.25, 0.2667, 0.2833, 0.3, 0.3167, 0.3333, 0.35, 0.3667, 0.3833, 0.4, 0.4167, 0.4333, 0.45, 0.4667, 0.4833, 0.5, 0.5167, 0.5333],
            "transform": [
                [0.959323, -0.079995, -0.270738, -0.125006, -0.028624, -0.981632, 0.188621, -0.002831, -0.280854, -0.173199, -0.943993, -1.2e-05, 0.0, 0.0, 0.0, 1.0],
                [0.944104, 0.022702, -0.328863, -0.125006, 0.1071, -0.964629, 0.240874, -0.002831, -0.311762, -0.262632, -0.913141, -1.2e-05, 0.0, 0.0, 0.0, 1.0],
                [0.934904, -0.139598, -0.326292, -0.125006, 0.021918, -0.894925, 0.445678, -0.002831, -0.354222, -0.423817, -0.833609, -1.2e-05, 0.0, 0.0, 0.0, 1.0],
                [0.936745, -0.007657, 0.34993, -0.125006, -0.135129, -0.930161, 0.34138, -0.002831, 0.322877, -0.367072, -0.872358, -1.2e-05, 0.0, 0.0, 0.0, 1.0],
                [0.886847, 0.191309, 0.420598, -0.125006, 0.002257, -0.912044, 0.410085, -0.00283, 0.462057, -0.362734, -0.809276, -1.2e-05, 0.0, 0.0, 0.0, 1.0],
                [0.96013, 0.122455, 0.251305, -0.125006, -0.018756, -0.868711, 0.494963, -0.002831, 0.278922, -0.479942, -0.83178, -1.2e-05, 0.0, 0.0, 0.0, 1.0],
                [0.869154, 0.042543, 0.492709, -0.125006, -0.181756, -0.899087, 0.398255, -0.002831, 0.459932, -0.435697, -0.773712, -1.2e-05, 0.0, 0.0, 0.0, 1.0],
                [0.51759, 0.085841, 0.851312, -0.125006, -0.076138, -0.986386, 0.145752, -0.002831, 0.852234, -0.140258, -0.504008, -1.2e-05, 0.0, 0.0, 0.0, 1.0],
                [0.534698, 0.068481, 0.842264, -0.125007, -0.030862, -0.994463, 0.100448, -0.002831, 0.844479, -0.079703, -0.529624, -1.2e-05, 0.0, 0.0, 0.0, 1.0],
                [0.724557, -0.069581, 0.685693, -0.125006, -0.133632, -0.990193, 0.040726, -0.002831, 0.676135, -0.121139, -0.72675, -1.2e-05, 0.0, 0.0, 0.0, 1.0],
                [0.853901, -0.208675, 0.476767, -0.125006, -0.227831, -0.973533, -0.018054, -0.002831, 0.467916, -0.093206, -0.878843, -1.2e-05, 0.0, 0.0, 0.0, 1.0],
                [0.853852, -0.181793, 0.487737, -0.125006, -0.227643, -0.973085, 0.035825, -0.002831, 0.468097, -0.141619, -0.872255, -1.2e-05, 0.0, 0.0, 0.0, 1.0],
                [0.84056, -0.060097, 0.538375, -0.125006, -0.239006, -0.933012, 0.269008, -0.002831, 0.486144, -0.354792, -0.798616, -1.2e-05, 0.0, 0.0, 0.0, 1.0],
                [0.203738, -0.414348, -0.887021, -0.125005, -0.489339, -0.827831, 0.274304, -0.002831, -0.847961, 0.378167, -0.371417, -1.2e-05, 0.0, 0.0, 0.0, 1.0],
                [0.914379, -0.316589, 0.252354, -0.125006, -0.349016, -0.932286, 0.095029, -0.002831, 0.205181, -0.174968, -0.962957, -1.2e-05, 0.0, 0.0, 0.0, 1.0],
                [0.902249, -0.259794, 0.344169, -0.125007, -0.21995, -0.96377, -0.150891, -0.002831, 0.3709, 0.060441, -0.926703, -1.1e-05, 0.0, 0.0, 0.0, 1.0],
                [0.935706, -0.18051, 0.303101, -0.125006, -0.111339, -0.96637, -0.2318, -0.002831, 0.33475, 0.18315, -0.924337, -1.2e-05, 0.0, 0.0, 0.0, 1.0],
                [0.935706, -0.18051, 0.303101, -0.125006, -0.111339, -0.96637, -0.2318, -0.002831, 0.33475, 0.18315, -0.924337, -1.2e-05, 0.0, 0.0, 0.0, 1.0],
                [0.935706, -0.18051, 0.303101, -0.125006, -0.111339, -0.96637, -0.2318, -0.002831, 0.33475, 0.18315, -0.924337, -1.2e-05, 0.0, 0.0, 0.0, 1.0],
                [0.935706, -0.18051, 0.303101, -0.125006, -0.111339, -0.96637, -0.2318, -0.002831, 0.33475, 0.18315, -0.924337, -1.2e-05, 0.0, 0.0, 0.0, 1.0],
                [0.935706, -0.18051, 0.303101, -0.125006, -0.111339, -0.96637, -0.2318, -0.002831, 0.33475, 0.18315, -0.924337, -1.2e-05, 0.0, 0.0, 0.0, 1.0],
                [0.935706, -0.18051, 0.303101, -0.125006, -0.111339, -0.96637, -0.2318, -0.002831, 0.33475, 0.18315, -0.924337, -1.2e-05, 0.0, 0.0, 0.0, 1.0],
                [0.935706, -0.18051, 0.303101, -0.125006, -0.111339, -0.96637, -0.2318, -0.002831, 0.33475, 0.18315, -0.924337, -1.2e-05, 0.0, 0.0, 0.0, 1.0],
                [0.935706, -0.18051, 0.303101, -0.125006, -0.111339, -0.96637, -0.2318, -0.002831, 0.33475, 0.18315, -0.924337, -1.2e-05, 0.0, 0.0, 0.0, 1.0],
                [0.935706, -0.18051, 0.303101, -0.125006, -0.111339, -0.96637, -0.2318, -0.002831, 0.33475, 0.18315, -0.924337, -1.2e-05, 0.0, 0.0, 0.0, 1.0],
                [0.935706, -0.18051, 0.303101, -0.125006, -0.111339, -0.96637, -0.2318, -0.002831, 0.33475, 0.18315, -0.924337, -1.2e-05, 0.0, 0.0, 0.0, 1.0],
                [0.935706, -0.18051, 0.303101, -0.125006, -0.111339, -0.96637, -0.2318, -0.002831, 0.33475, 0.18315, -0.924337, -1.2e-05, 0.0, 0.0, 0.0, 1.0],
                [0.935706, -0.18051, 0.303101, -0.125006, -0.111339, -0.96637, -0.2318, -0.002831, 0.33475, 0.18315, -0.924337, -1.2e-05, 0.0, 0.0, 0.0, 1.0],
                [0.935706, -0.18051, 0.303101, -0.125006, -0.111339, -0.96637, -0.2318, -0.002831, 0.33475, 0.18315, -0.924337, -1.2e-05, 0.0, 0.0, 0.0, 1.0],
                [0.935706, -0.18051, 0.303101, -0.125006, -0.111339, -0.96637, -0.2318, -0.002831, 0.33475, 0.18315, -0.924337, -1.2e-05, 0.0, 0.0, 0.0, 1.0],
                [0.935706, -0.18051, 0.303101, -0.125006, -0.111339, -0.96637, -0.2318, -0.002831, 0.33475, 0.18315, -0.924337, -1.2e-05, 0.0, 0.0, 0.0, 1.0],
                [0.935706, -0.18051, 0.303101, -0.125006, -0.111339, -0.96637, -0.2318, -0.002831, 0.33475, 0.18315, -0.924337, -1.2e-05, 0.0, 0.0, 0.0, 1.0],
                [0.935706, -0.18051, 0.303101, -0.125006, -0.111339, -0.96637, -0.2318, -0.002831, 0.33475, 0.18315, -0.924337, -1.2e-05, 0.0, 0.0, 0.0, 1.0]
            ]
        },
        {
            "name": "Leg_L",
            "time": [0.0, 0.0167, 0.0333, 0.05, 0.0667, 0.0833, 0.1, 0.1167, 0.1333, 0.15, 0.1667, 0.1833, 0.2, 0.2167, 0.2333, 0.25, 0.2667, 0.2833, 0.3, 0.3167, 0.3333, 0.35, 0.3667, 0.3833, 0.4, 0.4167, 0.4333, 0.45, 0.4667, 0.4833, 0.5, 0.5167, 0.5333],
            "transform": [
                [1.0, -0.0, 1e-06, 0.0, -0.0, 0.864582, 0.502492, 0.374726, -1e-06, -0.502492, 0.864581, 0.0, 0.0, 0.0, 0.0, 1.0],
                [1.000001, -0.0, 1e-06, 0.0, -0.0, 0.859787, 0.510651, 0.374726, -1e-06, -0.510651, 0.859789, 0.0, 0.0, 0.0, 0.0, 1.0],
                [1.000001, -0.0, 1e-06, -0.0, -0.0, 0.883583, 0.468274, 0.374726, -1e-06, -0.468274, 0.883583, 0.0, 0.0, 0.0, 0.0, 1.0],
                [1.0, -0.0, 1e-06, 0.0, -0.0, 0.872033, 0.489449, 0.374726, -1e-06, -0.489448, 0.872033, 0.0, 0.0, 0.0, 0.0, 1.0],
                [1.000001, -0.0, 1e-06, -0.0, -0.0, 0.785176, 0.619273, 0.374726, -1e-06, -0.619274, 0.785174, -0.0, 0.0, 0.0, 0.0, 1.0],
                [1.0, -1e-06, 1e-06, -0.0, -0.0, 0.721272, 0.692652, 0.374726, -1e-06, -0.692652, 0.721271, -0.0, 0.0, 0.0, 0.0, 1.0],
                [1.0, -1e-06, 1e-06, 0.0, -0.0, 0.675344, 0.737503, 0.374726, -1e-06, -0.737503, 0.675344, 0.0, 0.0, 0.0, 0.0, 1.0],
                [1.0, -0.0, 1e-06, -0.0, -0.0, 0.63896, 0.769241, 0.374726, -1e-06, -0.769241, 0.638959, 0.0, 0.0, 0.0, 0.0, 1.0],
                [1.0, -1e-06, 1e-06, 0.0, -0.0, 0.571151, 0.820845, 0.374726, -1e-06, -0.820845, 0.571151, 0.0, 0.0, 0.0, 0.0, 1.0],
                [1.0, -1e-06, 1e-06, 0.0, -0.0, 0.52255, 0.852608, 0.374726, -1e-06, -0.852608, 0.52255, 0.0, 0.0, 0.0, 0.0, 1.0],
                [1.0, -1e-06, 1e-06, -0.0, -0.0, 0.519922, 0.854214, 0.374726, -1e-06, -0.854213, 0.519922, -1e-06, 0.0, 0.0, 0.0, 1.0],
                [1.0, -1e-06, 1e-06, 0.0, -0.0, 0.478315, 0.878188, 0.374726, -1e-06, -0.878188, 0.478315, -0.0, 0.0, 0.0, 0.0, 1.0],
                [1.0, -1e-06, 0.0, 0.0, -0.0, 0.317861, 0.948138, 0.374726, -1e-06, -0.948137, 0.317861, -0.0, 0.0, 0.0, 0.0, 1.0],
                [1.0, -1e-06, 1e-06, -0.0, -0.0, 0.448641, 0.893712, 0.374726, -1e-06, -0.893712, 0.448641, 0.0, 0.0, 0.0, 0.0, 1.0],
                [1.000001, -1e-06, 1e-06, -0.0, -0.0, 0.436151, 0.899874, 0.374726, -1e-06, -0.899873, 0.436151, -1e-06, 0.0, 0.0, 0.0, 1.0],
                [1.000001, -1e-06, 1e-06, 1e-06, -0.0, 0.494795, 0.869009, 0.374726, -1e-06, -0.86901, 0.494795, -0.0, 0.0, 0.0, 0.0, 1.0],
                [1.0, -1e-06, 1e-06, 0.0, -0.0, 0.465431, 0.885084, 0.374726, -1e-06, -0.885084, 0.465431, 0.0, 0.0, 0.0, 0.0, 1.0],
                [1.000001, -1e-06, 1e-06, 0.0, -0.0, 0.465431, 0.885084, 0.374726, -1e-06, -0.885084, 0.465431, -0.0, 0.0, 0.0, 0.0, 1.0],
                [1.000001, -1e-06, 1e-06, 0.0, -0.0, 0.465431, 0.885084, 0.374726, -1e-06, -0.885084, 0.465431, -0.0, 0.0, 0.0, 0.0, 1.0],
                [1.000001, -1e-06, 1e-06, 0.0, -0.0, 0.465431, 0.885084, 0.374726, -1e-06, -0.885084, 0.465431, -0.0, 0.0, 0.0, 0.0, 1.0],
                [1.000001, -1e-06, 1e-06, 0.0, -0.0, 0.465431, 0.885084, 0.374726, -1e-06, -0.885084, 0.465431, -0.0, 0.0, 0.0, 0.0, 1.0],
                [1.000001, -1e-06, 1e-06, 0.0, -0.0, 0.465431, 0.885084, 0.374726, -1e-06, -0.885084, 0.465431, -0.0, 0.0, 0.0, 0.0, 1.0],
                [1.000001, -1e-06, 1e-06, 0.0, -0.0, 0.465431, 0.885084, 0.374726, -1e-06, -0.885084, 0.465431, -0.0, 0.0, 0.0, 0.0, 1.0],
                [1.000001, -1e-06, 1e-06, 0.0, -0.0, 0.465431, 0.885084, 0.374726, -1e-06, -0.885084, 0.465431, -0.0, 0.0, 0.0, 0.0, 1.0],
                [1.000001, -1e-06, 1e-06, 0.0, -0.0, 0.465431, 0.885084, 0.374726, -1e-06, -0.885084, 0.465431, -0.0, 0.0, 0.0, 0.0, 1.0],
                [1.000001, -1e-06, 1e-06, 0.0, -0.0, 0.465431, 0.885084, 0.374726, -1e-06, -0.885084, 0.465431, -0.0, 0.0, 0.0, 0.0, 1.0],
                [1.000001, -1e-06, 1e-06, 0.0, -0.0, 0.465431, 0.885084, 0.374726, -1e-06, -0.885084, 0.465431, -0.0, 0.0, 0.0, 0.0, 1.0],
                [1.000001, -1e-06, 1e-06, 0.0, -0.0, 0.465431, 0.885084, 0.374726, -1e-06, -0.885084, 0.465431, -0.0, 0.0, 0.0, 0.0, 1.0],
                [1.000001, -1e-06, 1e-06, 0.0, -0.0, 0.465431, 0.885084, 0.374726, -1e-06, -0.885084, 0.465431, -0.0, 0.0, 0.0, 0.0, 1.0],
                [1.000001, -1e-06, 1e-06, 0.0, -0.0, 0.465431, 0.885084, 0.374726, -1e-06, -0.885084, 0.465431, -0.0, 0.0, 0.0, 0.0, 1.0],
                [1.000001, -1e-06, 1e-06, 0.0, -0.0, 0.465431, 0.885084, 0.374726, -1e-06, -0.885084, 0.465431, -0.0, 0.0, 0.0, 0.0, 1.0],
                [1.000001, -1e-06, 1e-06, 0.0, -0.0, 0.465431, 0.885084, 0.374726, -1e-06, -0.885084, 0.465431, -0.0, 0.0, 0.0, 0.0, 1.0],
                [1.000001, -1e-06, 1e-06, 0.0, -0.0, 0.465431, 0.885084, 0.374726, -1e-06, -0.885084, 0.465431, -0.0, 0.0, 0.0, 0.0, 1.0]
            ]
        },
        {
            "name": "Knee_L",
            "time": [0.0, 0.5333],
            "transform": [
                [1.0, 0.0, -0.0, -0.0, -0.0, 0.00567, -0.999984, 0.374726, -0.0, 0.999984, 0.00567, 0.0, 0.0, 0.0, 0.0, 1.0],
                [1.0, 0.0, -0.0, 0.0, -0.0, 0.00567, -0.999984, 0.432681, -0.0, 0.999984, 0.00567, -0.000329, 0.0, 0.0, 0.0, 1.0]
            ]
        },
        {
            "name": "Torso",
            "time": [0.0, 0.0167, 0.0333, 0.05, 0.0667, 0.0833, 0.1, 0.1167, 0.1333, 0.15, 0.1667, 0.1833, 0.2, 0.2167, 0.2333, 0.25, 0.2667, 0.2833, 0.3, 0.3167, 0.3333, 0.35, 0.3667, 0.3833, 0.4, 0.4167, 0.4333, 0.45, 0.4667, 0.4833, 0.5, 0.5167, 0.5333],
            "transform": [
                [0.990891, -0.076137, -0.111075, 0.0, 0.077909, 0.996892, 0.011694, 0.05, 0.109839, -0.020241, 0.993743, 0.0, 0.0, 0.0, 0.0, 1.0],
                [0.989996, -0.075904, -0.11894, -0.0, 0.077857, 0.996894, 0.011854, 0.05, 0.117671, -0.020996, 0.992831, 0.0, 0.0, 0.0, 0.0, 1.0],
                [0.987164, -0.075498, -0.140737, 0.0, 0.077909, 0.996892, 0.011694, 0.05, 0.139417, -0.022508, 0.989978, 0.0, 0.0, 0.0, 0.0, 1.0],
                [0.981842, -0.075066, -0.174214, 0.0, 0.078147, 0.996882, 0.010883, 0.05, 0.172853, -0.024299, 0.984648, 0.0, 0.0, 0.0, 0.0, 1.0],
                [0.972972, -0.073472, -0.218921, -0.0, 0.077909, 0.996892, 0.011694, 0.05, 0.217381, -0.028434, 0.975672, -0.0, 0.0, 0.0, 0.0, 1.0],
                [0.959679, -0.062635, -0.274031, -0.0, 0.07501, 0.996572, 0.034909, 0.05, 0.270905, -0.054056, 0.961087, -0.0, 0.0, 0.0, 0.0, 1.0],
                [0.942278, -0.040168, -0.332415, 0.0, 0.071561, 0.993999, 0.08274, 0.05, 0.327096, -0.101752, 0.939497, 0.0, 0.0, 0.0, 0.0, 1.0],
                [0.921101, -0.015371, -0.389021, 0.0, 0.071192, 0.989023, 0.129486, 0.05, 0.38276, -0.146965, 0.912083, -0.0, 0.0, 0.0, 0.0, 1.0],
                [0.890568, 0.000504, -0.45485, -0.0, 0.07544, 0.985985, 0.148801, 0.05, 0.44855, -0.166832, 0.878049, -0.0, 0.0, 0.0, 0.0, 1.0],
                [0.847668, 0.002999, -0.530518, 0.0, 0.081431, 0.987399, 0.135693, 0.05, 0.52424, -0.158223, 0.836742, -0.0, 0.0, 0.0, 0.0, 1.0],
                [0.823131, 0.001562, -0.56785, 0.0, 0.08376, 0.988724, 0.124134, 0.05, 0.561641, -0.149741, 0.813718, -0.0, 0.0, 0.0, 0.0, 1.0],
                [0.823131, 0.001562, -0.56785, -0.0, 0.08376, 0.988724, 0.124134, 0.05, 0.561641, -0.149741, 0.813718, 0.0, 0.0, 0.0, 0.0, 1.0],
                [0.823131, 0.001562, -0.56785, -0.0, 0.08376, 0.988724, 0.124134, 0.05, 0.561641, -0.149741, 0.813718, -0.0, 0.0, 0.0, 0.0, 1.0],
                [0.855705, -0.029581, 0.516618, 0.0, 0.11137, 0.985496, -0.12804, 0.05, -0.505337, 0.1671, 0.846588, -0.0, 0.0, 0.0, 0.0, 1.0],
                [0.680679, -0.044619, -0.731222, 0.0, 0.077909, 0.996892, 0.011694, 0.05, 0.728427, -0.064928, 0.68204, 0.0, 0.0, 0.0, 0.0, 1.0],
                [0.680679, -0.044619, -0.731222, -0.0, 0.077909, 0.996892, 0.011694, 0.05, 0.728427, -0.064928, 0.68204, 0.0, 0.0, 0.0, 0.0, 1.0],
                [0.680679, -0.044619, -0.731222, 0.0, 0.077909, 0.996892, 0.011694, 0.05, 0.728427, -0.064928, 0.68204, -0.0, 0.0, 0.0, 0.0, 1.0],
                [0.680679, -0.044619, -0.731222, 0.0, 0.077909, 0.996892, 0.011694, 0.05, 0.728427, -0.064929, 0.68204, -0.0, 0.0, 0.0, 0.0, 1.0],
                [0.680679, -0.044619, -0.731222, 0.0, 0.077909, 0.996892, 0.011694, 0.05, 0.728427, -0.064928, 0.68204, -0.0, 0.0, 0.0, 0.0, 1.0],
                [0.680679, -0.044619, -0.731222, 0.0, 0.077909, 0.996892, 0.011694, 0.05, 0.728427, -0.064928, 0.68204, -0.0, 0.0, 0.0, 0.0, 1.0],
                [0.680679, -0.044619, -0.731222, 0.0, 0.077909, 0.996892, 0.011694, 0.05, 0.728427, -0.064929, 0.68204, -0.0, 0.0, 0.0, 0.0, 1.0],
                [0.680679, -0.044619, -0.731222, 0.0, 0.077909, 0.996892, 0.011694, 0.05, 0.728427, -0.064929, 0.68204, -0.0, 0.0, 0.0, 0.0, 1.0],
                [0.680679, -0.044619, -0.731222, 0.0, 0.077909, 0.996892, 0.011694, 0.05, 0.728427, -0.064929, 0.68204, -0.0, 0.0, 0.0, 0.0, 1.0],
                [0.680679, -0.044619, -0.731222, 0.0, 0.077909, 0.996892, 0.011694, 0.05, 0.728427, -0.064929, 0.68204, -0.0, 0.0, 0.0, 0.0, 1.0],
                [0.680679, -0.044619, -0.731222, 0.0, 0.077909, 0.996892, 0.011694, 0.05, 0.728427, -0.064929, 0.68204, -0.0, 0.0, 0.0, 0.0, 1.0],
                [0.680679, -0.044619, -0.731222, 0.0, 0.077909, 0.996892, 0.011694, 0.05, 0.728427, -0.064929, 0.68204, -0.0, 0.0, 0.0, 0.0, 1.0],
                [0.680679, -0.044619, -0.731222, 0.0, 0.077909, 0.996892, 0.011694, 0.05, 0.728427, -0.064928, 0.68204, -0.0, 0.0, 0.0, 0.0, 1.0],
                [0.680679, -0.044619, -0.731222, 0.0, 0.077909, 0.996892, 0.011694, 0.05, 0.728427, -0.064928, 0.68204, -0.0, 0.0, 0.0, 0.0, 1.0],
                [0.680679, -0.044619, -0.731222, 0.0, 0.077909, 0.996892, 0.011694, 0.05, 0.728427, -0.064929, 0.68204, -0.0, 0.0, 0.0, 0.0, 1.0],
                [0.680679, -0.044619, -0.731222, 0.0, 0.077909, 0.996892, 0.011694, 0.05, 0.728427, -0.064928, 0.68204, -0.0, 0.0, 0.0, 0.0, 1.0],
                [0.680679, -0.044619, -0.731222, 0.0, 0.077909, 0.996892, 0.011694, 0.05, 0.728427, -0.064928, 0.68204, -0.0, 0.0, 0.0, 0.0, 1.0],
                [0.680679, -0.044619, -0.731222, 0.0, 0.077909, 0.996892, 0.011694, 0.05, 0.728427, -0.064929, 0.68204, -0.0, 0.0, 0.0, 0.0, 1.0],
                [0.680679, -0.044619, -0.731222, 0.0, 0.077909, 0.996892, 0.011694, 0.05, 0.728427, -0.064928, 0.68204, -0.0, 0.0, 0.0, 0.0, 1.0]
            ]
        },
        {
            "name": "Chest",
            "time": [0.0, 0.0167, 0.0333, 0.05, 0.0667, 0.0833, 0.1, 0.1167, 0.1333, 0.15, 0.1667, 0.1833, 0.2, 0.2167, 0.2333, 0.25, 0.2667, 0.2833, 0.3, 0.3167, 0.3333, 0.35, 0.3667, 0.3833, 0.4, 0.4167, 0.4333, 0.45, 0.4667, 0.4833, 0.5, 0.5167, 0.5333],
            "transform": [
                [0.891777, 0.025188, -0.451775, -0.0, 0.072552, 0.97757, 0.197717, 0.3, 0.446622, -0.209097, 0.869947, -0.0, 0.0, 0.0, 0.0, 1.0],
                [0.89142, 0.025495, -0.452461, -0.0, 0.072501, 0.977533, 0.197919, 0.3, 0.447342, -0.209233, 0.869544, 0.0, 0.0, 0.0, 0.0, 1.0],
                [0.889702, 0.026211, -0.455788, 0.0, 0.072666, 0.977493, 0.198057, 0.3, 0.450721, -0.209332, 0.867773, -0.0, 0.0, 0.0, 0.0, 1.0],
                [0.886368, 0.027187, -0.462183, -0.0, 0.073198, 0.97749, 0.197877, 0.3, 0.457159, -0.209223, 0.864425, -0.0, 0.0, 0.0, 0.0, 1.0],
                [0.884142, 0.028911, -0.466323, 0.0, 0.072974, 0.977289, 0.198948, 0.3, 0.461484, -0.209928, 0.861953, -0.0, 0.0, 0.0, 0.0, 1.0],
                [0.911925, 0.055978, -0.40652, 0.0, 0.065527, 0.958076, 0.27892, 0.3, 0.405091, -0.280992, 0.870026, -0.0, 0.0, 0.0, 0.0, 1.0],
                [0.960775, 0.095067, -0.260527, 0.0, 0.032105, 0.894968, 0.444974, 0.3, 0.275466, -0.435884, 0.85681, -0.0, 0.0, 0.0, 0.0, 1.0],
                [0.988721, 0.106965, -0.104828, -0.0, -0.024596, 0.806402, 0.590856, 0.3, 0.147734, -0.581614, 0.799938, 0.0, 0.0, 0.0, 0.0, 1.0],
                [0.994057, 0.103404, -0.034039, 0.0, -0.056838, 0.759659, 0.647834, 0.3, 0.092847, -0.642049, 0.761021, 0.0, 0.0, 0.0, 0.0, 1.0],
                [0.991204, 0.108654, -0.075555, -0.0, -0.038491, 0.78292, 0.620931, 0.3, 0.12662, -0.612561, 0.780216, -0.0, 0.0, 0.0, 0.0, 1.0],
                [0.986705, 0.112354, -0.11743, 0.0, -0.021228, 0.805456, 0.592276, 0.3, 0.161129, -0.581908, 0.797132, 0.0, 0.0, 0.0, 0.0, 1.0],
                [0.986705, 0.112354, -0.117429, 0.0, -0.021228, 0.805456, 0.592275, 0.3, 0.161129, -0.581908, 0.797132, 0.0, 0.0, 0.0, 0.0, 1.0],
                [0.986705, 0.112354, -0.117429, 0.0, -0.021228, 0.805456, 0.592275, 0.3, 0.161129, -0.581908, 0.797132, -0.0, 0.0, 0.0, 0.0, 1.0],
                [0.933981, 0.104047, -0.341838, -0.0, 0.049387, 0.909896, 0.411886, 0.3, 0.353893, -0.401576, 0.844687, 0.0, 0.0, 0.0, 0.0, 1.0],
                [0.838653, 0.049224, -0.542438, 0.0, 0.075615, 0.975741, 0.205452, 0.3, 0.539392, -0.21332, 0.814586, 0.0, 0.0, 0.0, 0.0, 1.0],
                [0.838653, 0.049224, -0.542438, 0.0, 0.075615, 0.975741, 0.205452, 0.3, 0.539392, -0.21332, 0.814586, 0.0, 0.0, 0.0, 0.0, 1.0],
                [0.838653, 0.049224, -0.542438, -0.0, 0.075615, 0.975741, 0.205452, 0.3, 0.539392, -0.21332, 0.814586, -0.0, 0.0, 0.0, 0.0, 1.0],
                [0.838653, 0.049224, -0.542438, -0.0, 0.075615, 0.975741, 0.205452, 0.3, 0.539392, -0.21332, 0.814586, -0.0, 0.0, 0.0, 0.0, 1.0],
                [0.838653, 0.049224, -0.542438, -0.0, 0.075615, 0.975741, 0.205452, 0.3, 0.539392, -0.21332, 0.814586, -0.0, 0.0, 0.0, 0.0, 1.0],
                [0.838653, 0.049224, -0.542438, -0.0, 0.075615, 0.975741, 0.205452, 0.3, 0.539392, -0.21332, 0.814586, -0.0, 0.0, 0.0, 0.0, 1.0],
                [0.838653, 0.049224, -0.542438, -0.0, 0.075615, 0.975741, 0.205452, 0.3, 0.539392, -0.21332, 0.814586, -0.0, 0.0, 0.0, 0.0, 1.0],
                [0.838653, 0.049224, -0.542438, -0.0, 0.075615, 0.975741, 0.205452, 0.3, 0.539392, -0.21332, 0.814586, -0.0, 0.0, 0.0, 0.0, 1.0],
                [0.838653, 0.049224, -0.542438, -0.0, 0.075615, 0.975741, 0.205452, 0.3, 0.539392, -0.21332, 0.814586, -0.0, 0.0, 0.0, 0.0, 1.0],
                [0.838653, 0.049224, -0.542438, -0.0, 0.075615, 0.975741, 0.205452, 0.3, 0.539392, -0.21332, 0.814586, -0.0, 0.0, 0.0, 0.0, 1.0],
                [0.838653, 0.049224, -0.542438, -0.0, 0.075615, 0.975741, 0.205452, 0.3, 0.539392, -0.21332, 0.814586, -0.0, 0.0, 0.0, 0.0, 1.0],
                [0.838653, 0.049224, -0.542438, -0.0, 0.075615, 0.975741, 0.205452, 0.3, 0.539392, -0.21332, 0.814586, 0.0, 0.0, 0.0, 0.0, 1.0],
                [0.838653, 0.049224, -0.542438, -0.0, 0.075615, 0.975741, 0.205452, 0.3, 0.539392, -0.21332, 0.814586, -0.0, 0.0, 0.0, 0.0, 1.0],
                [0.838653, 0.049224, -0.542438, -0.0, 0.075615, 0.975741, 0.205452, 0.3, 0.539392, -0.21332, 0.814586, -0.0, 0.0, 0.0, 0.0, 1.0],
                [0.838653, 0.049224, -0.542438, -0.0, 0.075615, 0.975741, 0.205452, 0.3, 0.539392, -0.21332, 0.814586, 0.0, 0.0, 0.0, 0.0, 1.0],
                [0.838653, 0.049224, -0.542438, -0.0, 0.075615, 0.975741, 0.205452, 0.3, 0.539392, -0.21332, 0.814586, -0.0, 0.0, 0.0, 0.0, 1.0],
                [0.838653, 0.049224, -0.542438, -0.0, 0.075615, 0.975741, 0.205452, 0.3, 0.539392, -0.21332, 0.814586, -0.0, 0.0, 0.0, 0.0, 1.0],
                [0.838653, 0.049224, -0.542438, -0.0, 0.075615, 0.975741, 0.205452, 0.3, 0.539392, -0.21332, 0.814586, 0.0, 0.0, 0.0, 0.0, 1.0],
                [0.838653, 0.049224, -0.542438, -0.0, 0.075615, 0.975741, 0.205452, 0.3, 0.539392, -0.21332, 0.814586, -0.0, 0.0, 0.0, 0.0, 1.0]
            ]
        },
        {
            "name": "Head",
            "time": [0.0, 0.0167, 0.0333, 0.05, 0.0667, 0.0833, 0.1, 0.1167, 0.1333, 0.15, 0.1667, 0.1833, 0.2, 0.2167, 0.2333, 0.25, 0.2667, 0.2833, 0.3, 0.3167, 0.3333, 0.35, 0.3667, 0.3833, 0.4, 0.4167, 0.4333, 0.45, 0.4667, 0.4833, 0.5, 0.5167, 0.5333],
            "transform": [
                [0.99626, -0.083988, -0.020315, -0.0, 0.08319, 0.995833, -0.037348, 0.4, 0.023367, 0.035518, 0.999096, -0.0, 0.0, 0.0, 0.0, 1.0],
                [0.989632, 0.015093, -0.142831, -0.0, -0.024853, 0.997457, -0.066796, 0.4, 0.14146, 0.069653, 0.98749, -0.0, 0.0, 0.0, 0.0, 1.0],
                [0.957701, 0.109219, -0.266232, -0.0, -0.135607, 0.987298, -0.082783, 0.4, 0.253809, 0.115385, 0.960347, -0.0, 0.0, 0.0, 0.0, 1.0],
                [0.960596, 0.108847, -0.255749, 0.0, -0.133916, 0.987536, -0.082693, 0.4, 0.24356, 0.113684, 0.9632, 0.0, 0.0, 0.0, 0.0, 1.0],
                [0.969032, 0.104479, -0.223744, -0.0, -0.125061, 0.988931, -0.079849, 0.4, 0.212925, 0.105358, 0.971372, -0.0, 0.0, 0.0, 0.0, 1.0],
                [0.98014, 0.095022, -0.174057, 0.0, -0.109094, 0.991338, -0.073125, 0.4, 0.165601, 0.090662, 0.982017, -0.0, 0.0, 0.0, 0.0, 1.0],
                [0.990601, 0.087751, -0.104924, 0.0, -0.095208, 0.993111, -0.068303, 0.4, 0.098207, 0.077651, 0.992132, 0.0, 0.0, 0.0, 0.0, 1.0],
                [0.996176, 0.085441, -0.018277, 0.0, -0.086492, 0.993952, -0.067664, 0.4, 0.012385, 0.068987, 0.997541, 0.0, 0.0, 0.0, 0.0, 1.0],
                [0.996299, 0.058667, 0.062815, 0.0, -0.055828, 0.997379, -0.046037, 0.4, -0.065352, 0.04236, 0.996963, 0.0, 0.0, 0.0, 0.0, 1.0],
                [0.992927, -0.043051, 0.110643, 0.0, 0.036979, 0.997725, 0.056359, 0.4, -0.112818, -0.051869, 0.992261, 0.0, 0.0, 0.0, 0.0, 1.0],
                [0.985857, -0.118478, 0.118531, -0.0, 0.102011, 0.985376, 0.136486, 0.4, -0.132968, -0.122464, 0.983525, 0.0, 0.0, 0.0, 0.0, 1.0],
                [0.985857, -0.118478, 0.118531, -0.0, 0.102011, 0.985376, 0.136486, 0.4, -0.132968, -0.122464, 0.983525, -0.0, 0.0, 0.0, 0.0, 1.0],
                [0.985857, -0.118478, 0.118531, -0.0, 0.102011, 0.985376, 0.136486, 0.4, -0.132968, -0.122464, 0.983525, -0.0, 0.0, 0.0, 0.0, 1.0],
                [0.935527, -0.094346, 0.340422, -0.0, 0.06362, 0.992917, 0.100343, 0.4, -0.347478, -0.072216, 0.934903, 0.0, 0.0, 0.0, 0.0, 1.0],
                [0.840681, -0.06053, 0.538138, -0.0, 0.034924, 0.997725, 0.057667, 0.4, -0.540404, -0.029685, 0.840882, -0.0, 0.0, 0.0, 0.0, 1.0],
                [0.840681, -0.06053, 0.538137, -0.0, 0.034924, 0.997725, 0.057667, 0.4, -0.540404, -0.029685, 0.840882, 0.0, 0.0, 0.0, 0.0, 1.0],
