{
    "animation": [
        {
            "name": "Root",
            "time": [0.0, 1.0, 2.0],
            "transform": [
                [1.0, 0.0, 0.0, -5e-06, 0.0, 0.0, -1.0, -0.061091, 0.0, 1.0, 0.0, 0.732521, 0.0, 0.0, 0.0, 1.0],
                [1.0, 0.0, 0.0, -5e-06, 0.0, 0.0, -1.0, -0.061091, 0.0, 1.0, 0.0, 0.73573, 0.0, 0.0, 0.0, 1.0],
                [1.0, 0.0, 0.0, -5e-06, 0.0, 0.0, -1.0, -0.061091, 0.0, 1.0, 0.0, 0.732521, 0.0, 0.0, 0.0, 1.0]
            ]
        },
        {
            "name": "Thigh_R",
            "time": [0.0, 2.0],
            "transform": [
                [0.994218, 0.096451, 0.047197, 0.124994, 0.08129, -0.963232, 0.25607, -0.002831, 0.07016, -0.250753, -0.965506, -1.2e-05, 0.0, 0.0, 0.0, 1.0],
                [0.994218, 0.096451, 0.047197, 0.124994, 0.08129, -0.963232, 0.25607, -0.002831, 0.07016, -0.250753, -0.965506, -1.2e-05, 0.0, 0.0, 0.0, 1.0]
            ]
        },
        {
            "name": "Leg_R",
            "time": [0.0, 2.0],
            "transform": [
                [1.0, -0.0, 1e-06, -0.0, -0.0, 0.946746, 0.32199, 0.374726, -1e-06, -0.321991, 0.94674, -0.0, 0.0, 0.0, 0.0, 1.0],
                [1.0, -0.0, 1e-06, -0.0, -0.0, 0.946746, 0.32199, 0.374726, -1e-06, -0.321991, 0.94674, -0.0, 0.0, 0.0, 0.0, 1.0]
            ]
        },
        {
            "name": "Knee_R",
            "time": [0.0, 2.0],
            "transform": [
                [1.0, 0.0, -0.0, -0.0, -0.0, 0.00567, -0.999984, 0.374726, -0.0, 0.999984, 0.00567, -0.0, 0.0, 0.0, 0.0, 1.0],
                [1.0, 0.0, -0.0, -0.0, -0.0, 0.00567, -0.999984, 0.374726, -0.0, 0.999984, 0.00567, -0.0, 0.0, 0.0, 0.0, 1.0]
            ]
        },
        {
            "name": "Thigh_L",
            "time": [0.0, 2.0],
            "transform": [
                [0.995978, -0.083311, -0.03296, -0.125006, -0.065965, -0.930821, 0.359472, -0.002831, -0.060628, -0.355852, -0.932574, -1.2e-05, 0.0, 0.0, 0.0, 1.0],
                [0.995978, -0.083311, -0.03296, -0.125006, -0.065965, -0.930821, 0.359472, -0.002831, -0.060628, -0.355852, -0.932574, -1.2e-05, 0.0, 0.0, 0.0, 1.0]
            ]
        },
        {
            "name": "Leg_L",
            "time": [0.0, 2.0],
            "transform": [
                [1.0, -0.0, 1e-06, 0.0, -0.0, 0.893149, 0.44976, 0.374726, -1e-06, -0.44976, 0.893149, 0.0, 0.0, 0.0, 0.0, 1.0],
                [1.0, -0.0, 1e-06, 0.0, -0.0, 0.893149, 0.44976, 0.374726, -1e-06, -0.44976, 0.893149, 0.0, 0.0, 0.0, 0.0, 1.0]
            ]
        },
        {
            "name": "Knee_L",
            "time": [0.0, 2.0],
            "transform": [
                [1.0, 0.0, -0.0, 0.0, -0.0, 0.00567, -0.999984, 0.374726, -0.0, 0.999984, 0.00567, 0.0, 0.0, 0.0, 0.0, 1.0],
                [1.0, 0.0, -0.0, 0.0, -0.0, 0.00567, -0.999984, 0.374726, -0.0, 0.999984, 0.00567, 0.0, 0.0, 0.0, 0.0, 1.0]
            ]
        },
        {
            "name": "Torso",
            "time": [0.0, 2.0],
            "transform": [
                [1.0, 0.0, 0.0, 0.0, 0.0, 0.999977, 0.006734, 0.05, 0.0, -0.006734, 0.999977, 0.0, 0.0, 0.0, 0.0, 1.0],
                [1.0, 0.0, 0.0, 0.0, 0.0, 0.999977, 0.006734, 0.05, 0.0, -0.006734, 0.999977, 0.0, 0.0, 0.0, 0.0, 1.0]
            ]
        },
        {
            "name": "Chest",
            "time": [0.0, 1.0, 2.0],
            "transform": [
                [1.0, 0.0, 0.0, 0.0, 0.0, 0.999968, 0.007955, 0.3, 0.0, -0.007955, 0.999968, -0.0, 0.0, 0.0, 0.0, 1.0],
                [1.0, 0.0, 0.0, 0.0, 0.0, 0.999998, 0.001909, 0.3, 0.0, -0.001909, 0.999998, -0.0, 0.0, 0.0, 0.0, 1.0],
                [1.0, 0.0, 0.0, 0.0, 0.0, 0.999968, 0.007955, 0.3, 0.0, -0.007955, 0.999968, -0.0, 0.0, 0.0, 0.0, 1.0]
            ]
        },
        {
            "name": "Head",
            "time": [0.0, 2.0],
            "transform": [
                [1.0, 0.0, 0.0, 0.0, 0.0, 1.0, 0.0, 0.4, 0.0, 0.0, 1.0, 0.0, 0.0, 0.0, 0.0, 1.0],
                [1.0, 0.0, 0.0, 0.0, 0.0, 1.0, 0.0, 0.4, 0.0, 0.0, 1.0, 0.0, 0.0, 0.0, 0.0, 1.0]
            ]
        },
        {
            "name": "Shoulder_R",
            "time": [0.0, 2.0],
            "transform": [
                [0.0, 0.952114, 0.305743, 0.0, 0.0, -0.305743, 0.952114, 0.4, 1.0, 0.0, -0.0, 0.0, 0.0, 0.0, 0.0, 1.0],
                [0.0, 0.952114, 0.305743, 0.0, 0.0, -0.305743, 0.952114, 0.4, 1.0, 0.0, -0.0, 0.0, 0.0, 0.0, 0.0, 1.0]
            ]
        },
        {
            "name": "Arm_R",
            "time": [0.0, 2.0],
            "transform": [
                [-0.025582, 0.306879, -0.951405, -0.0, 0.846502, 0.512911, 0.14268, 0.39386, 0.531771, -0.801716, -0.272895, 0.0, 0.0, 0.0, 0.0, 1.0],
                [-0.025582, 0.306879, -0.951405, -0.0, 0.846502, 0.512911, 0.14268, 0.39386, 0.531771, -0.801716, -0.272895, 0.0, 0.0, 0.0, 0.0, 1.0]
            ]
        },
        {
            "name": "Hand_R",
            "time": [0.0, 2.0],
            "transform": [
                [1.0, -1e-06, 0.0, -0.0, 1e-06, 0.927973, -0.372648, 0.300002, 0.0, 0.372649, 0.927973, 0.0, 0.0, 0.0, 0.0, 1.0],
                [1.0, -1e-06, 0.0, -0.0, 1e-06, 0.927973, -0.372648, 0.300002, 0.0, 0.372649, 0.927973, 0.0, 0.0, 0.0, 0.0, 1.0]
            ]
        },
        {
            "name": "Tool_R",
            "time": [0.0, 2.0],
            "transform": [
                [0.999595, 0.000338, 0.02847, 0.009588, 0.019187, -0.746774, -0.664801, 0.247156, 0.021036, 0.665078, -0.746478, 0.053656, 0.0, 0.0, 0.0, 1.0],
                [0.999595, 0.000338, 0.02847, 0.009588, 0.019187, -0.746774, -0.664801, 0.247156, 0.021036, 0.665078, -0.746478, 0.053656, 0.0, 0.0, 0.0, 1.0]
            ]
        },
        {
            "name": "Elbow_R",
            "time": [0.0, 2.0],
            "transform": [
                [-1.0, 0.0, -0.0, 0.0, 0.0, 0.003946, -0.999992, 0.334982, -0.0, -0.999993, -0.003946, -0.001114, 0.0, 0.0, 0.0, 1.0],
                [-1.0, 0.0, -0.0, 0.0, 0.0, 0.003946, -0.999992, 0.334982, -0.0, -0.999993, -0.003946, -0.001114, 0.0, 0.0, 0.0, 1.0]
            ]
        },
        {
            "name": "Shoulder_L",
            "time": [0.0, 2.0],
            "transform": [
                [-0.0, -0.952114, -0.305743, 0.0, 0.0, -0.305743, 0.952114, 0.4, -1.0, 0.0, 0.0, 0.0, 0.0, 0.0, 0.0, 1.0],
                [-0.0, -0.952114, -0.305743, 0.0, 0.0, -0.305743, 0.952114, 0.4, -1.0, 0.0, 0.0, 0.0, 0.0, 0.0, 0.0, 1.0]
            ]
        },
        {
            "name": "Arm_L",
            "time": [0.0, 2.0],
            "transform": [
                [0.010241, -0.042157, 0.999058, -0.0, -0.86881, 0.49425, 0.029761, 0.39386, -0.495039, -0.868297, -0.031564, 0.0, 0.0, 0.0, 0.0, 1.0],
                [0.010241, -0.042157, 0.999058, -0.0, -0.86881, 0.49425, 0.029761, 0.39386, -0.495039, -0.868297, -0.031564, 0.0, 0.0, 0.0, 0.0, 1.0]
            ]
        },
        {
            "name": "Hand_L",
            "time": [0.0, 2.0],
            "transform": [
                [1.0, -0.0, 0.0, 0.0, 0.0, 0.946804, -0.321812, 0.300003, -0.0, 0.321812, 0.946804, 0.0, 0.0, 0.0, 0.0, 1.0],
                [1.0, -0.0, 0.0, 0.0, 0.0, 0.946804, -0.321812, 0.300003, -0.0, 0.321812, 0.946804, 0.0, 0.0, 0.0, 0.0, 1.0]
            ]
        },
        {
            "name": "Tool_L",
            "time": [0.0, 2.0],
            "transform": [
                [1.0, 0.0, 0.0, -0.0, 0.0, -0.999559, -0.029689, 0.271711, 0.0, 0.029689, -0.999559, -0.028915, 0.0, 0.0, 0.0, 1.0],
                [1.0, 0.0, 0.0, -0.0, 0.0, -0.999559, -0.029689, 0.271711, 0.0, 0.029689, -0.999559, -0.028915, 0.0, 0.0, 0.0, 1.0]
            ]
        },
        {
            "name": "Elbow_L",
            "time": [0.0, 2.0],
            "transform": [
                [-1.0, 0.0, -0.0, 0.0, 0.0, 0.003946, -0.999992, 0.329902, -0.0, -0.999992, -0.003946, -0.001134, 0.0, 0.0, 0.0, 1.0],
                [-1.0, 0.0, -0.0, 0.0, 0.0, 0.003946, -0.999992, 0.329902, -0.0, -0.999992, -0.003946, -0.001134, 0.0, 0.0, 0.0, 1.0]
            ]
        }
    ]
}