{
    "animation": [
        {
            "name": "Root",
            "time": [0.0, 0.0167, 0.0333, 0.05, 0.0667, 0.0833, 0.1, 0.1167, 0.1333, 0.15, 0.1667, 0.1833, 0.2, 0.2167, 0.2333, 0.25, 0.2667, 0.2833, 0.3, 0.3167, 0.3333, 0.35, 0.3667, 0.3833, 0.4],
            "transform": [
                [-0.27564, 0.0, 0.961261, -0.926703, 0.961261, 0.0, 0.27564, -0.009643, 0.0, 1.0, 0.0, 0.653626, 0.0, 0.0, 0.0, 1.0],
                [-0.226909, -0.002658, 0.973912, -0.919699, 0.973915, 0.000675, 0.226912, 0.012791, -0.001261, 0.999996, 0.002435, 0.654447, 0.0, 0.0, 0.0, 1.0],
                [-0.084141, -0.010174, 0.996402, -0.897218, 0.996445, 0.003384, 0.084179, 0.073743, -0.004228, 0.999943, 0.009853, 0.656748, 0.0, 0.0, 0.0, 1.0],
                [0.151138, -0.021592, 0.988277, -0.85706, 0.98849, 0.010139, -0.150949, 0.16369, -0.006761, 0.999715, 0.022876, 0.660289, 0.0, 0.0, 0.0, 1.0],
                [0.454901, -0.03433, 0.88988, -0.797026, 0.890526, 0.023451, -0.454327, 0.273112, -0.005271, 0.999135, 0.041239, 0.664827, 0.0, 0.0, 0.0, 1.0],
                [0.751265, -0.043554, 0.658562, -0.714915, 0.65999, 0.043804, -0.749997, 0.392483, 0.003817, 0.99809, 0.061654, 0.67012, 0.0, 0.0, 0.0, 1.0],
                [0.943462, -0.045056, 0.328404, -0.610087, 0.330857, 0.067231, -0.941283, 0.512226, 0.020332, 0.99672, 0.078337, 0.675927, 0.0, 0.0, 0.0, 1.0],
                [0.999222, -0.039162, -0.00458, -0.488138, -0.001136, 0.087517, -0.996162, 0.622532, 0.039412, 0.995393, 0.087405, 0.682007, 0.0, 0.0, 0.0, 1.0],
                [0.965526, -0.030348, -0.258533, -0.356227, -0.254371, 0.10091, -0.961828, 0.713535, 0.055278, 0.994433, 0.089711, 0.688117, 0.0, 0.0, 0.0, 1.0],
                [0.913747, -0.023302, -0.405615, -0.221512, -0.401099, 0.107257, -0.909734, 0.775372, 0.064703, 0.993958, 0.088659, 0.694017, 0.0, 0.0, 0.0, 1.0],
                [0.89388, -0.020745, -0.447826, -0.09115, -0.443327, 0.107562, -0.889883, 0.798176, 0.06663, 0.993982, 0.086951, 0.699464, 0.0, 0.0, 0.0, 1.0],
                [0.899629, -0.020592, -0.43617, 0.028952, -0.431982, 0.103778, -0.895891, 0.770303, 0.063713, 0.994387, 0.084467, 0.704263, 0.0, 0.0, 0.0, 1.0],
                [0.906547, -0.01991, -0.421634, 0.137882, -0.417912, 0.098094, -0.903176, 0.694646, 0.059342, 0.994978, 0.080607, 0.708403, 0.0, 0.0, 0.0, 1.0],
                [0.913981, -0.018699, -0.405326, 0.235982, -0.40215, 0.091162, -0.911024, 0.583152, 0.053986, 0.99566, 0.075801, 0.711922, 0.0, 0.0, 0.0, 1.0],
                [0.92139, -0.016983, -0.388267, 0.32359, -0.385656, 0.08357, -0.91885, 0.447766, 0.048052, 0.996357, 0.070451, 0.714855, 0.0, 0.0, 0.0, 1.0],
                [0.928349, -0.014806, -0.371414, 0.401047, -0.369342, 0.075849, -0.926193, 0.300434, 0.041885, 0.997009, 0.064946, 0.717237, 0.0, 0.0, 0.0, 1.0],
                [0.93453, -0.012241, -0.355674, 0.468691, -0.354082, 0.068484, -0.932703, 0.153102, 0.035775, 0.997577, 0.059666, 0.719105, 0.0, 0.0, 0.0, 1.0],
                [0.939682, -0.009375, -0.34192, 0.526864, -0.340733, 0.06192, -0.938119, 0.017717, 0.029967, 0.998037, 0.05499, 0.720496, 0.0, 0.0, 0.0, 1.0],
                [0.943609, -0.006312, -0.331003, 0.575903, -0.330142, 0.056577, -0.942234, -0.093778, 0.024675, 0.998378, 0.051302, 0.721445, 0.0, 0.0, 0.0, 1.0],
                [0.946129, -0.003156, -0.323775, 0.616151, -0.323167, 0.052861, -0.944865, -0.169434, 0.020097, 0.998597, 0.048994, 0.721987, 0.0, 0.0, 0.0, 1.0],
                [0.947041, 0.0, -0.321114, 0.647945, -0.320693, 0.051185, -0.945799, -0.197308, 0.016436, 0.998689, 0.048474, 0.72216, 0.0, 0.0, 0.0, 1.0],
                [0.932695, 0.003913, -0.360644, 0.671669, -0.360366, 0.050812, -0.931426, -0.196373, 0.01468, 0.998701, 0.048802, 0.72216, 0.0, 0.0, 0.0, 1.0],
                [0.895207, 0.008443, -0.445571, 0.687876, -0.445402, 0.050355, -0.893914, -0.194317, 0.014889, 0.998696, 0.048838, 0.72216, 0.0, 0.0, 0.0, 1.0],
                [0.849985, 0.012148, -0.526668, 0.697163, -0.526569, 0.049696, -0.848679, -0.19226, 0.015864, 0.99869, 0.048637, 0.72216, 0.0, 0.0, 0.0, 1.0],
                [0.827038, 0.013666, -0.561981, 0.700126, -0.561906, 0.049327, -0.825729, -0.191326, 0.016436, 0.998689, 0.048474, 0.72216, 0.0, 0.0, 0.0, 1.0]
            ]
        },
        {
            "name": "Thigh_R",
            "time": [0.0, 0.0167, 0.0333, 0.05, 0.0667, 0.0833, 0.1, 0.1167, 0.1333, 0.15, 0.1667, 0.1833, 0.2, 0.2167, 0.2333, 0.25, 0.2667, 0.2833, 0.3, 0.3167, 0.3333, 0.35, 0.3667, 0.3833, 0.4],
            "transform": [
                [0.792055, 0.120679, 0.598402, 0.124994, 0.23604, -0.964562, -0.117905, -0.002831, 0.562968, 0.234634, -0.792473, -1.2e-05, 0.0, 0.0, 0.0, 1.0],
                [0.821354, 0.110861, 0.559542, 0.124994, 0.235603, -0.959281, -0.155783, -0.00283, 0.519488, 0.259782, -0.81403, -1.2e-05, 0.0, 0.0, 0.0, 1.0],
                [0.887997, 0.104695, 0.447772, 0.124994, 0.228854, -0.9452, -0.232851, -0.002831, 0.398856, 0.309245, -0.863297, -1.2e-05, 0.0, 0.0, 0.0, 1.0],
                [0.953132, 0.139353, 0.268551, 0.124994, 0.21463, -0.937025, -0.275528, -0.002831, 0.213244, 0.320253, -0.92302, -1.2e-05, 0.0, 0.0, 0.0, 1.0],
                [0.97937, 0.196622, 0.046635, 0.124994, 0.202037, -0.957361, -0.206492, -0.002831, 0.004046, 0.211653, -0.977337, -1.2e-05, 0.0, 0.0, 0.0, 1.0],
                [0.972034, 0.20383, -0.116627, 0.124994, 0.198542, -0.978523, -0.055418, -0.002831, -0.125418, 0.030712, -0.991628, -1.2e-05, 0.0, 0.0, 0.0, 1.0],
                [0.973955, 0.189781, -0.124074, 0.124994, 0.204045, -0.972229, 0.114603, -0.002831, -0.09888, -0.136934, -0.985633, -1.2e-05, 0.0, 0.0, 0.0, 1.0],
                [0.97077, 0.227312, -0.077032, 0.124994, 0.237608, -0.955504, 0.17479, -0.002831, -0.033873, -0.187984, -0.981588, -1.2e-05, 0.0, 0.0, 0.0, 1.0],
                [0.945869, 0.312078, -0.089098, 0.124994, 0.320798, -0.940629, 0.110922, -0.002831, -0.049192, -0.1335, -0.989828, -1.2e-05, 0.0, 0.0, 0.0, 1.0],
                [0.891265, 0.434971, -0.128236, 0.124994, 0.439224, -0.898359, 0.005483, -0.002831, -0.112817, -0.061211, -0.991728, -1.2e-05, 0.0, 0.0, 0.0, 1.0],
                [0.837207, 0.543194, -0.063419, 0.124994, 0.531099, -0.835216, -0.142635, -0.002831, -0.130447, 0.085733, -0.987742, -1.2e-05, 0.0, 0.0, 0.0, 1.0],
                [0.833445, 0.542861, 0.103293, 0.124994, 0.547358, -0.785299, -0.289316, -0.002831, -0.075942, 0.297667, -0.951645, -1.2e-05, 0.0, 0.0, 0.0, 1.0],
                [0.849842, 0.524019, 0.056312, 0.124994, 0.525493, -0.834329, -0.166584, -0.002831, -0.04031, 0.171161, -0.984419, -1.2e-05, 0.0, 0.0, 0.0, 1.0],
                [0.880959, 0.467069, -0.075881, 0.124994, 0.472516, -0.876889, 0.088267, -0.002831, -0.025313, -0.113614, -0.993203, -1.2e-05, 0.0, 0.0, 0.0, 1.0],
                [0.918311, 0.362069, -0.160026, 0.124994, 0.394769, -0.867571, 0.302448, -0.002831, -0.029327, -0.340914, -0.939636, -1.2e-05, 0.0, 0.0, 0.0, 1.0],
                [0.952172, 0.235004, -0.195296, 0.124994, 0.30195, -0.821632, 0.483472, -0.002831, -0.046844, -0.519317, -0.853297, -1.2e-05, 0.0, 0.0, 0.0, 1.0],
                [0.975949, 0.116102, -0.18451, 0.124994, 0.206748, -0.761342, 0.614501, -0.002831, -0.069131, -0.637867, -0.767037, -1.2e-05, 0.0, 0.0, 0.0, 1.0],
                [0.988937, 0.026216, -0.145996, 0.124994, 0.120405, -0.716715, 0.686892, -0.002831, -0.08663, -0.696871, -0.711944, -1.2e-05, 0.0, 0.0, 0.0, 1.0],
                [0.99466, -0.029814, -0.098799, 0.124994, 0.049151, -0.704944, 0.707557, -0.002831, -0.090743, -0.708634, -0.699716, -1.2e-05, 0.0, 0.0, 0.0, 1.0],
                [0.997329, -0.054381, -0.048765, 0.124994, -0.004867, -0.715607, 0.698485, -0.002831, -0.072881, -0.69638, -0.713962, -1.2e-05, 0.0, 0.0, 0.0, 1.0],
                [0.999031, -0.042253, 0.012286, 0.124994, -0.038892, -0.717254, 0.695724, -0.002831, -0.020584, -0.695527, -0.718204, -1.2e-05, 0.0, 0.0, 0.0, 1.0],
                [0.998355, -0.019255, 0.054012, 0.124994, -0.051587, -0.712853, 0.699412, -0.002831, 0.025035, -0.701046, -0.712676, -1.2e-05, 0.0, 0.0, 0.0, 1.0],
                [0.998458, -0.020364, 0.051649, 0.124994, -0.050718, -0.712992, 0.699335, -0.002831, 0.022584, -0.700874, -0.712927, -1.2e-05, 0.0, 0.0, 0.0, 1.0],
                [0.999048, -0.033726, 0.027671, 0.124994, -0.043465, -0.715335, 0.697428, -0.002831, -0.003727, -0.697965, -0.716121, -1.2e-05, 0.0, 0.0, 0.0, 1.0],
                [0.999031, -0.042253, 0.012286, 0.124994, -0.038892, -0.717254, 0.695725, -0.002831, -0.020585, -0.695527, -0.718204, -1.2e-05, 0.0, 0.0, 0.0, 1.0]
            ]
        },
        {
            "name": "Leg_R",
            "time": [0.0, 0.0167, 0.0333, 0.05, 0.0667, 0.0833, 0.1, 0.1167, 0.1333, 0.15, 0.1667, 0.1833, 0.2, 0.2167, 0.2333, 0.25, 0.2667, 0.2833, 0.3, 0.3167, 0.3333, 0.35, 0.3667, 0.3833, 0.4],
            "transform": [
                [1.0, -0.0, 1e-06, -0.0, -0.0, 0.835523, 0.54946, 0.374726, -1e-06, -0.549463, 0.835515, -0.0, 0.0, 0.0, 0.0, 1.0],
                [1.0, -0.0, 1e-06, 0.0, -0.0, 0.863487, 0.504375, 0.374726, -1e-06, -0.504378, 0.86348, 0.0, 0.0, 0.0, 0.0, 1.0],
                [1.0, -0.0, 1e-06, -0.0, -0.0, 0.915094, 0.403247, 0.374726, -1e-06, -0.403249, 0.915087, -0.0, 0.0, 0.0, 0.0, 1.0],
                [1.0, -0.0, 1e-06, -0.0, -0.0, 0.939479, 0.342619, 0.374726, -1e-06, -0.342621, 0.93947, 0.0, 0.0, 0.0, 0.0, 1.0],
                [1.0, -0.0, 1e-06, 0.0, -0.0, 0.895641, 0.444783, 0.374726, -1e-06, -0.444786, 0.895633, -0.0, 0.0, 0.0, 0.0, 1.0],
                [1.0, -0.0, 1e-06, 0.0, -0.0, 0.782382, 0.6228, 0.374726, -1e-06, -0.622804, 0.782376, 0.0, 0.0, 0.0, 0.0, 1.0],
                [1.0, -1e-06, 1e-06, -0.0, -0.0, 0.589865, 0.807502, 0.374726, -1e-06, -0.807505, 0.58986, 0.0, 0.0, 0.0, 0.0, 1.0],
                [1.0, -1e-06, 1e-06, -0.0, -0.0, 0.421562, 0.906799, 0.374726, -1e-06, -0.906801, 0.42156, -0.0, 0.0, 0.0, 0.0, 1.0],
                [1.0, -1e-06, 0.0, 0.0, -0.0, 0.394762, 0.918782, 0.374726, -1e-06, -0.918785, 0.39476, -0.0, 0.0, 0.0, 0.0, 1.0],
                [1.0, -1e-06, 1e-06, -0.0, -0.0, 0.542505, 0.840052, 0.374726, -1e-06, -0.840055, 0.542502, -0.0, 0.0, 0.0, 0.0, 1.0],
                [1.0, -0.0, 1e-06, -0.0, -0.0, 0.862797, 0.505558, 0.374726, -1e-06, -0.505561, 0.862788, -0.0, 0.0, 0.0, 0.0, 1.0],
                [1.0, 0.0, 1e-06, -0.0, 0.0, 0.999994, 0.004685, 0.374726, -1e-06, -0.004685, 0.999984, 0.0, 0.0, 0.0, 0.0, 1.0],
                [1.0, -0.0, 1e-06, 0.0, -0.0, 0.990041, 0.140811, 0.374726, -1e-06, -0.140812, 0.990031, 0.0, 0.0, 0.0, 0.0, 1.0],
                [1.0, -0.0, 1e-06, -0.0, -0.0, 0.855862, 0.517209, 0.374726, -1e-06, -0.517211, 0.855855, 0.0, 0.0, 0.0, 0.0, 1.0],
                [1.0, -0.0, 1e-06, 0.0, -0.0, 0.702399, 0.711784, 0.374726, -1e-06, -0.711787, 0.702395, -0.0, 0.0, 0.0, 0.0, 1.0],
                [1.0, -1e-06, 1e-06, -0.0, -0.0, 0.598588, 0.801057, 0.374726, -1e-06, -0.80106, 0.598584, 0.0, 0.0, 0.0, 0.0, 1.0],
                [1.0, -1e-06, 1e-06, 0.0, -0.0, 0.579477, 0.814988, 0.374726, -1e-06, -0.814991, 0.579473, -0.0, 0.0, 0.0, 0.0, 1.0],
                [1.0, -1e-06, 1e-06, 0.0, -0.0, 0.640351, 0.768083, 0.374726, -1e-06, -0.768086, 0.640346, 0.0, 0.0, 0.0, 0.0, 1.0],
                [1.0, -1e-06, 1e-06, -0.0, -0.0, 0.741101, 0.671395, 0.374726, -1e-06, -0.671398, 0.741096, 0.0, 0.0, 0.0, 0.0, 1.0],
                [1.0, -0.0, 1e-06, -0.0, -0.0, 0.820872, 0.571116, 0.374726, -1e-06, -0.571119, 0.820865, 0.0, 0.0, 0.0, 0.0, 1.0],
                [1.0, -0.0, 1e-06, 0.0, -0.0, 0.822953, 0.568113, 0.374726, -1e-06, -0.568116, 0.822945, 0.0, 0.0, 0.0, 0.0, 1.0],
                [1.0, -0.0, 1e-06, 0.0, -0.0, 0.794349, 0.607467, 0.374726, -1e-06, -0.60747, 0.79434, 0.0, 0.0, 0.0, 0.0, 1.0],
                [1.0, -0.0, 1e-06, -0.0, -0.0, 0.795581, 0.605851, 0.374726, -1e-06, -0.605853, 0.795573, 0.0, 0.0, 0.0, 0.0, 1.0],
                [1.0, -0.0, 1e-06, 0.0, -0.0, 0.812096, 0.583527, 0.374726, -1e-06, -0.58353, 0.812089, -0.0, 0.0, 0.0, 0.0, 1.0],
                [1.0, -1e-06, 1e-06, 0.0, -0.0, 0.822952, 0.568114, 0.374726, -1e-06, -0.568116, 0.822945, 0.0, 0.0, 0.0, 0.0, 1.0]
            ]
        },
        {
            "name": "Knee_R",
            "time": [0.0, 0.4],
            "transform": [
                [1.0, 0.0, -0.0, -0.0, -0.0, 0.00567, -0.999984, 0.379641, -0.0, 0.999984, 0.00567, -2.8e-05, 0.0, 0.0, 0.0, 1.0],
                [1.0, -0.0, -0.0, -0.0, -0.0, 0.00567, -0.999984, 0.382003, -0.0, 0.999984, 0.00567, -4.1e-05, 0.0, 0.0, 0.0, 1.0]
            ]
        },
        {
            "name": "Thigh_L",
            "time": [0.0, 0.0167, 0.0333, 0.05, 0.0667, 0.0833, 0.1, 0.1167, 0.1333, 0.15, 0.1667, 0.1833, 0.2, 0.2167, 0.2333, 0.25, 0.2667, 0.2833, 0.3, 0.3167, 0.3333, 0.35, 0.3667, 0.3833, 0.4],
            "transform": [
                [0.996597, 0.075087, 0.033987, -0.125006, 0.068792, -0.984914, 0.158783, -0.002831, 0.045397, -0.155905, -0.986728, -1.2e-05, 0.0, 0.0, 0.0, 1.0],
                [0.997209, 0.065019, 0.036689, -0.125006, 0.057636, -0.982843, 0.175202, -0.00283, 0.047451, -0.172598, -0.983848, -1.2e-05, 0.0, 0.0, 0.0, 1.0],
                [0.997392, 0.046293, 0.055378, -0.125006, 0.034249, -0.978898, 0.201457, -0.002831, 0.063536, -0.199035, -0.97793, -1.1e-05, 0.0, 0.0, 0.0, 1.0],
                [0.992803, 0.04291, 0.111805, -0.125006, 0.020416, -0.980581, 0.195047, -0.002831, 0.118004, -0.19136, -0.9744, -1.2e-05, 0.0, 0.0, 0.0, 1.0],
                [0.97955, 0.066845, 0.189772, -0.125006, 0.042486, -0.99065, 0.129642, -0.002831, 0.196664, -0.118928, -0.973232, -1.2e-05, 0.0, 0.0, 0.0, 1.0],
                [0.97606, 0.094721, 0.195789, -0.125006, 0.09165, -0.995484, 0.024706, -0.002831, 0.197246, -0.00617, -0.980334, -1.2e-05, 0.0, 0.0, 0.0, 1.0],
                [0.989991, 0.119115, 0.075681, -0.125006, 0.125225, -0.988742, -0.081896, -0.002831, 0.065074, 0.090554, -0.993763, -1.2e-05, 0.0, 0.0, 0.0, 1.0],
                [0.983112, 0.145579, -0.1109, -0.125006, 0.125729, -0.977607, -0.168747, -0.002831, -0.132982, 0.151954, -0.979401, -1.2e-05, 0.0, 0.0, 0.0, 1.0],
                [0.943799, 0.158907, -0.289813, -0.125006, 0.098009, -0.971957, -0.21376, -0.002831, -0.315654, 0.173342, -0.932907, -1.2e-05, 0.0, 0.0, 0.0, 1.0],
                [0.898559, 0.142353, -0.415122, -0.125006, 0.055251, -0.975096, -0.214785, -0.002831, -0.435359, 0.170061, -0.884048, -1.2e-05, 0.0, 0.0, 0.0, 1.0],
                [0.882384, 0.101652, -0.459418, -0.125006, 0.010343, -0.980339, -0.197048, -0.002831, -0.470416, 0.16912, -0.866087, -1.2e-05, 0.0, 0.0, 0.0, 1.0],
                [0.886788, 0.018998, -0.461785, -0.125006, -0.031722, -0.994297, -0.101823, -0.002831, -0.461085, 0.104944, -0.881129, -1.2e-05, 0.0, 0.0, 0.0, 1.0],
                [0.88653, -0.100076, -0.451719, -0.125006, -0.070145, -0.994113, 0.082576, -0.002831, -0.457324, -0.04152, -0.88833, -1.2e-05, 0.0, 0.0, 0.0, 1.0],
                [0.88412, -0.220908, -0.411743, -0.125006, -0.099608, -0.950033, 0.295828, -0.002831, -0.45652, -0.220534, -0.861948, -1.2e-05, 0.0, 0.0, 0.0, 1.0],
                [0.882932, -0.319469, -0.344049, -0.125006, -0.115142, -0.857759, 0.500989, -0.002831, -0.455162, -0.402724, -0.794128, -1.2e-05, 0.0, 0.0, 0.0, 1.0],
                [0.885943, -0.380065, -0.265809, -0.125006, -0.115239, -0.735538, 0.66761, -0.002831, -0.449248, -0.560833, -0.695444, -1.2e-05, 0.0, 0.0, 0.0, 1.0],
                [0.894482, -0.400129, -0.199495, -0.125006, -0.103112, -0.61878, 0.778768, -0.002831, -0.435051, -0.676024, -0.594745, -1.2e-05, 0.0, 0.0, 0.0, 1.0],
                [0.908165, -0.387782, -0.157666, -0.125006, -0.085471, -0.54048, 0.837003, -0.002831, -0.409791, -0.746662, -0.52399, -1.2e-05, 0.0, 0.0, 0.0, 1.0],
                [0.925765, -0.352917, -0.13567, -0.125006, -0.069659, -0.511882, 0.856226, -0.002831, -0.371624, -0.783215, -0.498467, -1.2e-05, 0.0, 0.0, 0.0, 1.0],
                [0.945896, -0.302604, -0.117095, -0.125006, -0.060455, -0.518922, 0.852681, -0.002831, -0.318788, -0.799468, -0.509141, -1.2e-05, 0.0, 0.0, 0.0, 1.0],
                [0.966958, -0.240263, -0.085237, -0.125006, -0.05699, -0.529605, 0.846328, -0.002831, -0.248483, -0.813505, -0.525799, -1.2e-05, 0.0, 0.0, 0.0, 1.0],
                [0.97777, -0.200272, -0.062104, -0.125006, -0.054774, -0.529857, 0.846316, -0.002831, -0.202399, -0.824101, -0.529048, -1.2e-05, 0.0, 0.0, 0.0, 1.0],
                [0.976859, -0.203917, -0.064524, -0.125006, -0.054583, -0.529375, 0.846631, -0.002831, -0.2068, -0.823517, -0.528255, -1.2e-05, 0.0, 0.0, 0.0, 1.0],
                [0.970931, -0.226485, -0.077447, -0.125006, -0.055977, -0.529436, 0.846501, -0.002831, -0.232723, -0.817558, -0.526724, -1.2e-05, 0.0, 0.0, 0.0, 1.0],
                [0.966958, -0.240263, -0.085236, -0.125006, -0.05699, -0.529604, 0.846328, -0.002831, -0.248483, -0.813506, -0.525798, -1.2e-05, 0.0, 0.0, 0.0, 1.0]
            ]
        },
        {
            "name": "Leg_L",
            "time": [0.0, 0.0167, 0.0333, 0.05, 0.0667, 0.0833, 0.1, 0.1167, 0.1333, 0.15, 0.1667, 0.1833, 0.2, 0.2167, 0.2333, 0.25, 0.2667, 0.2833, 0.3, 0.3167, 0.3333, 0.35, 0.3667, 0.3833, 0.4],
            "transform": [
                [1.0, -1e-06, 1e-06, -0.0, -0.0, 0.528989, 0.848629, 0.374726, -1e-06, -0.848629, 0.528988, -0.0, 0.0, 0.0, 0.0, 1.0],
                [1.0, -1e-06, 1e-06, -0.0, -0.0, 0.520894, 0.853621, 0.374726, -1e-06, -0.853621, 0.520894, 0.0, 0.0, 0.0, 0.0, 1.0],
                [1.0, -1e-06, 1e-06, 0.0, -0.0, 0.51385, 0.85788, 0.374726, -1e-06, -0.85788, 0.51385, 0.0, 0.0, 0.0, 0.0, 1.0],
                [1.0, -1e-06, 1e-06, -0.0, -0.0, 0.53656, 0.843862, 0.374726, -1e-06, -0.843862, 0.53656, 0.0, 0.0, 0.0, 0.0, 1.0],
                [1.0, -1e-06, 1e-06, 0.0, -0.0, 0.606264, 0.795264, 0.374726, -1e-06, -0.795263, 0.606264, -0.0, 0.0, 0.0, 0.0, 1.0],
                [1.0, -0.0, 1e-06, 0.0, -0.0, 0.713277, 0.700882, 0.374726, -1e-06, -0.700882, 0.713277, 0.0, 0.0, 0.0, 0.0, 1.0],
                [1.0, -0.0, 1e-06, 0.0, -0.0, 0.819466, 0.573129, 0.374726, -1e-06, -0.573129, 0.819465, -0.0, 0.0, 0.0, 0.0, 1.0],
                [1.0, -0.0, 1e-06, -0.0, -0.0, 0.893745, 0.448577, 0.374726, -1e-06, -0.448577, 0.893744, 0.0, 0.0, 0.0, 0.0, 1.0],
                [1.0, -0.0, 1e-06, 0.0, -0.0, 0.925157, 0.379584, 0.374726, -1e-06, -0.379584, 0.925157, 0.0, 0.0, 0.0, 0.0, 1.0],
                [1.000001, -0.0, 1e-06, 0.0, -0.0, 0.924713, 0.380667, 0.374726, -1e-06, -0.380667, 0.924712, -0.0, 0.0, 0.0, 0.0, 1.0],
                [1.0, -0.0, 1e-06, 0.0, -0.0, 0.910344, 0.413851, 0.374726, -1e-06, -0.413851, 0.910344, 0.0, 0.0, 0.0, 0.0, 1.0],
                [1.000001, -0.0, 1e-06, 0.0, -0.0, 0.838858, 0.544351, 0.374726, -1e-06, -0.544351, 0.838857, 0.0, 0.0, 0.0, 0.0, 1.0],
                [1.0, -1e-06, 1e-06, -0.0, -0.0, 0.688848, 0.724905, 0.374726, -1e-06, -0.724906, 0.688848, -0.0, 0.0, 0.0, 0.0, 1.0],
                [1.0, -1e-06, 1e-06, 0.0, -0.0, 0.518036, 0.855359, 0.374726, -1e-06, -0.855358, 0.518035, 0.0, 0.0, 0.0, 0.0, 1.0],
                [1.000001, -1e-06, 1e-06, 0.0, -0.0, 0.38182, 0.924237, 0.374726, -1e-06, -0.924236, 0.38182, 0.0, 0.0, 0.0, 0.0, 1.0],
                [1.0, -1e-06, 0.0, 0.0, -0.0, 0.319061, 0.947734, 0.374726, -1e-06, -0.947734, 0.319061, -0.0, 0.0, 0.0, 0.0, 1.0],
                [1.0, -1e-06, 0.0, -0.0, -0.0, 0.343698, 0.93908, 0.374726, -1e-06, -0.93908, 0.343698, -0.0, 0.0, 0.0, 0.0, 1.0],
                [1.0, -1e-06, 1e-06, 0.0, -0.0, 0.442237, 0.896899, 0.374726, -1e-06, -0.896899, 0.442237, -0.0, 0.0, 0.0, 0.0, 1.0],
                [1.0, -1e-06, 1e-06, 0.0, -0.0, 0.577055, 0.816706, 0.374726, -1e-06, -0.816706, 0.577055, 0.0, 0.0, 0.0, 0.0, 1.0],
                [1.000001, -1e-06, 1e-06, 0.0, -0.0, 0.695556, 0.718473, 0.374726, -1e-06, -0.718473, 0.695555, 0.0, 0.0, 0.0, 0.0, 1.0],
                [1.000001, -0.0, 1e-06, -0.0, -0.0, 0.745146, 0.666902, 0.374726, -1e-06, -0.666902, 0.745145, 0.0, 0.0, 0.0, 0.0, 1.0],
                [1.0, -0.0, 1e-06, -0.0, -0.0, 0.7439, 0.66829, 0.374726, -1e-06, -0.66829, 0.7439, -0.0, 0.0, 0.0, 0.0, 1.0],
                [1.0, -1e-06, 1e-06, 0.0, -0.0, 0.742667, 0.669661, 0.374726, -1e-06, -0.669661, 0.742667, -0.0, 0.0, 0.0, 0.0, 1.0],
                [1.0, -0.0, 1e-06, -0.0, -0.0, 0.744014, 0.668164, 0.374726, -1e-06, -0.668164, 0.744014, -0.0, 0.0, 0.0, 0.0, 1.0],
                [1.0, -0.0, 1e-06, 0.0, -0.0, 0.745145, 0.666903, 0.374726, -1e-06, -0.666903, 0.745144, 0.0, 0.0, 0.0, 0.0, 1.0]
            ]
        },
        {
            "name": "Knee_L",
            "time": [0.0, 0.4],
            "transform": [
                [1.0, 0.0, -0.0, 0.0, -0.0, 0.00567, -0.999984, 0.424983, -0.0, 0.999984, 0.00567, -0.000285, 0.0, 0.0, 0.0, 1.0],
                [1.0, 0.0, -0.0, -0.0, -0.0, 0.00567, -0.999984, 0.395221, -0.0, 0.999984, 0.00567, -0.000116, 0.0, 0.0, 0.0, 1.0]
            ]
        },
        {
            "name": "Torso",
            "time": [0.0, 0.0167, 0.0333, 0.05, 0.0667, 0.0833, 0.1, 0.1167, 0.1333, 0.15, 0.1667, 0.1833, 0.2, 0.2167, 0.2333, 0.25, 0.2667, 0.2833, 0.3, 0.3167, 0.3333, 0.35, 0.3667, 0.3833, 0.4],
            "transform": [
                [1.0, 0.0, 0.0, 0.0, 0.0, 1.0, 0.0, 0.05, -0.0, 0.0, 1.0, 0.0, 0.0, 0.0, 0.0, 1.0],
                [1.0, -5.7e-05, -0.0, 0.0, 5.7e-05, 1.0, 0.000169, 0.05, 0.0, -0.000169, 1.0, -0.0, 0.0, 0.0, 0.0, 1.0],
                [1.0, -0.000221, -0.0, 0.0, 0.000221, 1.0, 0.000651, 0.05, -0.0, -0.000651, 1.0, 0.0, 0.0, 0.0, 0.0, 1.0],
                [1.0, -0.000479, -0.0, -0.0, 0.000479, 0.999999, 0.001412, 0.05, -0.0, -0.001412, 0.999999, 0.0, 0.0, 0.0, 0.0, 1.0],
                [1.0, -0.00082, -1e-06, -0.0, 0.00082, 0.999997, 0.002418, 0.05, -1e-06, -0.002418, 0.999997, -0.0, 0.0, 0.0, 0.0, 1.0],
                [0.999999, -0.001232, -2e-06, 0.0, 0.001232, 0.999993, 0.003633, 0.05, -2e-06, -0.003633, 0.999993, -0.0, 0.0, 0.0, 0.0, 1.0],
                [0.999999, -0.001703, -4e-06, 0.0, 0.001703, 0.999986, 0.005022, 0.05, -4e-06, -0.005022, 0.999987, 0.0, 0.0, 0.0, 0.0, 1.0],
                [0.999998, -0.002221, -7e-06, 0.0, 0.002221, 0.999976, 0.006551, 0.05, -7e-06, -0.006551, 0.999979, 0.0, 0.0, 0.0, 0.0, 1.0],
                [0.999996, -0.002775, -1.1e-05, 0.0, 0.002775, 0.999963, 0.008184, 0.05, -1.1e-05, -0.008184, 0.999967, 0.0, 0.0, 0.0, 0.0, 1.0],
                [0.999994, -0.003352, -1.7e-05, -0.0, 0.003352, 0.999946, 0.009887, 0.05, -1.7e-05, -0.009887, 0.999951, -0.0, 0.0, 0.0, 0.0, 1.0],
                [0.999992, -0.003942, -2.3e-05, 0.0, 0.003942, 0.999925, 0.011625, 0.05, -2.3e-05, -0.011625, 0.999932, 0.0, 0.0, 0.0, 0.0, 1.0],
                [0.99999, -0.004531, -3e-05, 0.0, 0.004531, 0.999901, 0.013363, 0.05, -3e-05, -0.013363, 0.999911, 0.0, 0.0, 0.0, 0.0, 1.0],
                [0.999987, -0.005108, -3.9e-05, -0.0, 0.005108, 0.999874, 0.015066, 0.05, -3.8e-05, -0.015066, 0.999887, 0.0, 0.0, 0.0, 0.0, 1.0],
                [0.999984, -0.005662, -4.7e-05, 0.0, 0.005662, 0.999845, 0.016699, 0.05, -4.7e-05, -0.016699, 0.999861, -0.0, 0.0, 0.0, 0.0, 1.0],
                [0.999981, -0.00618, -5.6e-05, 0.0, 0.00618, 0.999815, 0.018227, 0.05, -5.6e-05, -0.018227, 0.999834, 0.0, 0.0, 0.0, 0.0, 1.0],
                [0.999978, -0.006651, -6.5e-05, 0.0, 0.006651, 0.999786, 0.019616, 0.05, -6.5e-05, -0.019616, 0.999808, -0.0, 0.0, 0.0, 0.0, 1.0],
                [0.999975, -0.007063, -7.4e-05, 0.0, 0.007063, 0.999758, 0.02083, 0.05, -7.4e-05, -0.02083, 0.999783, 0.0, 0.0, 0.0, 0.0, 1.0],
                [0.999972, -0.007404, -8.1e-05, -0.0, 0.007404, 0.999734, 0.021836, 0.05, -8.1e-05, -0.021836, 0.999761, -0.0, 0.0, 0.0, 0.0, 1.0],
                [0.999971, -0.007662, -8.7e-05, 0.0, 0.007662, 0.999715, 0.022597, 0.05, -8.7e-05, -0.022597, 0.999745, -0.0, 0.0, 0.0, 0.0, 1.0],
                [0.99997, -0.007826, -9e-05, 0.0, 0.007826, 0.999703, 0.023079, 0.05, -9e-05, -0.023079, 0.999734, 0.0, 0.0, 0.0, 0.0, 1.0],
                [0.999969, -0.007883, -9.2e-05, -0.0, 0.007883, 0.999699, 0.023248, 0.05, -9.2e-05, -0.023248, 0.99973, -0.0, 0.0, 0.0, 0.0, 1.0],
                [0.999969, -0.007883, -9.2e-05, -0.0, 0.007883, 0.999699, 0.023248, 0.05, -9.2e-05, -0.023248, 0.99973, -0.0, 0.0, 0.0, 0.0, 1.0],
                [0.999969, -0.007883, -9.2e-05, -0.0, 0.007883, 0.999699, 0.023248, 0.05, -9.2e-05, -0.023248, 0.99973, -0.0, 0.0, 0.0, 0.0, 1.0],
                [0.999969, -0.007883, -9.2e-05, -0.0, 0.007883, 0.999699, 0.023248, 0.05, -9.2e-05, -0.023248, 0.99973, 0.0, 0.0, 0.0, 0.0, 1.0],
                [0.999969, -0.007883, -9.2e-05, -0.0, 0.007883, 0.999699, 0.023248, 0.05, -9.2e-05, -0.023248, 0.99973, 0.0, 0.0, 0.0, 0.0, 1.0]
            ]
        },
        {
            "name": "Chest",
            "time": [0.0, 0.0167, 0.0333, 0.05, 0.0667, 0.0833, 0.1, 0.1167, 0.1333, 0.15, 0.1667, 0.1833, 0.2, 0.2167, 0.2333, 0.25, 0.2667, 0.2833, 0.3, 0.3167, 0.3333, 0.35, 0.3667, 0.3833, 0.4],
            "transform": [
                [0.819606, 0.0, 0.572927, 0.0, 0.0, 1.0, 0.0, 0.3, -0.572927, 0.0, 0.819606, 0.0, 0.0, 0.0, 0.0, 1.0],
                [0.822052, -0.001571, 0.56941, -0.0, 6.4e-05, 0.999996, 0.002667, 0.3, -0.569412, -0.002156, 0.822049, 0.0, 0.0, 0.0, 0.0, 1.0],
                [0.828981, -0.006025, 0.559245, -0.0, 0.000311, 0.999947, 0.010312, 0.3, -0.559278, -0.008374, 0.828938, -0.0, 0.0, 0.0, 0.0, 1.0],
                [0.83969, -0.012918, 0.542911, -0.0, 0.000894, 0.999748, 0.022406, 0.3, -0.543064, -0.018329, 0.839491, -0.0, 0.0, 0.0, 0.0, 1.0],
                [0.853396, -0.021756, 0.520809, -0.0, 0.002029, 0.99926, 0.038418, 0.3, -0.52126, -0.031729, 0.852808, 0.0, 0.0, 0.0, 0.0, 1.0],
                [0.869253, -0.032007, 0.493331, -0.0, 0.00396, 0.998321, 0.057792, 0.3, -0.494352, -0.048282, 0.86792, 0.0, 0.0, 0.0, 0.0, 1.0],
                [0.886392, -0.043124, 0.460922, 0.0, 0.006925, 0.996776, 0.07994, 0.3, -0.462883, -0.067666, 0.883833, 0.0, 0.0, 0.0, 0.0, 1.0],
                [0.903957, -0.054565, 0.424127, 0.0, 0.011125, 0.994491, 0.104233, 0.3, -0.427478, -0.089504, 0.899584, 0.0, 0.0, 0.0, 0.0, 1.0],
                [0.921142, -0.065821, 0.383622, 0.0, 0.016695, 0.991372, 0.130008, 0.3, -0.388869, -0.113351, 0.914293, 0.0, 0.0, 0.0, 0.0, 1.0],
                [0.937232, -0.076434, 0.340226, 0.0, 0.023684, 0.987382, 0.156578, 0.3, -0.347901, -0.138692, 0.927216, -0.0, 0.0, 0.0, 0.0, 1.0],
                [0.951648, -0.08603, 0.294897, 0.0, 0.032036, 0.982543, 0.183257, 0.3, -0.305515, -0.164949, 0.937791, -0.0, 0.0, 0.0, 0.0, 1.0],
                [0.963975, -0.094337, 0.248705, 0.0, 0.041587, 0.97695, 0.209379, 0.3, -0.262724, -0.191493, 0.945678, 0.0, 0.0, 0.0, 0.0, 1.0],
                [0.973978, -0.101193, 0.202796, 0.0, 0.052068, 0.970761, 0.234331, 0.3, -0.220579, -0.217674, 0.95077, 0.0, 0.0, 0.0, 0.0, 1.0],
                [0.981617, -0.106557, 0.158349, -0.0, 0.063116, 0.964197, 0.257567, 0.3, -0.180125, -0.242838, 0.953197, -0.0, 0.0, 0.0, 0.0, 1.0],
                [0.987022, -0.110493, 0.116532, -0.0, 0.074294, 0.957521, 0.278627, 0.3, -0.142368, -0.266353, 0.953303, 0.0, 0.0, 0.0, 0.0, 1.0],
                [0.990473, -0.113161, 0.078471, -0.0, 0.085114, 0.951034, 0.297135, 0.3, -0.108253, -0.287626, 0.951605, -0.0, 0.0, 0.0, 0.0, 1.0],
                [0.99236, -0.114789, 0.045224, 0.0, 0.095062, 0.945052, 0.312795, 0.3, -0.078644, -0.306106, 0.948743, -0.0, 0.0, 0.0, 0.0, 1.0],
                [0.993132, -0.115644, 0.017781, -0.0, 0.103619, 0.939893, 0.325367, 0.3, -0.054339, -0.32129, 0.945421, -0.0, 0.0, 0.0, 0.0, 1.0],
                [0.993245, -0.115997, -0.002929, -0.0, 0.110283, 0.935869, 0.334644, 0.3, -0.036077, -0.332707, 0.94234, 0.0, 0.0, 0.0, 0.0, 1.0],
                [0.99311, -0.11609, -0.01601, -0.0, 0.114583, 0.933269, 0.340411, 0.3, -0.024577, -0.3399, 0.940141, -0.0, 0.0, 0.0, 0.0, 1.0],
                [0.993024, -0.116099, -0.020572, -0.0, 0.116099, 0.932352, 0.342405, 0.3, -0.020572, -0.342405, 0.939327, 0.0, 0.0, 0.0, 0.0, 1.0],
                [0.993024, -0.116099, -0.020572, -0.0, 0.116099, 0.932352, 0.342405, 0.3, -0.020572, -0.342405, 0.939327, 0.0, 0.0, 0.0, 0.0, 1.0],
                [0.993024, -0.116099, -0.020572, -0.0, 0.116099, 0.932352, 0.342405, 0.3, -0.020572, -0.342405, 0.939327, 0.0, 0.0, 0.0, 0.0, 1.0],
                [0.993024, -0.116099, -0.020572, -0.0, 0.116099, 0.932352, 0.342405, 0.3, -0.020572, -0.342405, 0.939327, -0.0, 0.0, 0.0, 0.0, 1.0],
                [0.993025, -0.116099, -0.020572, 0.0, 0.116099, 0.932352, 0.342405, 0.3, -0.020572, -0.342405, 0.939327, 0.0, 0.0, 0.0, 0.0, 1.0]
            ]
        },
        {
            "name": "Head",
            "time": [0.0, 0.0167, 0.0333, 0.05, 0.0667, 0.0833, 0.1, 0.1167, 0.1333, 0.15, 0.1667, 0.1833, 0.2, 0.2167, 0.2333, 0.25, 0.2667, 0.2833, 0.3, 0.3167, 0.3333, 0.35, 0.3667, 0.3833, 0.4],
            "transform": [
                [0.970845, 0.0, -0.239708, -0.0, 0.0, 1.0, 0.0, 0.4, 0.239708, 0.0, 0.970845, -0.0, 0.0, 0.0, 0.0, 1.0],
                [0.971256, 0.000543, -0.238037, -0.0, -0.001144, 0.999996, -0.002387, 0.4, 0.238035, 0.00259, 0.971253, -0.0, 0.0, 0.0, 0.0, 1.0],
                [0.972414, 0.002124, -0.233255, -0.0, -0.004398, 0.999948, -0.009232, 0.4, 0.233223, 0.010003, 0.972372, 0.0, 0.0, 0.0, 0.0, 1.0],
                [0.974184, 0.004695, -0.225708, 0.0, -0.009471, 0.999753, -0.020081, 0.4, 0.225558, 0.0217, 0.973988, -0.0, 0.0, 0.0, 0.0, 1.0],
                [0.976414, 0.008236, -0.215749, 0.0, -0.016049, 0.999276, -0.034486, 0.4, 0.215309, 0.037135, 0.97584, 0.0, 0.0, 0.0, 0.0, 1.0],
                [0.978943, 0.01273, -0.203735, -0.0, -0.023805, 0.998363, -0.051998, 0.4, 0.20274, 0.055753, 0.977644, 0.0, 0.0, 0.0, 0.0, 1.0],
                [0.98161, 0.018159, -0.190032, -0.0, -0.03241, 0.996867, -0.072154, 0.4, 0.188127, 0.076986, 0.979123, 0.0, 0.0, 0.0, 0.0, 1.0],
                [0.984262, 0.024484, -0.175014, -0.0, -0.041541, 0.994661, -0.094471, 0.4, 0.171767, 0.100255, 0.980023, -0.0, 0.0, 0.0, 0.0, 1.0],
                [0.986762, 0.031643, -0.159059, -0.0, -0.050893, 0.991655, -0.118445, 0.4, 0.153984, 0.124972, 0.980138, 0.0, 0.0, 0.0, 0.0, 1.0],
                [0.988998, 0.039539, -0.142547, -0.0, -0.060181, 0.987811, -0.143549, 0.4, 0.135134, 0.150549, 0.979323, -0.0, 0.0, 0.0, 0.0, 1.0],
                [0.990885, 0.048038, -0.125855, 0.0, -0.069158, 0.983145, -0.16924, 0.4, 0.115604, 0.176401, 0.977506, -0.0, 0.0, 0.0, 0.0, 1.0],
                [0.992369, 0.056971, -0.10935, -0.0, -0.077614, 0.977735, -0.194961, 0.4, 0.095808, 0.20196, 0.974696, -0.0, 0.0, 0.0, 0.0, 1.0],
                [0.993432, 0.06613, -0.093383, 0.0, -0.08538, 0.971721, -0.220156, 0.4, 0.076183, 0.226683, 0.970985, 0.0, 0.0, 0.0, 0.0, 1.0],
                [0.994085, 0.075278, -0.078285, -0.0, -0.092335, 0.9653, -0.244273, 0.4, 0.05718, 0.250057, 0.966541, 0.0, 0.0, 0.0, 0.0, 1.0],
                [0.994372, 0.084149, -0.064363, -0.0, -0.0984, 0.958723, -0.266774, 0.4, 0.039258, 0.271606, 0.961608, 0.0, 0.0, 0.0, 0.0, 1.0],
                [0.994363, 0.092459, -0.051902, 0.0, -0.103533, 0.952278, -0.287137, 0.4, 0.022876, 0.290892, 0.956482, -0.0, 0.0, 0.0, 0.0, 1.0],
                [0.994145, 0.099912, -0.041163, 0.0, -0.107725, 0.946285, -0.304862, 0.4, 0.008492, 0.307511, 0.951507, -0.0, 0.0, 0.0, 0.0, 1.0],
                [0.993817, 0.106208, -0.03239, 0.0, -0.110984, 0.941077, -0.319465, 0.4, -0.003448, 0.321084, 0.947044, 0.0, 0.0, 0.0, 0.0, 1.0],
                [0.99348, 0.111048, -0.025821, -0.0, -0.113323, 0.936986, -0.330477, 0.4, -0.012505, 0.331248, 0.943461, -0.0, 0.0, 0.0, 0.0, 1.0],
                [0.993227, 0.114147, -0.021693, -0.0, -0.114748, 0.93433, -0.337431, 0.4, -0.018249, 0.337635, 0.9411, 0.0, 0.0, 0.0, 0.0, 1.0],
                [0.993132, 0.115236, -0.020256, -0.0, -0.115236, 0.933391, -0.339857, 0.4, -0.020256, 0.339857, 0.940259, -0.0, 0.0, 0.0, 0.0, 1.0],
                [0.993132, 0.115236, -0.020256, 0.0, -0.115236, 0.93339, -0.339857, 0.4, -0.020256, 0.339857, 0.940259, -0.0, 0.0, 0.0, 0.0, 1.0],
                [0.993132, 0.115236, -0.020256, 0.0, -0.115236, 0.933391, -0.339857, 0.4, -0.020257, 0.339857, 0.940259, -0.0, 0.0, 0.0, 0.0, 1.0],
                [0.993132, 0.115236, -0.020256, 0.0, -0.115236, 0.933391, -0.339857, 0.4, -0.020257, 0.339857, 0.940259, -0.0, 0.0, 0.0, 0.0, 1.0],
                [0.993132, 0.115236, -0.020256, 0.0, -0.115236, 0.933391, -0.339857, 0.4, -0.020257, 0.339857, 0.940259, -0.0, 0.0, 0.0, 0.0, 1.0]
            ]
        },
        {
            "name": "Shoulder_R",
            "time": [0.0, 0.0167, 0.0333, 0.05, 0.0667, 0.0833, 0.1, 0.1167, 0.1333, 0.15, 0.1667, 0.1833, 0.2, 0.2167, 0.2333, 0.25, 0.2667, 0.2833, 0.3, 0.3167, 0.3333, 0.35, 0.3667, 0.3833, 0.4],
            "transform": [
                [0.0, 0.952114, 0.305743, -0.0, 0.0, -0.305743, 0.952114, 0.4, 1.0, -0.0, -0.0, -0.0, 0.0, 0.0, 0.0, 1.0],
                [0.0, 0.952114, 0.305743, -0.0, 0.0, -0.305743, 0.952114, 0.4, 1.0, -0.0, -0.0, -0.0, 0.0, 0.0, 0.0, 1.0],
                [0.0, 0.952114, 0.305743, -0.0, 0.0, -0.305743, 0.952114, 0.4, 1.0, 0.0, -0.0, 0.0, 0.0, 0.0, 0.0, 1.0],
                [0.0, 0.952114, 0.305743, 0.0, 0.0, -0.305743, 0.952114, 0.4, 1.0, -0.0, -0.0, -0.0, 0.0, 0.0, 0.0, 1.0],
                [0.0, 0.952114, 0.305743, 0.0, 0.0, -0.305743, 0.952114, 0.4, 1.0, -0.0, -0.0, 0.0, 0.0, 0.0, 0.0, 1.0],
                [0.0, 0.952114, 0.305743, -0.0, 0.0, -0.305743, 0.952114, 0.4, 1.0, -0.0, -0.0, 0.0, 0.0, 0.0, 0.0, 1.0],
                [0.0, 0.952114, 0.305743, -0.0, 0.0, -0.305743, 0.952114, 0.4, 1.0, -0.0, -0.0, 0.0, 0.0, 0.0, 0.0, 1.0],
                [0.0, 0.952114, 0.305743, -0.0, 0.0, -0.305743, 0.952114, 0.4, 1.0, -0.0, -0.0, -0.0, 0.0, 0.0, 0.0, 1.0],
                [0.0, 0.952114, 0.305743, -0.0, 0.0, -0.305743, 0.952114, 0.4, 1.0, -0.0, -0.0, 0.0, 0.0, 0.0, 0.0, 1.0],
                [0.0, 0.952114, 0.305743, -0.0, -0.0, -0.305743, 0.952114, 0.4, 1.0, 0.0, -0.0, -0.0, 0.0, 0.0, 0.0, 1.0],
                [0.0, 0.952114, 0.305743, 0.0, 0.0, -0.305743, 0.952114, 0.4, 1.0, -0.0, -0.0, -0.0, 0.0, 0.0, 0.0, 1.0],
                [0.0, 0.952114, 0.305743, -0.0, -0.0, -0.305743, 0.952114, 0.4, 1.0, -0.0, 0.0, -0.0, 0.0, 0.0, 0.0, 1.0],
                [0.0, 0.952114, 0.305743, 0.0, 0.0, -0.305743, 0.952114, 0.4, 1.0, -0.0, -0.0, 0.0, 0.0, 0.0, 0.0, 1.0],
                [0.0, 0.952114, 0.305743, -0.0, 0.0, -0.305743, 0.952114, 0.4, 1.0, 0.0, -0.0, 0.0, 0.0, 0.0, 0.0, 1.0],
                [0.0, 0.952114, 0.305743, -0.0, 0.0, -0.305743, 0.952114, 0.4, 1.0, -0.0, -0.0, 0.0, 0.0, 0.0, 0.0, 1.0],
                [0.0, 0.952114, 0.305743, 0.0, 0.0, -0.305743, 0.952114, 0.4, 1.0, 0.0, -0.0, -0.0, 0.0, 0.0, 0.0, 1.0],
                [0.0, 0.952114, 0.305743, 0.0, 0.0, -0.305743, 0.952114, 0.4, 1.0, 0.0, 0.0, -0.0, 0.0, 0.0, 0.0, 1.0],
                [0.0, 0.952114, 0.305743, 0.0, 0.0, -0.305743, 0.952114, 0.4, 1.0, 0.0, -0.0, 0.0, 0.0, 0.0, 0.0, 1.0],
                [0.0, 0.952114, 0.305743, -0.0, 0.0, -0.305743, 0.952114, 0.4, 1.0, -0.0, 0.0, -0.0, 0.0, 0.0, 0.0, 1.0],
                [0.0, 0.952114, 0.305743, -0.0, 0.0, -0.305743, 0.952114, 0.4, 1.0, -0.0, 0.0, 0.0, 0.0, 0.0, 0.0, 1.0],
                [0.0, 0.952114, 0.305743, -0.0, 0.0, -0.305743, 0.952114, 0.4, 1.0, -0.0, -0.0, -0.0, 0.0, 0.0, 0.0, 1.0],
                [0.0, 0.952114, 0.305743, 0.0, 0.0, -0.305743, 0.952114, 0.4, 1.0, 0.0, -0.0, -0.0, 0.0, 0.0, 0.0, 1.0],
                [0.0, 0.952114, 0.305743, 0.0, -0.0, -0.305743, 0.952114, 0.4, 1.0, -0.0, -0.0, -0.0, 0.0, 0.0, 0.0, 1.0],
                [0.0, 0.952114, 0.305743, 0.0, 0.0, -0.305743, 0.952114, 0.4, 1.0, -0.0, -0.0, -0.0, 0.0, 0.0, 0.0, 1.0],
                [0.0, 0.952114, 0.305743, 0.0, 0.0, -0.305743, 0.952114, 0.4, 1.0, -0.0, -0.0, -0.0, 0.0, 0.0, 0.0, 1.0]
            ]
        },
        {
            "name": "Arm_R",
            "time": [0.0, 0.0167, 0.0333, 0.05, 0.0667, 0.0833, 0.1, 0.1167, 0.1333, 0.15, 0.1667, 0.1833, 0.2, 0.2167, 0.2333, 0.25, 0.2667, 0.2833, 0.3, 0.3167, 0.3333, 0.35, 0.3667, 0.3833, 0.4],
            "transform": [
                [-0.031241, -0.976539, -0.213063, -0.0, -0.214495, 0.214751, -0.952824, 0.393861, 0.976225, 0.015933, -0.216172, 0.0, 0.0, 0.0, 0.0, 1.0],
                [-0.021718, -0.819711, -0.572368, -0.0, -0.228512, 0.561418, -0.795357, 0.39386, 0.973299, 0.113519, -0.199506, -0.0, 0.0, 0.0, 0.0, 1.0],
                [-0.013653, -0.580054, -0.814465, -0.0, -0.269304, 0.786575, -0.555676, 0.39386, 0.962958, 0.211752, -0.166951, 0.0, 0.0, 0.0, 0.0, 1.0],
                [-0.023172, -0.485599, -0.873874, -0.0, -0.30825, 0.834993, -0.455819, 0.39386, 0.951024, 0.25881, -0.169034, -0.0, 0.0, 0.0, 0.0, 1.0],
                [-0.01915, -0.767743, -0.640473, -0.0, -0.344076, 0.606524, -0.716758, 0.39386, 0.938747, 0.206646, -0.275777, 0.0, 0.0, 0.0, 0.0, 1.0],
                [0.015452, -0.870886, -0.491243, -0.0, -0.380323, 0.449254, -0.808409, 0.393861, 0.924724, 0.199322, -0.324277, -0.0, 0.0, 0.0, 0.0, 1.0],
                [0.07162, -0.966958, -0.24467, -0.0, -0.401071, 0.196677, -0.894685, 0.39386, 0.913243, 0.162208, -0.373733, -0.0, 0.0, 0.0, 0.0, 1.0],
                [0.126944, -0.991824, -0.013085, 0.0, -0.397642, -0.038801, -0.91672, 0.39386, 0.908717, 0.121575, -0.399317, 0.0, 0.0, 0.0, 0.0, 1.0],
                [0.163341, -0.976963, 0.137347, 0.0, -0.366639, -0.189357, -0.91089, 0.393861, 0.915912, 0.098429, -0.389123, 0.0, 0.0, 0.0, 0.0, 1.0],
                [0.175926, -0.965328, 0.192853, -0.0, -0.307748, -0.240022, -0.920696, 0.393861, 0.935062, 0.102624, -0.339305, -0.0, 0.0, 0.0, 0.0, 1.0],
                [0.180902, -0.971085, 0.155786, -0.0, -0.233867, -0.196329, -0.95224, 0.39386, 0.955291, 0.13583, -0.262621, -0.0, 0.0, 0.0, 0.0, 1.0],
                [0.195642, -0.977904, 0.07369, 0.0, -0.189711, -0.111462, -0.975494, 0.393861, 0.962151, 0.176868, -0.207325, -0.0, 0.0, 0.0, 0.0, 1.0],
                [0.210087, -0.97749, -0.019464, -0.0, -0.174532, -0.017907, -0.984489, 0.39386, 0.961978, 0.210226, -0.174365, -0.0, 0.0, 0.0, 0.0, 1.0],
                [0.218811, -0.964891, -0.145289, 0.0, -0.165636, 0.110008, -0.980033, 0.393861, 0.961606, 0.238507, -0.135749, 0.0, 0.0, 0.0, 0.0, 1.0],
                [0.222249, -0.918644, -0.32665, -0.0, -0.1523, 0.298206, -0.942272, 0.39386, 0.963021, 0.259168, -0.073634, 0.0, 0.0, 0.0, 0.0, 1.0],
                [0.233087, -0.794912, -0.560166, 0.0, -0.12137, 0.547749, -0.827793, 0.39386, 0.964852, 0.260935, 0.031194, 0.0, 0.0, 0.0, 0.0, 1.0],
                [0.288049, -0.542717, -0.788979, -0.0, -0.070042, 0.809753, -0.582577, 0.393861, 0.955051, 0.223072, 0.195236, 0.0, 0.0, 0.0, 0.0, 1.0],
                [0.365809, -0.197867, -0.909413, 0.0, -0.042003, 0.972634, -0.228517, 0.393861, 0.929742, 0.121791, 0.347488, 0.0, 0.0, 0.0, 0.0, 1.0],
                [0.412931, 0.212474, -0.885632, -0.0, -0.045032, 0.97598, 0.213154, 0.39386, 0.909648, -0.048136, 0.412581, 0.0, 0.0, 0.0, 0.0, 1.0],
                [0.43677, 0.423206, -0.793807, -0.0, -0.063528, 0.894734, 0.442059, 0.393861, 0.897328, -0.142649, 0.417678, -0.0, 0.0, 0.0, 0.0, 1.0],
                [0.444342, 0.536652, -0.717333, -0.0, -0.081965, 0.821717, 0.563972, 0.39386, 0.8921, -0.1918, 0.40911, 0.0, 0.0, 0.0, 0.0, 1.0],
                [0.445148, 0.570444, -0.690244, 0.0, -0.090277, 0.795491, 0.599204, 0.393861, 0.890894, -0.204421, 0.405609, 0.0, 0.0, 0.0, 0.0, 1.0],
                [0.445216, 0.576777, -0.684918, 0.0, -0.089978, 0.789855, 0.606657, 0.393861, 0.890891, -0.208466, 0.403554, -0.0, 0.0, 0.0, 0.0, 1.0],
                [0.445734, 0.489296, -0.749607, 0.0, -0.087504, 0.857201, 0.507494, 0.39386, 0.890878, -0.160615, 0.424899, -0.0, 0.0, 0.0, 0.0, 1.0],
