{
    "animation": [
        {
            "name": "Root",
            "time": [0.0, 0.0167, 0.0333, 0.05, 0.0667, 0.0833, 0.1, 0.1167, 0.1333, 0.15, 0.1667, 0.1833, 0.2, 0.2167, 0.2333, 0.25, 0.2667, 0.2833, 0.3, 0.3167, 0.3333, 0.35, 0.3667, 0.3833, 0.4, 0.4167, 0.4333, 0.45, 0.4667, 0.4833, 0.5],
            "transform": [
                [-0.27564, 0.0, 0.961261, -0.926703, 0.961261, 0.0, 0.27564, -0.009643, 0.0, 1.0, 0.0, 0.653626, 0.0, 0.0, 0.0, 1.0],
                [-0.240441, -0.001701, 0.970662, -0.925009, 0.970663, 0.000419, 0.240442, 0.010451, -0.000816, 0.999998, 0.00155, 0.653982, 0.0, 0.0, 0.0, 1.0],
                [-0.130055, -0.007158, 0.991481, -0.913149, 0.991502, 0.002198, 0.130073, 0.075308, -0.003111, 0.999972, 0.006811, 0.655354, 0.0, 0.0, 0.0, 1.0],
                [0.071602, -0.016961, 0.997289, -0.880957, 0.997416, 0.007151, -0.07149, 0.191789, -0.005919, 0.999831, 0.017429, 0.658198, 0.0, 0.0, 0.0, 1.0],
                [0.379307, -0.030708, 0.924761, -0.818268, 0.925251, 0.019154, -0.378872, 0.366757, -0.006078, 0.999345, 0.035678, 0.662968, 0.0, 0.0, 0.0, 1.0],
                [0.751265, -0.043554, 0.658562, -0.714915, 0.65999, 0.043804, -0.749997, 0.607072, 0.003817, 0.99809, 0.061654, 0.67012, 0.0, 0.0, 0.0, 1.0],
                [0.987773, -0.043002, 0.149854, -0.543889, 0.152886, 0.07903, -0.985079, 0.900236, 0.030517, 0.995944, 0.084638, 0.679704, 0.0, 0.0, 0.0, 1.0],
                [0.953722, -0.028644, -0.299323, -0.318964, -0.295027, 0.103148, -0.949905, 1.156296, 0.058083, 0.994253, 0.089924, 0.690145, 0.0, 0.0, 0.0, 1.0],
                [0.89388, -0.020745, -0.447826, -0.09115, -0.443327, 0.107562, -0.889883, 1.265942, 0.06663, 0.993982, 0.086951, 0.699464, 0.0, 0.0, 0.0, 1.0],
                [0.902459, -0.020617, -0.430283, 0.095472, -0.426221, 0.102137, -0.898834, 1.029033, 0.062479, 0.994557, 0.083387, 0.706064, 0.0, 0.0, 0.0, 1.0],
                [0.908829, -0.020315, -0.416674, 0.224529, -0.412967, 0.097596, -0.905501, 0.724437, 0.059061, 0.995019, 0.080309, 0.709886, 0.0, 0.0, 0.0, 1.0],
                [0.915301, -0.019537, -0.402295, 0.327884, -0.399022, 0.09195, -0.912319, 0.642632, 0.054815, 0.995572, 0.076366, 0.712585, 0.0, 0.0, 0.0, 1.0],
                [0.935183, -0.009368, -0.35404, 0.522717, -0.352645, 0.067841, -0.933295, 0.161308, 0.032762, 0.997652, 0.06014, 0.718434, 0.0, 0.0, 0.0, 1.0],
                [0.947041, 0.0, -0.321114, 0.647945, -0.320693, 0.051185, -0.945799, -0.197308, 0.016436, 0.998689, 0.048474, 0.72216, 0.0, 0.0, 0.0, 1.0],
                [0.946802, 0.000333, -0.321818, 0.657464, -0.321413, 0.051136, -0.945557, -0.197303, 0.016142, 0.998692, 0.048523, 0.72216, 0.0, 0.0, 0.0, 1.0],
                [0.946116, 0.000665, -0.323828, 0.665865, -0.323438, 0.051099, -0.944869, -0.197291, 0.015919, 0.998693, 0.048561, 0.72216, 0.0, 0.0, 0.0, 1.0],
                [0.945034, 0.000994, -0.326969, 0.673217, -0.326591, 0.051071, -0.943785, -0.197271, 0.01576, 0.998695, 0.048588, 0.72216, 0.0, 0.0, 0.0, 1.0],
                [0.943608, 0.001318, -0.331063, 0.67959, -0.330695, 0.05105, -0.942356, -0.197245, 0.015659, 0.998695, 0.048607, 0.72216, 0.0, 0.0, 0.0, 1.0],
                [0.941885, 0.001633, -0.335931, 0.685054, -0.335573, 0.051036, -0.940631, -0.197214, 0.015609, 0.998695, 0.048618, 0.72216, 0.0, 0.0, 0.0, 1.0],
                [0.939917, 0.001937, -0.341398, 0.68968, -0.341046, 0.051027, -0.938661, -0.197179, 0.015602, 0.998695, 0.048621, 0.72216, 0.0, 0.0, 0.0, 1.0],
                [0.937757, 0.002228, -0.347285, 0.693537, -0.34694, 0.051021, -0.936499, -0.197142, 0.015633, 0.998695, 0.048619, 0.72216, 0.0, 0.0, 0.0, 1.0],
                [0.935463, 0.002503, -0.353417, 0.696694, -0.353077, 0.051019, -0.934202, -0.197102, 0.015693, 0.998695, 0.04861, 0.72216, 0.0, 0.0, 0.0, 1.0],
                [0.933095, 0.00276, -0.359621, 0.699223, -0.359285, 0.051019, -0.931832, -0.197063, 0.015776, 0.998694, 0.048597, 0.72216, 0.0, 0.0, 0.0, 1.0],
                [0.930719, 0.002996, -0.365723, 0.701192, -0.365391, 0.051021, -0.929455, -0.197023, 0.015875, 0.998693, 0.048581, 0.72216, 0.0, 0.0, 0.0, 1.0],
                [0.928406, 0.003209, -0.371554, 0.702671, -0.371224, 0.051024, -0.927141, -0.196986, 0.015983, 0.998692, 0.048562, 0.72216, 0.0, 0.0, 0.0, 1.0],
                [0.92623, 0.003396, -0.376944, 0.703732, -0.376615, 0.051027, -0.924963, -0.196951, 0.016093, 0.998691, 0.048542, 0.72216, 0.0, 0.0, 0.0, 1.0],
                [0.924269, 0.003555, -0.381726, 0.704442, -0.381398, 0.05103, -0.923001, -0.19692, 0.016198, 0.998691, 0.048522, 0.72216, 0.0, 0.0, 0.0, 1.0],
                [0.922603, 0.003683, -0.385733, 0.704873, -0.385406, 0.051034, -0.921335, -0.196894, 0.016292, 0.99869, 0.048503, 0.72216, 0.0, 0.0, 0.0, 1.0],
                [0.921314, 0.003777, -0.388801, 0.705095, -0.388475, 0.051037, -0.920045, -0.196874, 0.016368, 0.99869, 0.048488, 0.72216, 0.0, 0.0, 0.0, 1.0],
                [0.920483, 0.003836, -0.390764, 0.705176, -0.390438, 0.051039, -0.919213, -0.196861, 0.016418, 0.998689, 0.048478, 0.72216, 0.0, 0.0, 0.0, 1.0],
                [0.920189, 0.003856, -0.391455, 0.705188, -0.391129, 0.05104, -0.918919, -0.196857, 0.016436, 0.998689, 0.048474, 0.72216, 0.0, 0.0, 0.0, 1.0]
            ]
        },
        {
            "name": "Thigh_R",
            "time": [0.0, 0.0167, 0.0333, 0.05, 0.0667, 0.0833, 0.1, 0.1167, 0.1333, 0.15, 0.1667, 0.1833, 0.2, 0.2167, 0.2333, 0.25, 0.2667, 0.2833, 0.3, 0.3167, 0.3333, 0.35, 0.3667, 0.3833, 0.4, 0.4167, 0.4333, 0.45, 0.4667, 0.4833, 0.5],
            "transform": [
                [0.792055, 0.120679, 0.598402, 0.124994, 0.23604, -0.964562, -0.117905, -0.002831, 0.562968, 0.234634, -0.792473, -1.2e-05, 0.0, 0.0, 0.0, 1.0],
                [0.824145, 0.135457, 0.549942, 0.124994, 0.248719, -0.958901, -0.136543, -0.002831, 0.508844, 0.249311, -0.823966, -1.2e-05, 0.0, 0.0, 0.0, 1.0],
                [0.890751, 0.171941, 0.42071, 0.124994, 0.266087, -0.947736, -0.176041, -0.002831, 0.368454, 0.268754, -0.889951, -1.2e-05, 0.0, 0.0, 0.0, 1.0],
                [0.949525, 0.220825, 0.222796, 0.124994, 0.262783, -0.947818, -0.18051, -0.00283, 0.171309, 0.229945, -0.958008, -1.2e-05, 0.0, 0.0, 0.0, 1.0],
                [0.972712, 0.231784, -0.010358, 0.124994, 0.229457, -0.967636, -0.105006, -0.002831, -0.034362, 0.099763, -0.994418, -1.2e-05, 0.0, 0.0, 0.0, 1.0],
                [0.972034, 0.20383, -0.116627, 0.124994, 0.198542, -0.978523, -0.055418, -0.002831, -0.125418, 0.030713, -0.991629, -1.2e-05, 0.0, 0.0, 0.0, 1.0],
                [0.951186, 0.292461, -0.098545, 0.124994, 0.282599, -0.95372, -0.102728, -0.002831, -0.124028, 0.069864, -0.989816, -1.2e-05, 0.0, 0.0, 0.0, 1.0],
                [0.862784, 0.494863, -0.103506, 0.124994, 0.459933, -0.853277, -0.24572, -0.002831, -0.209917, 0.164397, -0.963799, -1.2e-05, 0.0, 0.0, 0.0, 1.0],
                [0.837207, 0.543194, -0.06342, 0.124994, 0.531099, -0.835216, -0.142635, -0.002831, -0.130447, 0.085733, -0.987742, -1.2e-05, 0.0, 0.0, 0.0, 1.0],
                [0.861223, 0.502591, 0.075463, 0.124994, 0.507176, -0.840376, -0.191148, -0.002831, -0.032652, 0.202894, -0.978656, -1.2e-05, 0.0, 0.0, 0.0, 1.0],
                [0.902168, 0.431326, 0.007111, 0.124994, 0.430697, -0.899674, -0.071307, -0.002831, -0.024359, 0.067394, -0.99743, -1.2e-05, 0.0, 0.0, 0.0, 1.0],
                [0.943288, 0.318086, -0.095018, 0.124994, 0.323781, -0.944713, 0.051757, -0.002831, -0.073302, -0.079586, -0.994129, -1.2e-05, 0.0, 0.0, 0.0, 1.0],
                [0.993239, 0.04376, -0.107526, 0.124994, 0.102466, -0.765818, 0.63484, -0.002831, -0.054565, -0.641564, -0.765126, -1.2e-05, 0.0, 0.0, 0.0, 1.0],
                [0.999031, -0.042253, 0.012286, 0.124994, -0.038892, -0.717253, 0.695725, -0.002831, -0.020584, -0.695528, -0.718204, -1.2e-05, 0.0, 0.0, 0.0, 1.0],
                [0.999181, -0.034131, 0.021711, 0.124994, -0.039606, -0.716261, 0.696707, -0.002831, -0.008228, -0.696995, -0.717028, -1.2e-05, 0.0, 0.0, 0.0, 1.0],
                [0.999198, -0.027958, 0.028677, 0.124994, -0.040039, -0.714694, 0.698289, -0.002831, 0.000972, -0.698876, -0.715241, -1.2e-05, 0.0, 0.0, 0.0, 1.0],
                [0.999162, -0.023554, 0.033456, 0.124994, -0.040251, -0.712631, 0.700382, -0.002831, 0.007345, -0.701141, -0.712984, -1.2e-05, 0.0, 0.0, 0.0, 1.0],
                [0.999124, -0.020738, 0.036321, 0.124994, -0.040292, -0.710149, 0.702896, -0.002831, 0.011217, -0.703743, -0.710365, -1.2e-05, 0.0, 0.0, 0.0, 1.0],
                [0.999108, -0.019329, 0.03754, 0.124994, -0.040201, -0.707332, 0.705737, -0.002831, 0.012912, -0.706615, -0.707479, -1.2e-05, 0.0, 0.0, 0.0, 1.0],
                [0.999117, -0.019147, 0.037375, 0.124994, -0.040012, -0.704259, 0.708813, -0.002831, 0.01275, -0.709682, -0.704405, -1.2e-05, 0.0, 0.0, 0.0, 1.0],
                [0.999148, -0.02001, 0.03608, 0.124994, -0.039752, -0.701014, 0.712038, -0.002831, 0.011045, -0.712865, -0.701214, -1.2e-05, 0.0, 0.0, 0.0, 1.0],
                [0.999189, -0.021731, 0.0339, 0.124994, -0.039443, -0.697681, 0.715321, -0.002831, 0.008107, -0.716076, -0.697974, -1.2e-05, 0.0, 0.0, 0.0, 1.0],
                [0.999226, -0.024121, 0.031071, 0.124994, -0.039105, -0.694341, 0.718582, -0.002831, 0.004241, -0.71924, -0.694748, -1.2e-05, 0.0, 0.0, 0.0, 1.0],
                [0.999248, -0.026987, 0.027817, 0.124994, -0.038756, -0.691079, 0.721739, -0.002831, -0.000254, -0.722273, -0.691607, -1.2e-05, 0.0, 0.0, 0.0, 1.0],
                [0.999249, -0.030131, 0.024355, 0.124994, -0.038409, -0.687978, 0.724713, -0.002831, -0.00508, -0.725103, -0.688621, -1.2e-05, 0.0, 0.0, 0.0, 1.0],
                [0.999225, -0.033354, 0.020894, 0.124994, -0.03808, -0.685123, 0.727431, -0.002831, -0.009948, -0.727661, -0.685864, -1.2e-05, 0.0, 0.0, 0.0, 1.0],
                [0.999179, -0.036452, 0.017634, 0.124994, -0.037783, -0.682599, 0.729814, -0.002831, -0.014566, -0.729881, -0.683418, -1.2e-05, 0.0, 0.0, 0.0, 1.0],
                [0.999121, -0.03922, 0.014769, 0.124994, -0.03753, -0.680487, 0.731797, -0.002831, -0.018651, -0.731706, -0.681363, -1.2e-05, 0.0, 0.0, 0.0, 1.0],
                [0.999062, -0.041451, 0.01249, 0.124994, -0.037334, -0.678872, 0.733306, -0.002831, -0.021917, -0.733083, -0.679785, -1.2e-05, 0.0, 0.0, 0.0, 1.0],
                [0.999017, -0.042939, 0.010983, 0.124994, -0.037207, -0.677843, 0.734264, -0.002831, -0.024084, -0.73395, -0.678776, -1.2e-05, 0.0, 0.0, 0.0, 1.0],
                [0.998999, -0.04348, 0.010438, 0.124994, -0.037162, -0.677479, 0.734602, -0.002831, -0.024869, -0.734253, -0.678419, -1.2e-05, 0.0, 0.0, 0.0, 1.0]
            ]
        },
        {
            "name": "Leg_R",
            "time": [0.0, 0.0167, 0.0333, 0.05, 0.0667, 0.0833, 0.1, 0.1167, 0.1333, 0.15, 0.1667, 0.1833, 0.2, 0.2167, 0.2333, 0.25, 0.2667, 0.2833, 0.3, 0.3167, 0.3333, 0.35, 0.3667, 0.3833, 0.4, 0.4167, 0.4333, 0.45, 0.4667, 0.4833, 0.5],
            "transform": [
                [1.0, -0.0, 1e-06, -0.0, -0.0, 0.835523, 0.54946, 0.374726, -1e-06, -0.549463, 0.835515, -0.0, 0.0, 0.0, 0.0, 1.0],
                [1.000001, -0.0, 1e-06, 0.0, -0.0, 0.854263, 0.519846, 0.374726, -1e-06, -0.519849, 0.854255, -0.0, 0.0, 0.0, 0.0, 1.0],
                [1.000001, -0.0, 1e-06, 0.0, -0.0, 0.888877, 0.458151, 0.374726, -1e-06, -0.458153, 0.88887, -0.0, 0.0, 0.0, 0.0, 1.0],
                [1.0, -0.0, 1e-06, 0.0, -0.0, 0.891109, 0.453797, 0.374726, -1e-06, -0.4538, 0.8911, -0.0, 0.0, 0.0, 0.0, 1.0],
                [1.0, -0.0, 1e-06, 0.0, -0.0, 0.826804, 0.562494, 0.374726, -1e-06, -0.562497, 0.826797, -0.0, 0.0, 0.0, 0.0, 1.0],
                [1.0, -1e-06, 1e-06, 0.0, -0.0, 0.782383, 0.6228, 0.374726, -1e-06, -0.622803, 0.782376, -0.0, 0.0, 0.0, 0.0, 1.0],
                [1.000001, -1e-06, 1e-06, 0.0, -0.0, 0.690555, 0.723281, 0.374726, -1e-06, -0.723284, 0.690549, 0.0, 0.0, 0.0, 0.0, 1.0],
                [1.0, -0.0, 1e-06, -0.0, -0.0, 0.805517, 0.592576, 0.374726, -1e-06, -0.592579, 0.80551, 0.0, 0.0, 0.0, 0.0, 1.0],
                [1.0, -0.0, 1e-06, 0.0, -0.0, 0.862795, 0.50556, 0.374726, -1e-06, -0.505562, 0.862786, 0.0, 0.0, 0.0, 0.0, 1.0],
                [1.0, -0.0, 1e-06, 0.0, 0.0, 0.949318, 0.314331, 0.374726, -1e-06, -0.314333, 0.949308, 0.0, 0.0, 0.0, 0.0, 1.0],
                [1.000001, -0.0, 1e-06, 0.0, -0.0, 0.85407, 0.520163, 0.374726, -1e-06, -0.520166, 0.854062, -0.0, 0.0, 0.0, 0.0, 1.0],
                [1.0, -1e-06, 1e-06, -0.0, -0.0, 0.725116, 0.688629, 0.374726, -1e-06, -0.688632, 0.725109, 0.0, 0.0, 0.0, 0.0, 1.0],
                [1.0, -1e-06, 1e-06, 0.0, -0.0, 0.450248, 0.892903, 0.374726, -1e-06, -0.892905, 0.450245, -0.0, 0.0, 0.0, 0.0, 1.0],
                [1.0, -0.0, 1e-06, 0.0, -0.0, 0.822952, 0.568115, 0.374726, -1e-06, -0.568118, 0.822944, -0.0, 0.0, 0.0, 0.0, 1.0],
                [1.0, -0.0, 1e-06, 0.0, -0.0, 0.819061, 0.573708, 0.374726, -1e-06, -0.573711, 0.819055, -0.0, 0.0, 0.0, 0.0, 1.0],
                [1.0, -0.0, 1e-06, -0.0, -0.0, 0.814945, 0.579541, 0.374726, -1e-06, -0.579543, 0.814939, -0.0, 0.0, 0.0, 0.0, 1.0],
                [1.000001, -0.0, 1e-06, 0.0, -0.0, 0.810644, 0.585543, 0.374726, -1e-06, -0.585546, 0.810637, 0.0, 0.0, 0.0, 0.0, 1.0],
                [1.000001, -0.0, 1e-06, -0.0, -0.0, 0.806201, 0.591646, 0.374726, -1e-06, -0.591648, 0.806194, -0.0, 0.0, 0.0, 0.0, 1.0],
                [1.0, -0.0, 1e-06, 0.0, -0.0, 0.801673, 0.597765, 0.374726, -1e-06, -0.597768, 0.801667, -0.0, 0.0, 0.0, 0.0, 1.0],
                [1.000001, -0.0, 1e-06, 0.0, -0.0, 0.797122, 0.603821, 0.374726, -1e-06, -0.603824, 0.797116, 0.0, 0.0, 0.0, 0.0, 1.0],
                [1.0, -0.0, 1e-06, 0.0, -0.0, 0.792607, 0.609736, 0.374726, -1e-06, -0.609738, 0.7926, -0.0, 0.0, 0.0, 0.0, 1.0],
                [1.0, -0.0, 1e-06, -0.0, -0.0, 0.788199, 0.615422, 0.374726, -1e-06, -0.615425, 0.788193, -0.0, 0.0, 0.0, 0.0, 1.0],
                [1.0, -1e-06, 1e-06, -0.0, -0.0, 0.783961, 0.620812, 0.374726, -1e-06, -0.620814, 0.783956, 0.0, 0.0, 0.0, 0.0, 1.0],
                [1.0, -1e-06, 1e-06, -0.0, -0.0, 0.779965, 0.625826, 0.374726, -1e-06, -0.625829, 0.779958, -0.0, 0.0, 0.0, 0.0, 1.0],
                [1.0, -0.0, 1e-06, 0.0, -0.0, 0.776278, 0.630393, 0.374726, -1e-06, -0.630396, 0.776271, 0.0, 0.0, 0.0, 0.0, 1.0],
                [1.0, -0.0, 1e-06, -0.0, -0.0, 0.772968, 0.634447, 0.374726, -1e-06, -0.63445, 0.772962, -0.0, 0.0, 0.0, 0.0, 1.0],
                [1.0, -0.0, 1e-06, 0.0, -0.0, 0.77011, 0.637914, 0.374726, -1e-06, -0.637917, 0.770103, 0.0, 0.0, 0.0, 0.0, 1.0],
                [1.0, -0.0, 1e-06, -0.0, -0.0, 0.767765, 0.640733, 0.374726, -1e-06, -0.640736, 0.767759, -0.0, 0.0, 0.0, 0.0, 1.0],
                [1.0, -0.0, 1e-06, 0.0, -0.0, 0.766002, 0.642841, 0.374726, -1e-06, -0.642844, 0.765994, 0.0, 0.0, 0.0, 0.0, 1.0],
                [1.0, -0.0, 1e-06, 0.0, -0.0, 0.764897, 0.644155, 0.374726, -1e-06, -0.644158, 0.76489, -0.0, 0.0, 0.0, 0.0, 1.0],
                [1.0, -1e-06, 1e-06, -0.0, -0.0, 0.764511, 0.644613, 0.374726, -1e-06, -0.644616, 0.764504, 0.0, 0.0, 0.0, 0.0, 1.0]
            ]
        },
        {
            "name": "Knee_R",
            "time": [0.0, 0.5],
            "transform": [
                [1.0, 0.0, -0.0, -0.0, -0.0, 0.00567, -0.999984, 0.379641, -0.0, 0.999984, 0.00567, -2.8e-05, 0.0, 0.0, 0.0, 1.0],
                [1.0, 0.0, -0.0, -0.0, -0.0, 0.00567, -0.999984, 0.392119, -0.0, 0.999984, 0.00567, -9.8e-05, 0.0, 0.0, 0.0, 1.0]
            ]
        },
        {
            "name": "Thigh_L",
            "time": [0.0, 0.0167, 0.0333, 0.05, 0.0667, 0.0833, 0.1, 0.1167, 0.1333, 0.15, 0.1667, 0.1833, 0.2, 0.2167, 0.2333, 0.25, 0.2667, 0.2833, 0.3, 0.3167, 0.3333, 0.35, 0.3667, 0.3833, 0.4, 0.4167, 0.4333, 0.45, 0.4667, 0.4833, 0.5],
            "transform": [
                [0.996597, 0.075087, 0.033987, -0.125006, 0.068792, -0.984914, 0.158783, -0.002831, 0.045397, -0.155905, -0.986728, -1.2e-05, 0.0, 0.0, 0.0, 1.0],
                [0.996989, 0.065682, 0.041217, -0.125006, 0.058061, -0.984641, 0.164649, -0.002831, 0.051399, -0.16176, -0.98549, -1.2e-05, 0.0, 0.0, 0.0, 1.0],
                [0.997004, 0.047274, 0.061214, -0.125006, 0.035927, -0.983959, 0.174738, -0.002831, 0.068493, -0.172016, -0.98271, -1.2e-05, 0.0, 0.0, 0.0, 1.0],
                [0.994233, 0.038759, 0.099996, -0.125006, 0.021426, -0.985398, 0.168913, -0.002831, 0.105082, -0.165796, -0.980545, -1.2e-05, 0.0, 0.0, 0.0, 1.0],
                [0.985031, 0.05833, 0.162204, -0.125006, 0.038171, -0.991455, 0.124734, -0.002831, 0.168094, -0.116675, -0.978841, -1.2e-05, 0.0, 0.0, 0.0, 1.0],
                [0.97606, 0.094721, 0.195789, -0.125006, 0.09165, -0.995484, 0.024707, -0.002831, 0.197245, -0.006171, -0.980334, -1.2e-05, 0.0, 0.0, 0.0, 1.0],
                [0.99205, 0.124383, -0.019144, -0.125006, 0.122975, -0.990439, -0.062501, -0.002831, -0.026735, 0.05965, -0.997861, -1.2e-05, 0.0, 0.0, 0.0, 1.0],
                [0.932458, 0.106074, -0.345352, -0.125006, 0.076605, -0.99224, -0.09793, -0.002831, -0.35306, 0.06486, -0.933349, -1.2e-05, 0.0, 0.0, 0.0, 1.0],
                [0.882384, 0.101652, -0.459418, -0.125006, 0.010343, -0.980339, -0.197047, -0.002831, -0.470416, 0.16912, -0.866087, -1.2e-05, 0.0, 0.0, 0.0, 1.0],
                [0.900614, 0.047033, -0.432065, -0.125006, -0.021685, -0.988025, -0.152756, -0.002831, -0.434076, 0.146943, -0.888811, -1.2e-05, 0.0, 0.0, 0.0, 1.0],
                [0.910223, -0.044254, -0.411747, -0.125006, -0.042638, -0.999004, 0.013114, -0.002831, -0.411917, 0.005619, -0.911204, -1.2e-05, 0.0, 0.0, 0.0, 1.0],
                [0.917422, -0.124135, -0.378056, -0.125006, -0.055845, -0.980856, 0.186547, -0.002831, -0.393976, -0.15003, -0.906792, -1.2e-05, 0.0, 0.0, 0.0, 1.0],
                [0.951197, -0.282201, -0.124845, -0.125006, -0.04795, -0.534828, 0.8436, -0.002831, -0.304835, -0.796443, -0.522258, -1.2e-05, 0.0, 0.0, 0.0, 1.0],
                [0.966978, -0.254247, -0.017658, -0.125006, -0.075322, -0.351288, 0.933233, -0.002831, -0.243475, -0.901085, -0.358838, -1.2e-05, 0.0, 0.0, 0.0, 1.0],
                [0.967055, -0.254132, -0.014836, -0.125006, -0.078078, -0.351573, 0.932899, -0.002831, -0.242295, -0.901006, -0.359833, -1.2e-05, 0.0, 0.0, 0.0, 1.0],
                [0.966667, -0.255685, -0.013413, -0.125006, -0.080102, -0.35177, 0.932653, -0.002831, -0.243184, -0.90049, -0.360525, -1.2e-05, 0.0, 0.0, 0.0, 1.0],
                [0.965868, -0.258692, -0.013237, -0.125006, -0.081468, -0.351886, 0.932491, -0.002831, -0.245886, -0.899585, -0.360951, -1.2e-05, 0.0, 0.0, 0.0, 1.0],
                [0.964711, -0.26293, -0.014133, -0.125006, -0.082259, -0.351934, 0.932403, -0.002831, -0.250131, -0.898337, -0.361142, -1.2e-05, 0.0, 0.0, 0.0, 1.0],
                [0.963239, -0.268172, -0.015921, -0.125006, -0.082566, -0.351919, 0.932382, -0.002831, -0.255642, -0.896792, -0.361124, -1.2e-05, 0.0, 0.0, 0.0, 1.0],
                [0.961498, -0.274191, -0.018416, -0.125006, -0.082481, -0.351858, 0.932412, -0.002831, -0.262139, -0.894994, -0.360927, -1.2e-05, 0.0, 0.0, 0.0, 1.0],
                [0.959537, -0.280763, -0.021437, -0.125006, -0.082092, -0.351756, 0.932485, -0.002831, -0.269348, -0.892995, -0.360572, -1.2e-05, 0.0, 0.0, 0.0, 1.0],
                [0.957409, -0.287665, -0.024814, -0.125006, -0.081481, -0.35163, 0.932586, -0.002831, -0.276998, -0.890845, -0.360093, -1.2e-05, 0.0, 0.0, 0.0, 1.0],
                [0.955173, -0.294683, -0.028385, -0.125006, -0.08072, -0.351485, 0.932708, -0.002831, -0.28483, -0.888606, -0.359516, -1.2e-05, 0.0, 0.0, 0.0, 1.0],
                [0.952895, -0.301607, -0.032, -0.125006, -0.079876, -0.351331, 0.932837, -0.002831, -0.292593, -0.88634, -0.358873, -1.2e-05, 0.0, 0.0, 0.0, 1.0],
                [0.950647, -0.308234, -0.035519, -0.125006, -0.079005, -0.351176, 0.932971, -0.002831, -0.300047, -0.884119, -0.358197, -1.2e-05, 0.0, 0.0, 0.0, 1.0],
                [0.948508, -0.314364, -0.038815, -0.125006, -0.078157, -0.351028, 0.933098, -0.002831, -0.306957, -0.882017, -0.357523, -1.2e-05, 0.0, 0.0, 0.0, 1.0],
                [0.946562, -0.319805, -0.041767, -0.125006, -0.077375, -0.350894, 0.933212, -0.002831, -0.313102, -0.880112, -0.356888, -1.2e-05, 0.0, 0.0, 0.0, 1.0],
                [0.944895, -0.324366, -0.044259, -0.125006, -0.0767, -0.350778, 0.933312, -0.002831, -0.31826, -0.878487, -0.356328, -1.2e-05, 0.0, 0.0, 0.0, 1.0],
                [0.943597, -0.327859, -0.046178, -0.125006, -0.07617, -0.350687, 0.93339, -0.002831, -0.322215, -0.877226, -0.355881, -1.2e-05, 0.0, 0.0, 0.0, 1.0],
                [0.942755, -0.330095, -0.047416, -0.125006, -0.075821, -0.350628, 0.93344, -0.002831, -0.324749, -0.876411, -0.355585, -1.2e-05, 0.0, 0.0, 0.0, 1.0],
                [0.942457, -0.330883, -0.047856, -0.125006, -0.075695, -0.350608, 0.933458, -0.002831, -0.325644, -0.876122, -0.35548, -1.2e-05, 0.0, 0.0, 0.0, 1.0]
            ]
        },
        {
            "name": "Leg_L",
            "time": [0.0, 0.0167, 0.0333, 0.05, 0.0667, 0.0833, 0.1, 0.1167, 0.1333, 0.15, 0.1667, 0.1833, 0.2, 0.2167, 0.2333, 0.25, 0.2667, 0.2833, 0.3, 0.3167, 0.3333, 0.35, 0.3667, 0.3833, 0.4, 0.4167, 0.4333, 0.45, 0.4667, 0.4833, 0.5],
            "transform": [
                [1.0, -1e-06, 1e-06, -0.0, -0.0, 0.528989, 0.848629, 0.374726, -1e-06, -0.848629, 0.528988, -0.0, 0.0, 0.0, 0.0, 1.0],
                [1.0, -1e-06, 1e-06, -0.0, -0.0, 0.526133, 0.850402, 0.374726, -1e-06, -0.850402, 0.526133, 0.0, 0.0, 0.0, 0.0, 1.0],
                [1.0, -1e-06, 1e-06, 0.0, -0.0, 0.52567, 0.850688, 0.374726, -1e-06, -0.850688, 0.525671, 0.0, 0.0, 0.0, 0.0, 1.0],
                [1.000001, -1e-06, 1e-06, 0.0, -0.0, 0.544825, 0.83855, 0.374726, -1e-06, -0.83855, 0.544825, 0.0, 0.0, 0.0, 0.0, 1.0],
                [1.0, -0.0, 1e-06, -0.0, -0.0, 0.601313, 0.799014, 0.374726, -1e-06, -0.799013, 0.601313, 0.0, 0.0, 0.0, 0.0, 1.0],
                [1.0, -0.0, 1e-06, -0.0, -0.0, 0.713276, 0.700884, 0.374726, -1e-06, -0.700884, 0.713276, -0.0, 0.0, 0.0, 0.0, 1.0],
                [1.0, -0.0, 1e-06, -0.0, -0.0, 0.784906, 0.619615, 0.374726, -1e-06, -0.619616, 0.784905, 0.0, 0.0, 0.0, 0.0, 1.0],
                [1.000001, -0.0, 1e-06, -0.0, -0.0, 0.799852, 0.600197, 0.374726, -1e-06, -0.600197, 0.799852, 0.0, 0.0, 0.0, 0.0, 1.0],
                [1.0, -0.0, 1e-06, -0.0, -0.0, 0.910345, 0.413853, 0.374726, -1e-06, -0.413852, 0.910344, -0.0, 0.0, 0.0, 0.0, 1.0],
                [1.0, -0.0, 1e-06, -0.0, -0.0, 0.877437, 0.479693, 0.374726, -1e-06, -0.479693, 0.877436, -0.0, 0.0, 0.0, 0.0, 1.0],
                [1.0, -0.0, 1e-06, 0.0, -0.0, 0.74413, 0.668035, 0.374726, -1e-06, -0.668035, 0.74413, -0.0, 0.0, 0.0, 0.0, 1.0],
                [1.0, -1e-06, 1e-06, 0.0, -0.0, 0.596413, 0.802678, 0.374726, -1e-06, -0.802678, 0.596412, -0.0, 0.0, 0.0, 0.0, 1.0],
                [1.0, -1e-06, 0.0, -0.0, -0.0, 0.205269, 0.978706, 0.374726, -1e-06, -0.978706, 0.205269, -0.0, 0.0, 0.0, 0.0, 1.0],
                [1.0, -1e-06, 1e-06, -0.0, -0.0, 0.609173, 0.793038, 0.374726, -1e-06, -0.793037, 0.609172, 0.0, 0.0, 0.0, 0.0, 1.0],
                [1.000001, -1e-06, 1e-06, 0.0, -0.0, 0.609263, 0.792968, 0.374726, -1e-06, -0.792968, 0.609263, -0.0, 0.0, 0.0, 0.0, 1.0],
                [1.000001, -1e-06, 1e-06, 0.0, -0.0, 0.609248, 0.79298, 0.374726, -1e-06, -0.79298, 0.609248, 0.0, 0.0, 0.0, 0.0, 1.0],
                [1.000001, -1e-06, 1e-06, 0.0, -0.0, 0.609141, 0.793063, 0.374726, -1e-06, -0.793062, 0.60914, -0.0, 0.0, 0.0, 0.0, 1.0],
                [1.0, -1e-06, 1e-06, 0.0, -0.0, 0.608958, 0.793203, 0.374726, -1e-06, -0.793202, 0.608958, 0.0, 0.0, 0.0, 0.0, 1.0],
                [1.0, -1e-06, 1e-06, 0.0, -0.0, 0.60871, 0.793393, 0.374726, -1e-06, -0.793393, 0.60871, 0.0, 0.0, 0.0, 0.0, 1.0],
                [1.0, -1e-06, 1e-06, 0.0, -0.0, 0.608416, 0.793618, 0.374726, -1e-06, -0.793618, 0.608416, 0.0, 0.0, 0.0, 0.0, 1.0],
                [1.0, -1e-06, 1e-06, -0.0, -0.0, 0.608084, 0.793873, 0.374726, -1e-06, -0.793873, 0.608084, 0.0, 0.0, 0.0, 0.0, 1.0],
                [1.0, -1e-06, 1e-06, -0.0, -0.0, 0.607735, 0.79414, 0.374726, -1e-06, -0.79414, 0.607734, -0.0, 0.0, 0.0, 0.0, 1.0],
                [1.0, -1e-06, 1e-06, 0.0, -0.0, 0.607374, 0.794415, 0.374726, -1e-06, -0.794415, 0.607375, -0.0, 0.0, 0.0, 0.0, 1.0],
                [1.000001, -1e-06, 1e-06, -0.0, -0.0, 0.60702, 0.794686, 0.374726, -1e-06, -0.794687, 0.60702, -0.0, 0.0, 0.0, 0.0, 1.0],
                [1.0, -1e-06, 1e-06, 0.0, -0.0, 0.60668, 0.794946, 0.374726, -1e-06, -0.794946, 0.606679, 0.0, 0.0, 0.0, 0.0, 1.0],
                [1.0, -1e-06, 1e-06, -0.0, -0.0, 0.606365, 0.795187, 0.374726, -1e-06, -0.795187, 0.606364, 0.0, 0.0, 0.0, 0.0, 1.0],
                [1.000001, -1e-06, 1e-06, 0.0, -0.0, 0.606088, 0.795398, 0.374726, -1e-06, -0.795398, 0.606088, 0.0, 0.0, 0.0, 0.0, 1.0],
                [1.000001, -1e-06, 1e-06, 0.0, -0.0, 0.605855, 0.795575, 0.374726, -1e-06, -0.795575, 0.605855, -0.0, 0.0, 0.0, 0.0, 1.0],
                [1.0, -1e-06, 1e-06, 0.0, -0.0, 0.605675, 0.795712, 0.374726, -1e-06, -0.795712, 0.605675, -0.0, 0.0, 0.0, 0.0, 1.0],
                [1.000001, -1e-06, 1e-06, -0.0, -0.0, 0.605561, 0.795799, 0.374726, -1e-06, -0.795799, 0.605561, 0.0, 0.0, 0.0, 0.0, 1.0],
                [1.0, -1e-06, 1e-06, -0.0, -0.0, 0.605522, 0.795828, 0.374726, -1e-06, -0.795829, 0.605522, 0.0, 0.0, 0.0, 0.0, 1.0]
            ]
        },
        {
            "name": "Knee_L",
            "time": [0.0, 0.5],
            "transform": [
                [1.0, 0.0, -0.0, 0.0, -0.0, 0.00567, -0.999984, 0.424983, -0.0, 0.999984, 0.00567, -0.000285, 0.0, 0.0, 0.0, 1.0],
                [1.0, 0.0, -0.0, 0.0, -0.0, 0.00567, -0.999984, 0.415213, -0.0, 0.999984, 0.00567, -0.00023, 0.0, 0.0, 0.0, 1.0]
            ]
        },
        {
            "name": "Torso",
            "time": [0.0, 0.0167, 0.0333, 0.05, 0.0667, 0.0833, 0.1, 0.1167, 0.1333, 0.15, 0.1667, 0.1833, 0.2, 0.2167, 0.2333, 0.25, 0.2667, 0.2833, 0.3, 0.3167, 0.3333, 0.35, 0.3667, 0.3833, 0.4, 0.4167, 0.4333, 0.45, 0.4667, 0.4833, 0.5],
            "transform": [
                [1.0, 0.0, 0.0, 0.0, 0.0, 1.0, 0.0, 0.05, -0.0, 0.0, 1.0, 0.0, 0.0, 0.0, 0.0, 1.0],
                [1.0, -1.7e-05, -0.0, -0.0, 1.7e-05, 1.0, 5.1e-05, 0.05, -0.0, -5.1e-05, 1.0, 0.0, 0.0, 0.0, 0.0, 1.0],
                [1.0, -0.000101, 0.0, 0.0, 0.000101, 1.0, 0.000299, 0.05, -0.0, -0.000299, 1.0, -0.0, 0.0, 0.0, 0.0, 1.0],
                [1.0, -0.0003, -0.0, -0.0, 0.0003, 1.0, 0.000884, 0.05, -0.0, -0.000884, 0.999999, -0.0, 0.0, 0.0, 0.0, 1.0],
                [1.0, -0.000661, -1e-06, 0.0, 0.000661, 0.999998, 0.001948, 0.05, -1e-06, -0.001948, 0.999998, 0.0, 0.0, 0.0, 0.0, 1.0],
                [0.999999, -0.001232, -2e-06, 0.0, 0.001232, 0.999993, 0.003633, 0.05, -2e-06, -0.003633, 0.999993, -0.0, 0.0, 0.0, 0.0, 1.0],
                [0.999998, -0.002034, -6e-06, -0.0, 0.002034, 0.99998, 0.005998, 0.05, -6e-06, -0.005998, 0.999982, 0.0, 0.0, 0.0, 0.0, 1.0],
                [0.999996, -0.002976, -1.3e-05, 0.0, 0.002976, 0.999957, 0.008777, 0.05, -1.3e-05, -0.008777, 0.999961, 0.0, 0.0, 0.0, 0.0, 1.0],
                [0.999992, -0.003942, -2.3e-05, 0.0, 0.003942, 0.999925, 0.011625, 0.05, -2.3e-05, -0.011625, 0.999932, 0.0, 0.0, 0.0, 0.0, 1.0],
                [0.999989, -0.004814, -3.4e-05, -0.0, 0.004814, 0.999888, 0.014198, 0.05, -3.4e-05, -0.014198, 0.999899, -0.0, 0.0, 0.0, 0.0, 1.0],
                [0.999985, -0.005485, -4.4e-05, 0.0, 0.005485, 0.999854, 0.016176, 0.05, -4.4e-05, -0.016176, 0.999869, 0.0, 0.0, 0.0, 0.0, 1.0],
                [0.999982, -0.006078, -5.4e-05, -0.0, 0.006078, 0.999821, 0.017924, 0.05, -5.5e-05, -0.017924, 0.999839, -0.0, 0.0, 0.0, 0.0, 1.0],
                [0.999974, -0.007197, -7.6e-05, -0.0, 0.007197, 0.999749, 0.021225, 0.05, -7.6e-05, -0.021225, 0.999775, 0.0, 0.0, 0.0, 0.0, 1.0],
                [0.999969, -0.007883, -9.2e-05, -0.0, 0.007883, 0.999699, 0.023248, 0.05, -9.2e-05, -0.023248, 0.99973, 0.0, 0.0, 0.0, 0.0, 1.0],
                [0.999969, -0.007883, -9.2e-05, -0.0, 0.007883, 0.999699, 0.023248, 0.05, -9.2e-05, -0.023248, 0.99973, 0.0, 0.0, 0.0, 0.0, 1.0],
                [0.999969, -0.007883, -9.2e-05, -0.0, 0.007883, 0.999699, 0.023248, 0.05, -9.2e-05, -0.023248, 0.99973, -0.0, 0.0, 0.0, 0.0, 1.0],
                [0.999969, -0.007883, -9.2e-05, 0.0, 0.007883, 0.999699, 0.023248, 0.05, -9.2e-05, -0.023248, 0.99973, 0.0, 0.0, 0.0, 0.0, 1.0],
                [0.999969, -0.007883, -9.2e-05, -0.0, 0.007883, 0.999699, 0.023248, 0.05, -9.2e-05, -0.023248, 0.99973, 0.0, 0.0, 0.0, 0.0, 1.0],
                [0.999969, -0.007883, -9.2e-05, -0.0, 0.007883, 0.999699, 0.023248, 0.05, -9.2e-05, -0.023248, 0.99973, 0.0, 0.0, 0.0, 0.0, 1.0],
                [0.999969, -0.007883, -9.2e-05, -0.0, 0.007883, 0.999699, 0.023248, 0.05, -9.2e-05, -0.023248, 0.99973, 0.0, 0.0, 0.0, 0.0, 1.0],
                [0.999969, -0.007883, -9.2e-05, -0.0, 0.007883, 0.999699, 0.023248, 0.05, -9.2e-05, -0.023248, 0.99973, -0.0, 0.0, 0.0, 0.0, 1.0],
                [0.999969, -0.007883, -9.2e-05, 0.0, 0.007883, 0.999699, 0.023248, 0.05, -9.2e-05, -0.023248, 0.99973, -0.0, 0.0, 0.0, 0.0, 1.0],
                [0.999969, -0.007883, -9.2e-05, -0.0, 0.007883, 0.999699, 0.023248, 0.05, -9.2e-05, -0.023248, 0.99973, -0.0, 0.0, 0.0, 0.0, 1.0],
                [0.999969, -0.007883, -9.2e-05, 0.0, 0.007883, 0.999699, 0.023248, 0.05, -9.2e-05, -0.023248, 0.99973, 0.0, 0.0, 0.0, 0.0, 1.0],
                [0.999969, -0.007883, -9.2e-05, 0.0, 0.007883, 0.999699, 0.023248, 0.05, -9.2e-05, -0.023248, 0.99973, -0.0, 0.0, 0.0, 0.0, 1.0],
                [0.999969, -0.007883, -9.2e-05, 0.0, 0.007883, 0.999699, 0.023248, 0.05, -9.2e-05, -0.023248, 0.99973, 0.0, 0.0, 0.0, 0.0, 1.0],
                [0.999969, -0.007883, -9.2e-05, -0.0, 0.007883, 0.999699, 0.023248, 0.05, -9.2e-05, -0.023248, 0.99973, -0.0, 0.0, 0.0, 0.0, 1.0],
                [0.999969, -0.007883, -9.2e-05, -0.0, 0.007883, 0.999699, 0.023248, 0.05, -9.2e-05, -0.023248, 0.99973, -0.0, 0.0, 0.0, 0.0, 1.0],
                [0.999969, -0.007883, -9.2e-05, -0.0, 0.007883, 0.999699, 0.023248, 0.05, -9.2e-05, -0.023248, 0.99973, -0.0, 0.0, 0.0, 0.0, 1.0],
                [0.999969, -0.007883, -9.2e-05, -0.0, 0.007883, 0.999699, 0.023248, 0.05, -9.2e-05, -0.023248, 0.99973, 0.0, 0.0, 0.0, 0.0, 1.0],
                [0.999969, -0.007883, -9.2e-05, 0.0, 0.007883, 0.999699, 0.023248, 0.05, -9.2e-05, -0.023248, 0.99973, -0.0, 0.0, 0.0, 0.0, 1.0]
            ]
        },
        {
            "name": "Chest",
            "time": [0.0, 0.0167, 0.0333, 0.05, 0.0667, 0.0833, 0.1, 0.1167, 0.1333, 0.15, 0.1667, 0.1833, 0.2, 0.2167, 0.2333, 0.25, 0.2667, 0.2833, 0.3, 0.3167, 0.3333, 0.35, 0.3667, 0.3833, 0.4, 0.4167, 0.4333, 0.45, 0.4667, 0.4833, 0.5],
            "transform": [
                [0.819606, 0.0, 0.572927, 0.0, 0.0, 1.0, 0.0, 0.3, -0.572927, 0.0, 0.819606, 0.0, 0.0, 0.0, 0.0, 1.0],
                [0.820349, -0.000477, 0.571862, -0.0, 1.8e-05, 1.0, 0.000809, 0.3, -0.571863, -0.000653, 0.820349, 0.0, 0.0, 0.0, 0.0, 1.0],
                [0.823931, -0.002779, 0.566683, 0.0, 0.000121, 0.999989, 0.004727, 0.3, -0.56669, -0.003826, 0.823922, 0.0, 0.0, 0.0, 0.0, 1.0],
                [0.832286, -0.008152, 0.554286, -0.0, 0.000464, 0.999902, 0.014008, 0.3, -0.554346, -0.011402, 0.832208, -0.0, 0.0, 0.0, 0.0, 1.0],
                [0.847057, -0.017666, 0.531209, 0.0, 0.001447, 0.99952, 0.030933, 0.3, -0.531501, -0.025434, 0.846676, -0.0, 0.0, 0.0, 0.0, 1.0],
                [0.869253, -0.032007, 0.493331, -0.0, 0.00396, 0.998321, 0.057792, 0.3, -0.494352, -0.048282, 0.86792, 0.0, 0.0, 0.0, 0.0, 1.0],
                [0.897764, -0.050525, 0.437569, -0.0, 0.009492, 0.995388, 0.095459, 0.3, -0.440374, -0.081546, 0.894103, -0.0, 0.0, 0.0, 0.0, 1.0],
                [0.926963, -0.069651, 0.36863, 0.0, 0.018994, 0.990067, 0.139305, 0.3, -0.374671, -0.122129, 0.919079, -0.0, 0.0, 0.0, 0.0, 1.0],
                [0.951648, -0.08603, 0.294897, 0.0, 0.032036, 0.982543, 0.183257, 0.3, -0.305515, -0.164949, 0.937791, 0.0, 0.0, 0.0, 0.0, 1.0],
                [0.969143, -0.097863, 0.226238, 0.0, 0.046596, 0.973998, 0.221713, 0.3, -0.242053, -0.20433, 0.948504, 0.0, 0.0, 0.0, 0.0, 1.0],
                [0.979381, -0.10497, 0.172607, 0.0, 0.059477, 0.966363, 0.25021, 0.3, -0.193066, -0.234785, 0.952681, -0.0, 0.0, 0.0, 0.0, 1.0],
                [0.986085, -0.109797, 0.124821, 0.0, 0.072019, 0.958883, 0.274514, 0.3, -0.149829, -0.261704, 0.953448, -0.0, 0.0, 0.0, 0.0, 1.0],
                [0.992747, -0.115177, 0.034447, -0.0, 0.098385, 0.94305, 0.31777, 0.3, -0.069085, -0.312076, 0.947542, -0.0, 0.0, 0.0, 0.0, 1.0],
                [0.993024, -0.116099, -0.020572, -0.0, 0.116099, 0.932352, 0.342405, 0.3, -0.020572, -0.342405, 0.939327, 0.0, 0.0, 0.0, 0.0, 1.0],
                [0.993024, -0.116099, -0.020572, -0.0, 0.116099, 0.932352, 0.342405, 0.3, -0.020572, -0.342405, 0.939327, 0.0, 0.0, 0.0, 0.0, 1.0],
                [0.993024, -0.116099, -0.020572, 0.0, 0.116099, 0.932352, 0.342405, 0.3, -0.020572, -0.342405, 0.939327, 0.0, 0.0, 0.0, 0.0, 1.0],
                [0.993025, -0.116099, -0.020572, -0.0, 0.116099, 0.932352, 0.342405, 0.3, -0.020572, -0.342405, 0.939327, 0.0, 0.0, 0.0, 0.0, 1.0],
                [0.993025, -0.116099, -0.020572, -0.0, 0.116099, 0.932352, 0.342405, 0.3, -0.020572, -0.342405, 0.939327, -0.0, 0.0, 0.0, 0.0, 1.0],
                [0.993024, -0.116099, -0.020572, 0.0, 0.116099, 0.932352, 0.342405, 0.3, -0.020572, -0.342405, 0.939327, 0.0, 0.0, 0.0, 0.0, 1.0],
                [0.993024, -0.116099, -0.020572, -0.0, 0.116099, 0.932352, 0.342405, 0.3, -0.020572, -0.342405, 0.939327, 0.0, 0.0, 0.0, 0.0, 1.0],
                [0.993024, -0.116099, -0.020572, -0.0, 0.116099, 0.932352, 0.342405, 0.3, -0.020572, -0.342405, 0.939327, 0.0, 0.0, 0.0, 0.0, 1.0],
                [0.993024, -0.116099, -0.020572, -0.0, 0.116099, 0.932352, 0.342405, 0.3, -0.020572, -0.342405, 0.939327, -0.0, 0.0, 0.0, 0.0, 1.0],
                [0.993025, -0.116099, -0.020572, 0.0, 0.116099, 0.932352, 0.342405, 0.3, -0.020572, -0.342405, 0.939327, -0.0, 0.0, 0.0, 0.0, 1.0],
                [0.993024, -0.116099, -0.020572, -0.0, 0.116099, 0.932352, 0.342405, 0.3, -0.020572, -0.342405, 0.939327, -0.0, 0.0, 0.0, 0.0, 1.0],
                [0.993025, -0.116099, -0.020572, 0.0, 0.116099, 0.932352, 0.342405, 0.3, -0.020572, -0.342405, 0.939327, -0.0, 0.0, 0.0, 0.0, 1.0],
                [0.993024, -0.116099, -0.020572, -0.0, 0.116099, 0.932352, 0.342405, 0.3, -0.020572, -0.342405, 0.939327, 0.0, 0.0, 0.0, 0.0, 1.0],
                [0.993025, -0.116099, -0.020572, 0.0, 0.116099, 0.932352, 0.342405, 0.3, -0.020572, -0.342405, 0.939327, 0.0, 0.0, 0.0, 0.0, 1.0],
                [0.993024, -0.116099, -0.020572, -0.0, 0.116099, 0.932352, 0.342405, 0.3, -0.020572, -0.342405, 0.939327, 0.0, 0.0, 0.0, 0.0, 1.0],
                [0.993024, -0.116099, -0.020572, -0.0, 0.116099, 0.932352, 0.342405, 0.3, -0.020572, -0.342405, 0.939327, -0.0, 0.0, 0.0, 0.0, 1.0],
                [0.993025, -0.116099, -0.020572, -0.0, 0.116099, 0.932352, 0.342405, 0.3, -0.020572, -0.342405, 0.939327, -0.0, 0.0, 0.0, 0.0, 1.0],
                [0.993024, -0.116099, -0.020572, -0.0, 0.116099, 0.932352, 0.342405, 0.3, -0.020572, -0.342405, 0.939327, -0.0, 0.0, 0.0, 0.0, 1.0]
            ]
        },
        {
            "name": "Head",
            "time": [0.0, 0.0167, 0.0333, 0.05, 0.0667, 0.0833, 0.1, 0.1167, 0.1333, 0.15, 0.1667, 0.1833, 0.2, 0.2167, 0.2333, 0.25, 0.2667, 0.2833, 0.3, 0.3167, 0.3333, 0.35, 0.3667, 0.3833, 0.4, 0.4167, 0.4333, 0.45, 0.4667, 0.4833, 0.5],
            "transform": [
                [0.970845, 0.0, -0.239708, -0.0, 0.0, 1.0, 0.0, 0.4, 0.239708, 0.0, 0.970845, -0.0, 0.0, 0.0, 0.0, 1.0],
                [0.97097, 0.000164, -0.239201, -0.0, -0.000347, 1.0, -0.000723, 0.4, 0.239201, 0.000786, 0.97097, 0.0, 0.0, 0.0, 0.0, 1.0],
                [0.971571, 0.000966, -0.236747, -0.0, -0.002025, 0.999989, -0.00423, 0.4, 0.236741, 0.00459, 0.971562, -0.0, 0.0, 0.0, 0.0, 1.0],
                [0.972962, 0.0029, -0.230945, -0.0, -0.005959, 0.999904, -0.012545, 0.4, 0.230887, 0.013582, 0.972886, -0.0, 0.0, 0.0, 0.0, 1.0],
                [0.975388, 0.006562, -0.2204, 0.0, -0.012993, 0.999531, -0.027745, 0.4, 0.220115, 0.029926, 0.975015, -0.0, 0.0, 0.0, 0.0, 1.0],
                [0.978943, 0.01273, -0.203735, 0.0, -0.023805, 0.998363, -0.051998, 0.4, 0.20274, 0.055753, 0.977644, -0.0, 0.0, 0.0, 0.0, 1.0],
                [0.983337, 0.022154, -0.180439, -0.0, -0.038279, 0.995526, -0.086382, 0.4, 0.177718, 0.09185, 0.979786, 0.0, 0.0, 0.0, 0.0, 1.0],
                [0.987584, 0.034344, -0.153291, -0.0, -0.054183, 0.990399, -0.12718, 0.4, 0.147451, 0.133907, 0.979963, 0.0, 0.0, 0.0, 0.0, 1.0],
                [0.990885, 0.048038, -0.125855, 0.0, -0.069159, 0.983145, -0.16924, 0.4, 0.115604, 0.176401, 0.977506, 0.0, 0.0, 0.0, 0.0, 1.0],
                [0.992939, 0.061417, -0.101486, 0.0, -0.08149, 0.974871, -0.207331, 0.4, 0.086202, 0.214137, 0.972993, 0.0, 0.0, 0.0, 0.0, 1.0],
                [0.993915, 0.072312, -0.083092, 0.0, -0.090162, 0.967424, -0.236562, 0.4, 0.063279, 0.242614, 0.968057, -0.0, 0.0, 0.0, 0.0, 1.0],
                [0.99434, 0.082369, -0.067102, -0.0, -0.097233, 0.960068, -0.262326, 0.4, 0.042815, 0.267366, 0.962643, 0.0, 0.0, 0.0, 0.0, 1.0],
                [0.994032, 0.102369, -0.037708, 0.0, -0.109026, 0.944268, -0.310598, 0.4, 0.003811, 0.312856, 0.949793, 0.0, 0.0, 0.0, 0.0, 1.0],
                [0.993132, 0.115236, -0.020256, 0.0, -0.115236, 0.933391, -0.339857, 0.4, -0.020256, 0.339857, 0.940259, -0.0, 0.0, 0.0, 0.0, 1.0],
                [0.993132, 0.115236, -0.020256, 0.0, -0.115236, 0.933391, -0.339857, 0.4, -0.020256, 0.339857, 0.940259, -0.0, 0.0, 0.0, 0.0, 1.0],
                [0.993132, 0.115236, -0.020256, 0.0, -0.115236, 0.933391, -0.339857, 0.4, -0.020256, 0.339857, 0.940259, 0.0, 0.0, 0.0, 0.0, 1.0],
                [0.993132, 0.115236, -0.020256, 0.0, -0.115236, 0.933391, -0.339857, 0.4, -0.020256, 0.339857, 0.940259, -0.0, 0.0, 0.0, 0.0, 1.0],
                [0.993132, 0.115236, -0.020256, 0.0, -0.115236, 0.933391, -0.339857, 0.4, -0.020256, 0.339857, 0.940259, 0.0, 0.0, 0.0, 0.0, 1.0],
                [0.993132, 0.115236, -0.020256, -0.0, -0.115236, 0.93339, -0.339857, 0.4, -0.020257, 0.339857, 0.940259, 0.0, 0.0, 0.0, 0.0, 1.0],
                [0.993132, 0.115236, -0.020256, -0.0, -0.115236, 0.933391, -0.339857, 0.4, -0.020256, 0.339857, 0.940259, 0.0, 0.0, 0.0, 0.0, 1.0],
                [0.993132, 0.115236, -0.020256, 0.0, -0.115236, 0.933391, -0.339857, 0.4, -0.020257, 0.339857, 0.940259, -0.0, 0.0, 0.0, 0.0, 1.0],
                [0.993132, 0.115236, -0.020256, 0.0, -0.115236, 0.933391, -0.339857, 0.4, -0.020256, 0.339857, 0.940259, -0.0, 0.0, 0.0, 0.0, 1.0],
                [0.993132, 0.115236, -0.020256, -0.0, -0.115236, 0.933391, -0.339857, 0.4, -0.020256, 0.339857, 0.940259, -0.0, 0.0, 0.0, 0.0, 1.0],
                [0.993132, 0.115236, -0.020256, 0.0, -0.115236, 0.933391, -0.339857, 0.4, -0.020257, 0.339857, 0.940259, 0.0, 0.0, 0.0, 0.0, 1.0],
                [0.993132, 0.115236, -0.020256, 0.0, -0.115236, 0.93339, -0.339857, 0.4, -0.020256, 0.339857, 0.940259, -0.0, 0.0, 0.0, 0.0, 1.0],
                [0.993132, 0.115236, -0.020256, -0.0, -0.115236, 0.93339, -0.339857, 0.4, -0.020256, 0.339857, 0.940259, -0.0, 0.0, 0.0, 0.0, 1.0],
                [0.993132, 0.115236, -0.020256, -0.0, -0.115236, 0.93339, -0.339857, 0.4, -0.020256, 0.339857, 0.940259, -0.0, 0.0, 0.0, 0.0, 1.0],
                [0.993132, 0.115236, -0.020256, 0.0, -0.115236, 0.933391, -0.339857, 0.4, -0.020256, 0.339857, 0.940259, -0.0, 0.0, 0.0, 0.0, 1.0],
                [0.993132, 0.115236, -0.020256, -0.0, -0.115236, 0.933391, -0.339857, 0.4, -0.020256, 0.339857, 0.940259, -0.0, 0.0, 0.0, 0.0, 1.0],
