{
    "animation": [
        {
            "name": "Root",
            "time": [0.0, 0.0167, 0.0333, 0.05, 0.0667, 0.0833, 0.1, 0.1167, 0.1333, 0.15, 0.1667, 0.1833, 0.2, 0.2167, 0.2333, 0.25, 0.2667, 0.2833, 0.3, 0.3167, 0.3333, 0.35, 0.3667, 0.3833, 0.4, 0.4167, 0.4333, 0.45, 0.4667, 0.4833, 0.5, 0.5167, 0.5333, 0.55, 0.5667, 0.5833, 0.6, 0.6167, 0.6333, 0.65, 0.6667, 0.6833, 0.7, 0.7167, 0.7333, 0.75, 0.7667, 0.7833, 0.8, 0.8167, 0.8333, 0.85, 0.8667, 0.8833, 0.9, 0.9167, 0.9333, 0.95, 0.9667, 0.9833, 1.0, 1.0167, 1.0333, 1.05, 1.0667, 1.0833, 1.1, 1.1167, 1.1333, 1.15, 1.1667, 1.1833, 1.2, 1.2167, 1.2333, 1.25, 1.2667, 1.2833, 1.3, 1.3167, 1.3333, 1.35, 1.3667, 1.3833, 1.4, 1.4167, 1.4333, 1.45, 1.4667, 1.4833, 1.5, 1.5167, 1.5333, 1.55, 1.5667, 1.5833, 1.6, 1.6167, 1.6333, 1.65, 1.6667, 1.6833, 1.7, 1.7167, 1.7333, 1.75, 1.7667, 1.7833, 1.8, 1.8167, 1.8333, 1.85, 1.8667, 1.8833, 1.9, 1.9167, 1.9333, 1.95, 1.9667, 1.9833, 2.0],
            "transform": [
                [0.426635, 0.0, -0.904424, -0.202439, -0.904424, 0.0, -0.426635, -0.008888, 0.0, 1.0, 0.0, 0.61633, 0.0, 0.0, 0.0, 1.0],
                [0.426635, 0.0, -0.904424, -0.202418, -0.904424, 0.0, -0.426635, -0.008888, 0.0, 1.0, 0.0, 0.61633, 0.0, 0.0, 0.0, 1.0],
                [0.426635, 0.0, -0.904424, -0.202355, -0.904424, 0.0, -0.426635, -0.008888, 0.0, 1.0, 0.0, 0.61633, 0.0, 0.0, 0.0, 1.0],
                [0.426635, 0.0, -0.904424, -0.202252, -0.904424, 0.0, -0.426635, -0.008888, 0.0, 1.0, 0.0, 0.61633, 0.0, 0.0, 0.0, 1.0],
                [0.426635, 0.0, -0.904424, -0.20211, -0.904424, 0.0, -0.426635, -0.008888, 0.0, 1.0, 0.0, 0.61633, 0.0, 0.0, 0.0, 1.0],
                [0.426635, 0.0, -0.904424, -0.201931, -0.904424, 0.0, -0.426635, -0.008888, 0.0, 1.0, 0.0, 0.61633, 0.0, 0.0, 0.0, 1.0],
                [0.426635, 0.0, -0.904424, -0.201716, -0.904424, 0.0, -0.426635, -0.008888, 0.0, 1.0, 0.0, 0.61633, 0.0, 0.0, 0.0, 1.0],
                [0.426635, 0.0, -0.904424, -0.201466, -0.904424, 0.0, -0.426635, -0.008888, 0.0, 1.0, 0.0, 0.61633, 0.0, 0.0, 0.0, 1.0],
                [0.426635, 0.0, -0.904424, -0.201183, -0.904424, 0.0, -0.426635, -0.008888, 0.0, 1.0, 0.0, 0.61633, 0.0, 0.0, 0.0, 1.0],
                [0.426635, 0.0, -0.904424, -0.200869, -0.904424, 0.0, -0.426635, -0.008888, 0.0, 1.0, 0.0, 0.61633, 0.0, 0.0, 0.0, 1.0],
                [0.426635, 0.0, -0.904424, -0.200525, -0.904424, 0.0, -0.426635, -0.008888, 0.0, 1.0, 0.0, 0.61633, 0.0, 0.0, 0.0, 1.0],
                [0.426635, 0.0, -0.904424, -0.200152, -0.904424, 0.0, -0.426635, -0.008888, 0.0, 1.0, 0.0, 0.61633, 0.0, 0.0, 0.0, 1.0],
                [0.426635, 0.0, -0.904424, -0.199751, -0.904424, 0.0, -0.426635, -0.008888, 0.0, 1.0, 0.0, 0.61633, 0.0, 0.0, 0.0, 1.0],
                [0.426635, 0.0, -0.904424, -0.199325, -0.904424, 0.0, -0.426635, -0.008888, 0.0, 1.0, 0.0, 0.61633, 0.0, 0.0, 0.0, 1.0],
                [0.426635, 0.0, -0.904424, -0.198874, -0.904424, 0.0, -0.426635, -0.008888, 0.0, 1.0, 0.0, 0.61633, 0.0, 0.0, 0.0, 1.0],
                [0.426635, 0.0, -0.904424, -0.198401, -0.904424, 0.0, -0.426635, -0.008888, 0.0, 1.0, 0.0, 0.61633, 0.0, 0.0, 0.0, 1.0],
                [0.426635, 0.0, -0.904424, -0.197905, -0.904424, 0.0, -0.426635, -0.008888, 0.0, 1.0, 0.0, 0.61633, 0.0, 0.0, 0.0, 1.0],
                [0.426635, 0.0, -0.904424, -0.19739, -0.904424, 0.0, -0.426635, -0.008888, 0.0, 1.0, 0.0, 0.61633, 0.0, 0.0, 0.0, 1.0],
                [0.426635, 0.0, -0.904424, -0.196856, -0.904424, 0.0, -0.426635, -0.008888, 0.0, 1.0, 0.0, 0.61633, 0.0, 0.0, 0.0, 1.0],
                [0.426635, 0.0, -0.904424, -0.196305, -0.904424, 0.0, -0.426635, -0.008888, 0.0, 1.0, 0.0, 0.61633, 0.0, 0.0, 0.0, 1.0],
                [0.426635, 0.0, -0.904424, -0.195738, -0.904424, 0.0, -0.426635, -0.008888, 0.0, 1.0, 0.0, 0.61633, 0.0, 0.0, 0.0, 1.0],
                [0.426635, 0.0, -0.904424, -0.195157, -0.904424, 0.0, -0.426635, -0.008888, 0.0, 1.0, 0.0, 0.61633, 0.0, 0.0, 0.0, 1.0],
                [0.426635, 0.0, -0.904424, -0.194562, -0.904424, 0.0, -0.426635, -0.008888, 0.0, 1.0, 0.0, 0.61633, 0.0, 0.0, 0.0, 1.0],
                [0.426635, 0.0, -0.904424, -0.193957, -0.904424, 0.0, -0.426635, -0.008888, 0.0, 1.0, 0.0, 0.61633, 0.0, 0.0, 0.0, 1.0],
                [0.426635, 0.0, -0.904424, -0.193341, -0.904424, 0.0, -0.426635, -0.008888, 0.0, 1.0, 0.0, 0.61633, 0.0, 0.0, 0.0, 1.0],
                [0.426635, 0.0, -0.904424, -0.192716, -0.904424, 0.0, -0.426635, -0.008888, 0.0, 1.0, 0.0, 0.61633, 0.0, 0.0, 0.0, 1.0],
                [0.426635, 0.0, -0.904424, -0.192085, -0.904424, 0.0, -0.426635, -0.008888, 0.0, 1.0, 0.0, 0.61633, 0.0, 0.0, 0.0, 1.0],
                [0.426635, 0.0, -0.904424, -0.191447, -0.904424, 0.0, -0.426635, -0.008888, 0.0, 1.0, 0.0, 0.61633, 0.0, 0.0, 0.0, 1.0],
                [0.426635, 0.0, -0.904424, -0.190806, -0.904424, 0.0, -0.426635, -0.008888, 0.0, 1.0, 0.0, 0.61633, 0.0, 0.0, 0.0, 1.0],
                [0.426635, 0.0, -0.904424, -0.190161, -0.904424, 0.0, -0.426635, -0.008888, 0.0, 1.0, 0.0, 0.61633, 0.0, 0.0, 0.0, 1.0],
                [0.426635, 0.0, -0.904424, -0.189515, -0.904424, 0.0, -0.426635, -0.008888, 0.0, 1.0, 0.0, 0.61633, 0.0, 0.0, 0.0, 1.0],
                [0.426635, 0.0, -0.904424, -0.188869, -0.904424, 0.0, -0.426635, -0.008888, 0.0, 1.0, 0.0, 0.61633, 0.0, 0.0, 0.0, 1.0],
                [0.426635, 0.0, -0.904424, -0.188225, -0.904424, 0.0, -0.426635, -0.008888, 0.0, 1.0, 0.0, 0.61633, 0.0, 0.0, 0.0, 1.0],
                [0.426635, 0.0, -0.904424, -0.187583, -0.904424, 0.0, -0.426635, -0.008888, 0.0, 1.0, 0.0, 0.61633, 0.0, 0.0, 0.0, 1.0],
                [0.426635, 0.0, -0.904424, -0.186946, -0.904424, 0.0, -0.426635, -0.008888, 0.0, 1.0, 0.0, 0.61633, 0.0, 0.0, 0.0, 1.0],
                [0.426635, 0.0, -0.904424, -0.186314, -0.904424, 0.0, -0.426635, -0.008888, 0.0, 1.0, 0.0, 0.61633, 0.0, 0.0, 0.0, 1.0],
                [0.426635, 0.0, -0.904424, -0.18569, -0.904424, 0.0, -0.426635, -0.008888, 0.0, 1.0, 0.0, 0.61633, 0.0, 0.0, 0.0, 1.0],
                [0.426635, 0.0, -0.904424, -0.185074, -0.904424, 0.0, -0.426635, -0.008888, 0.0, 1.0, 0.0, 0.61633, 0.0, 0.0, 0.0, 1.0],
                [0.426635, 0.0, -0.904424, -0.184468, -0.904424, 0.0, -0.426635, -0.008888, 0.0, 1.0, 0.0, 0.61633, 0.0, 0.0, 0.0, 1.0],
                [0.426635, 0.0, -0.904424, -0.183874, -0.904424, 0.0, -0.426635, -0.008888, 0.0, 1.0, 0.0, 0.61633, 0.0, 0.0, 0.0, 1.0],
                [0.426635, 0.0, -0.904424, -0.183292, -0.904424, 0.0, -0.426635, -0.008888, 0.0, 1.0, 0.0, 0.61633, 0.0, 0.0, 0.0, 1.0],
                [0.426635, 0.0, -0.904424, -0.182725, -0.904424, 0.0, -0.426635, -0.008888, 0.0, 1.0, 0.0, 0.61633, 0.0, 0.0, 0.0, 1.0],
                [0.426635, 0.0, -0.904424, -0.182174, -0.904424, 0.0, -0.426635, -0.008888, 0.0, 1.0, 0.0, 0.61633, 0.0, 0.0, 0.0, 1.0],
                [0.426635, 0.0, -0.904424, -0.18164, -0.904424, 0.0, -0.426635, -0.008888, 0.0, 1.0, 0.0, 0.61633, 0.0, 0.0, 0.0, 1.0],
                [0.426635, 0.0, -0.904424, -0.181125, -0.904424, 0.0, -0.426635, -0.008888, 0.0, 1.0, 0.0, 0.61633, 0.0, 0.0, 0.0, 1.0],
                [0.426635, 0.0, -0.904424, -0.18063, -0.904424, 0.0, -0.426635, -0.008888, 0.0, 1.0, 0.0, 0.61633, 0.0, 0.0, 0.0, 1.0],
                [0.426635, 0.0, -0.904424, -0.180156, -0.904424, 0.0, -0.426635, -0.008888, 0.0, 1.0, 0.0, 0.61633, 0.0, 0.0, 0.0, 1.0],
                [0.426635, 0.0, -0.904424, -0.179705, -0.904424, 0.0, -0.426635, -0.008888, 0.0, 1.0, 0.0, 0.61633, 0.0, 0.0, 0.0, 1.0],
                [0.426635, 0.0, -0.904424, -0.179279, -0.904424, 0.0, -0.426635, -0.008888, 0.0, 1.0, 0.0, 0.61633, 0.0, 0.0, 0.0, 1.0],
                [0.426635, 0.0, -0.904424, -0.178879, -0.904424, 0.0, -0.426635, -0.008888, 0.0, 1.0, 0.0, 0.61633, 0.0, 0.0, 0.0, 1.0],
                [0.426635, 0.0, -0.904424, -0.178505, -0.904424, 0.0, -0.426635, -0.008888, 0.0, 1.0, 0.0, 0.61633, 0.0, 0.0, 0.0, 1.0],
                [0.426635, 0.0, -0.904424, -0.178161, -0.904424, 0.0, -0.426635, -0.008888, 0.0, 1.0, 0.0, 0.61633, 0.0, 0.0, 0.0, 1.0],
                [0.426635, 0.0, -0.904424, -0.177847, -0.904424, 0.0, -0.426635, -0.008888, 0.0, 1.0, 0.0, 0.61633, 0.0, 0.0, 0.0, 1.0],
                [0.426635, 0.0, -0.904424, -0.177564, -0.904424, 0.0, -0.426635, -0.008888, 0.0, 1.0, 0.0, 0.61633, 0.0, 0.0, 0.0, 1.0],
                [0.426635, 0.0, -0.904424, -0.177315, -0.904424, 0.0, -0.426635, -0.008888, 0.0, 1.0, 0.0, 0.61633, 0.0, 0.0, 0.0, 1.0],
                [0.426635, 0.0, -0.904424, -0.177099, -0.904424, 0.0, -0.426635, -0.008888, 0.0, 1.0, 0.0, 0.61633, 0.0, 0.0, 0.0, 1.0],
                [0.426635, 0.0, -0.904424, -0.17692, -0.904424, 0.0, -0.426635, -0.008888, 0.0, 1.0, 0.0, 0.61633, 0.0, 0.0, 0.0, 1.0],
                [0.426635, 0.0, -0.904424, -0.176778, -0.904424, 0.0, -0.426635, -0.008888, 0.0, 1.0, 0.0, 0.61633, 0.0, 0.0, 0.0, 1.0],
                [0.426635, 0.0, -0.904424, -0.176675, -0.904424, 0.0, -0.426635, -0.008888, 0.0, 1.0, 0.0, 0.61633, 0.0, 0.0, 0.0, 1.0],
                [0.426635, 0.0, -0.904424, -0.176612, -0.904424, 0.0, -0.426635, -0.008888, 0.0, 1.0, 0.0, 0.61633, 0.0, 0.0, 0.0, 1.0],
                [0.426635, 0.0, -0.904424, -0.176591, -0.904424, 0.0, -0.426635, -0.008888, 0.0, 1.0, 0.0, 0.61633, 0.0, 0.0, 0.0, 1.0],
                [0.426635, 0.0, -0.904424, -0.176612, -0.904424, 0.0, -0.426635, -0.008888, 0.0, 1.0, 0.0, 0.61633, 0.0, 0.0, 0.0, 1.0],
                [0.426635, 0.0, -0.904424, -0.176675, -0.904424, 0.0, -0.426635, -0.008888, 0.0, 1.0, 0.0, 0.61633, 0.0, 0.0, 0.0, 1.0],
                [0.426635, 0.0, -0.904424, -0.176778, -0.904424, 0.0, -0.426635, -0.008888, 0.0, 1.0, 0.0, 0.61633, 0.0, 0.0, 0.0, 1.0],
                [0.426635, 0.0, -0.904424, -0.17692, -0.904424, 0.0, -0.426635, -0.008888, 0.0, 1.0, 0.0, 0.61633, 0.0, 0.0, 0.0, 1.0],
                [0.426635, 0.0, -0.904424, -0.177099, -0.904424, 0.0, -0.426635, -0.008888, 0.0, 1.0, 0.0, 0.61633, 0.0, 0.0, 0.0, 1.0],
                [0.426635, 0.0, -0.904424, -0.177315, -0.904424, 0.0, -0.426635, -0.008888, 0.0, 1.0, 0.0, 0.61633, 0.0, 0.0, 0.0, 1.0],
                [0.426635, 0.0, -0.904424, -0.177564, -0.904424, 0.0, -0.426635, -0.008888, 0.0, 1.0, 0.0, 0.61633, 0.0, 0.0, 0.0, 1.0],
                [0.426635, 0.0, -0.904424, -0.177847, -0.904424, 0.0, -0.426635, -0.008888, 0.0, 1.0, 0.0, 0.61633, 0.0, 0.0, 0.0, 1.0],
                [0.426635, 0.0, -0.904424, -0.178161, -0.904424, 0.0, -0.426635, -0.008888, 0.0, 1.0, 0.0, 0.61633, 0.0, 0.0, 0.0, 1.0],
                [0.426635, 0.0, -0.904424, -0.178505, -0.904424, 0.0, -0.426635, -0.008888, 0.0, 1.0, 0.0, 0.61633, 0.0, 0.0, 0.0, 1.0],
                [0.426635, 0.0, -0.904424, -0.178879, -0.904424, 0.0, -0.426635, -0.008888, 0.0, 1.0, 0.0, 0.61633, 0.0, 0.0, 0.0, 1.0],
                [0.426635, 0.0, -0.904424, -0.179279, -0.904424, 0.0, -0.426635, -0.008888, 0.0, 1.0, 0.0, 0.61633, 0.0, 0.0, 0.0, 1.0],
                [0.426635, 0.0, -0.904424, -0.179705, -0.904424, 0.0, -0.426635, -0.008888, 0.0, 1.0, 0.0, 0.61633, 0.0, 0.0, 0.0, 1.0],
                [0.426635, 0.0, -0.904424, -0.180156, -0.904424, 0.0, -0.426635, -0.008888, 0.0, 1.0, 0.0, 0.61633, 0.0, 0.0, 0.0, 1.0],
                [0.426635, 0.0, -0.904424, -0.18063, -0.904424, 0.0, -0.426635, -0.008888, 0.0, 1.0, 0.0, 0.61633, 0.0, 0.0, 0.0, 1.0],
                [0.426635, 0.0, -0.904424, -0.181125, -0.904424, 0.0, -0.426635, -0.008888, 0.0, 1.0, 0.0, 0.61633, 0.0, 0.0, 0.0, 1.0],
                [0.426635, 0.0, -0.904424, -0.18164, -0.904424, 0.0, -0.426635, -0.008888, 0.0, 1.0, 0.0, 0.61633, 0.0, 0.0, 0.0, 1.0],
                [0.426635, 0.0, -0.904424, -0.182174, -0.904424, 0.0, -0.426635, -0.008888, 0.0, 1.0, 0.0, 0.61633, 0.0, 0.0, 0.0, 1.0],
                [0.426635, 0.0, -0.904424, -0.182725, -0.904424, 0.0, -0.426635, -0.008888, 0.0, 1.0, 0.0, 0.61633, 0.0, 0.0, 0.0, 1.0],
                [0.426635, 0.0, -0.904424, -0.183292, -0.904424, 0.0, -0.426635, -0.008888, 0.0, 1.0, 0.0, 0.61633, 0.0, 0.0, 0.0, 1.0],
                [0.426635, 0.0, -0.904424, -0.183874, -0.904424, 0.0, -0.426635, -0.008888, 0.0, 1.0, 0.0, 0.61633, 0.0, 0.0, 0.0, 1.0],
                [0.426635, 0.0, -0.904424, -0.184468, -0.904424, 0.0, -0.426635, -0.008888, 0.0, 1.0, 0.0, 0.61633, 0.0, 0.0, 0.0, 1.0],
                [0.426635, 0.0, -0.904424, -0.185074, -0.904424, 0.0, -0.426635, -0.008888, 0.0, 1.0, 0.0, 0.61633, 0.0, 0.0, 0.0, 1.0],
                [0.426635, 0.0, -0.904424, -0.18569, -0.904424, 0.0, -0.426635, -0.008888, 0.0, 1.0, 0.0, 0.61633, 0.0, 0.0, 0.0, 1.0],
                [0.426635, 0.0, -0.904424, -0.186314, -0.904424, 0.0, -0.426635, -0.008888, 0.0, 1.0, 0.0, 0.61633, 0.0, 0.0, 0.0, 1.0],
                [0.426635, 0.0, -0.904424, -0.186946, -0.904424, 0.0, -0.426635, -0.008888, 0.0, 1.0, 0.0, 0.61633, 0.0, 0.0, 0.0, 1.0],
                [0.426635, 0.0, -0.904424, -0.187583, -0.904424, 0.0, -0.426635, -0.008888, 0.0, 1.0, 0.0, 0.61633, 0.0, 0.0, 0.0, 1.0],
                [0.426635, 0.0, -0.904424, -0.188225, -0.904424, 0.0, -0.426635, -0.008888, 0.0, 1.0, 0.0, 0.61633, 0.0, 0.0, 0.0, 1.0],
                [0.426635, 0.0, -0.904424, -0.188869, -0.904424, 0.0, -0.426635, -0.008888, 0.0, 1.0, 0.0, 0.61633, 0.0, 0.0, 0.0, 1.0],
                [0.426635, 0.0, -0.904424, -0.189515, -0.904424, 0.0, -0.426635, -0.008888, 0.0, 1.0, 0.0, 0.61633, 0.0, 0.0, 0.0, 1.0],
                [0.426635, 0.0, -0.904424, -0.190161, -0.904424, 0.0, -0.426635, -0.008888, 0.0, 1.0, 0.0, 0.61633, 0.0, 0.0, 0.0, 1.0],
                [0.426635, 0.0, -0.904424, -0.190806, -0.904424, 0.0, -0.426635, -0.008888, 0.0, 1.0, 0.0, 0.61633, 0.0, 0.0, 0.0, 1.0],
                [0.426635, 0.0, -0.904424, -0.191447, -0.904424, 0.0, -0.426635, -0.008888, 0.0, 1.0, 0.0, 0.61633, 0.0, 0.0, 0.0, 1.0],
                [0.426635, 0.0, -0.904424, -0.192085, -0.904424, 0.0, -0.426635, -0.008888, 0.0, 1.0, 0.0, 0.61633, 0.0, 0.0, 0.0, 1.0],
                [0.426635, 0.0, -0.904424, -0.192716, -0.904424, 0.0, -0.426635, -0.008888, 0.0, 1.0, 0.0, 0.61633, 0.0, 0.0, 0.0, 1.0],
                [0.426635, 0.0, -0.904424, -0.193341, -0.904424, 0.0, -0.426635, -0.008888, 0.0, 1.0, 0.0, 0.61633, 0.0, 0.0, 0.0, 1.0],
                [0.426635, 0.0, -0.904424, -0.193957, -0.904424, 0.0, -0.426635, -0.008888, 0.0, 1.0, 0.0, 0.61633, 0.0, 0.0, 0.0, 1.0],
                [0.426635, 0.0, -0.904424, -0.194562, -0.904424, 0.0, -0.426635, -0.008888, 0.0, 1.0, 0.0, 0.61633, 0.0, 0.0, 0.0, 1.0],
                [0.426635, 0.0, -0.904424, -0.195157, -0.904424, 0.0, -0.426635, -0.008888, 0.0, 1.0, 0.0, 0.61633, 0.0, 0.0, 0.0, 1.0],
                [0.426635, 0.0, -0.904424, -0.195738, -0.904424, 0.0, -0.426635, -0.008888, 0.0, 1.0, 0.0, 0.61633, 0.0, 0.0, 0.0, 1.0],
                [0.426635, 0.0, -0.904424, -0.196305, -0.904424, 0.0, -0.426635, -0.008888, 0.0, 1.0, 0.0, 0.61633, 0.0, 0.0, 0.0, 1.0],
                [0.426635, 0.0, -0.904424, -0.196856, -0.904424, 0.0, -0.426635, -0.008888, 0.0, 1.0, 0.0, 0.61633, 0.0, 0.0, 0.0, 1.0],
                [0.426635, 0.0, -0.904424, -0.19739, -0.904424, 0.0, -0.426635, -0.008888, 0.0, 1.0, 0.0, 0.61633, 0.0, 0.0, 0.0, 1.0],
                [0.426635, 0.0, -0.904424, -0.197905, -0.904424, 0.0, -0.426635, -0.008888, 0.0, 1.0, 0.0, 0.61633, 0.0, 0.0, 0.0, 1.0],
                [0.426635, 0.0, -0.904424, -0.198401, -0.904424, 0.0, -0.426635, -0.008888, 0.0, 1.0, 0.0, 0.61633, 0.0, 0.0, 0.0, 1.0],
                [0.426635, 0.0, -0.904424, -0.198874, -0.904424, 0.0, -0.426635, -0.008888, 0.0, 1.0, 0.0, 0.61633, 0.0, 0.0, 0.0, 1.0],
                [0.426635, 0.0, -0.904424, -0.199325, -0.904424, 0.0, -0.426635, -0.008888, 0.0, 1.0, 0.0, 0.61633, 0.0, 0.0, 0.0, 1.0],
                [0.426635, 0.0, -0.904424, -0.199751, -0.904424, 0.0, -0.426635, -0.008888, 0.0, 1.0, 0.0, 0.61633, 0.0, 0.0, 0.0, 1.0],
                [0.426635, 0.0, -0.904424, -0.200152, -0.904424, 0.0, -0.426635, -0.008888, 0.0, 1.0, 0.0, 0.61633, 0.0, 0.0, 0.0, 1.0],
                [0.426635, 0.0, -0.904424, -0.200525, -0.904424, 0.0, -0.426635, -0.008888, 0.0, 1.0, 0.0, 0.61633, 0.0, 0.0, 0.0, 1.0],
                [0.426635, 0.0, -0.904424, -0.200869, -0.904424, 0.0, -0.426635, -0.008888, 0.0, 1.0, 0.0, 0.61633, 0.0, 0.0, 0.0, 1.0],
                [0.426635, 0.0, -0.904424, -0.201183, -0.904424, 0.0, -0.426635, -0.008888, 0.0, 1.0, 0.0, 0.61633, 0.0, 0.0, 0.0, 1.0],
                [0.426635, 0.0, -0.904424, -0.201466, -0.904424, 0.0, -0.426635, -0.008888, 0.0, 1.0, 0.0, 0.61633, 0.0, 0.0, 0.0, 1.0],
                [0.426635, 0.0, -0.904424, -0.201716, -0.904424, 0.0, -0.426635, -0.008888, 0.0, 1.0, 0.0, 0.61633, 0.0, 0.0, 0.0, 1.0],
                [0.426635, 0.0, -0.904424, -0.201931, -0.904424, 0.0, -0.426635, -0.008888, 0.0, 1.0, 0.0, 0.61633, 0.0, 0.0, 0.0, 1.0],
                [0.426635, 0.0, -0.904424, -0.20211, -0.904424, 0.0, -0.426635, -0.008888, 0.0, 1.0, 0.0, 0.61633, 0.0, 0.0, 0.0, 1.0],
                [0.426635, 0.0, -0.904424, -0.202252, -0.904424, 0.0, -0.426635, -0.008888, 0.0, 1.0, 0.0, 0.61633, 0.0, 0.0, 0.0, 1.0],
                [0.426635, 0.0, -0.904424, -0.202355, -0.904424, 0.0, -0.426635, -0.008888, 0.0, 1.0, 0.0, 0.61633, 0.0, 0.0, 0.0, 1.0],
                [0.426635, 0.0, -0.904424, -0.202418, -0.904424, 0.0, -0.426635, -0.008888, 0.0, 1.0, 0.0, 0.61633, 0.0, 0.0, 0.0, 1.0],
                [0.426635, 0.0, -0.904424, -0.202439, -0.904424, 0.0, -0.426635, -0.008888, 0.0, 1.0, 0.0, 0.61633, 0.0, 0.0, 0.0, 1.0]
            ]
        },
        {
            "name": "Thigh_R",
            "time": [0.0, 0.0167, 0.0333, 0.05, 0.0667, 0.0833, 0.1, 0.1167, 0.1333, 0.15, 0.1667, 0.1833, 0.2, 0.2167, 0.2333, 0.25, 0.2667, 0.2833, 0.3, 0.3167, 0.3333, 0.35, 0.3667, 0.3833, 0.4, 0.4167, 0.4333, 0.45, 0.4667, 0.4833, 0.5, 0.5167, 0.5333, 0.55, 0.5667, 0.5833, 0.6, 0.6167, 0.6333, 0.65, 0.6667, 0.6833, 0.7, 0.7167, 0.7333, 0.75, 0.7667, 0.7833, 0.8, 0.8167, 0.8333, 0.85, 0.8667, 0.8833, 0.9, 0.9167, 0.9333, 0.95, 0.9667, 0.9833, 1.0, 1.0167, 1.0333, 1.05, 1.0667, 1.0833, 1.1, 1.1167, 1.1333, 1.15, 1.1667, 1.1833, 1.2, 1.2167, 1.2333, 1.25, 1.2667, 1.2833, 1.3, 1.3167, 1.3333, 1.35, 1.3667, 1.3833, 1.4, 1.4167, 1.4333, 1.45, 1.4667, 1.4833, 1.5, 1.5167, 1.5333, 1.55, 1.5667, 1.5833, 1.6, 1.6167, 1.6333, 1.65, 1.6667, 1.6833, 1.7, 1.7167, 1.7333, 1.75, 1.7667, 1.7833, 1.8, 1.8167, 1.8333, 1.85, 1.8667, 1.8833, 1.9, 1.9167, 1.9333, 1.95, 1.9667, 1.9833, 2.0],
            "transform": [
                [0.78322, 0.60161, 0.156937, 0.139275, 0.451419, -0.723814, 0.521836, -0.002831, 0.427536, -0.337867, -0.838486, 0.006725, 0.0, 0.0, 0.0, 1.0],
                [0.783219, 0.601609, 0.156947, 0.139275, 0.45142, -0.723822, 0.521824, -0.002831, 0.427537, -0.337853, -0.838491, 0.006725, 0.0, 0.0, 0.0, 1.0],
                [0.783215, 0.601606, 0.156978, 0.139275, 0.451423, -0.723845, 0.521789, -0.002831, 0.42754, -0.337809, -0.838508, 0.006725, 0.0, 0.0, 0.0, 1.0],
                [0.783209, 0.601601, 0.157029, 0.139275, 0.451429, -0.723884, 0.521731, -0.002831, 0.427545, -0.337736, -0.838534, 0.006725, 0.0, 0.0, 0.0, 1.0],
                [0.783201, 0.601593, 0.157098, 0.139275, 0.451437, -0.723936, 0.521651, -0.002831, 0.427551, -0.337637, -0.83857, 0.006725, 0.0, 0.0, 0.0, 1.0],
                [0.78319, 0.601584, 0.157186, 0.139275, 0.451447, -0.724002, 0.521551, -0.002831, 0.42756, -0.337512, -0.838616, 0.006725, 0.0, 0.0, 0.0, 1.0],
                [0.783178, 0.601573, 0.157292, 0.139275, 0.451459, -0.724082, 0.52143, -0.002831, 0.42757, -0.337361, -0.838672, 0.006725, 0.0, 0.0, 0.0, 1.0],
                [0.783163, 0.60156, 0.157414, 0.139275, 0.451473, -0.724174, 0.52129, -0.002831, 0.427583, -0.337186, -0.838736, 0.006725, 0.0, 0.0, 0.0, 1.0],
                [0.783147, 0.601545, 0.157553, 0.139275, 0.451489, -0.724279, 0.52113, -0.002831, 0.427596, -0.336987, -0.838809, 0.006725, 0.0, 0.0, 0.0, 1.0],
                [0.783128, 0.601528, 0.157708, 0.139275, 0.451506, -0.724396, 0.520952, -0.002831, 0.427611, -0.336765, -0.83889, 0.006725, 0.0, 0.0, 0.0, 1.0],
                [0.783108, 0.60151, 0.157879, 0.139275, 0.451526, -0.724524, 0.520757, -0.002831, 0.427628, -0.336522, -0.83898, 0.006725, 0.0, 0.0, 0.0, 1.0],
                [0.783086, 0.60149, 0.158064, 0.139275, 0.451547, -0.724664, 0.520544, -0.002831, 0.427646, -0.336257, -0.839077, 0.006725, 0.0, 0.0, 0.0, 1.0],
                [0.783062, 0.601468, 0.158264, 0.139275, 0.451569, -0.724814, 0.520316, -0.002831, 0.427665, -0.335972, -0.839181, 0.006725, 0.0, 0.0, 0.0, 1.0],
                [0.783037, 0.601445, 0.158477, 0.139275, 0.451593, -0.724974, 0.520071, -0.002831, 0.427686, -0.335668, -0.839292, 0.006725, 0.0, 0.0, 0.0, 1.0],
                [0.783011, 0.60142, 0.158702, 0.139275, 0.451619, -0.725144, 0.519812, -0.002831, 0.427708, -0.335345, -0.83941, 0.006725, 0.0, 0.0, 0.0, 1.0],
                [0.782983, 0.601394, 0.158941, 0.139275, 0.451645, -0.725324, 0.519539, -0.002831, 0.427731, -0.335005, -0.839534, 0.006725, 0.0, 0.0, 0.0, 1.0],
                [0.782954, 0.601365, 0.159191, 0.139275, 0.451673, -0.725512, 0.519252, -0.002831, 0.427755, -0.334647, -0.839665, 0.006725, 0.0, 0.0, 0.0, 1.0],
                [0.782923, 0.601336, 0.159452, 0.139275, 0.451702, -0.725709, 0.518952, -0.002831, 0.42778, -0.334274, -0.8398, 0.006725, 0.0, 0.0, 0.0, 1.0],
                [0.782891, 0.601305, 0.159724, 0.139275, 0.451733, -0.725913, 0.518639, -0.002831, 0.427807, -0.333885, -0.839942, 0.006725, 0.0, 0.0, 0.0, 1.0],
                [0.782858, 0.601273, 0.160005, 0.139275, 0.451764, -0.726125, 0.518316, -0.002831, 0.427833, -0.333483, -0.840088, 0.006725, 0.0, 0.0, 0.0, 1.0],
                [0.782825, 0.60124, 0.160296, 0.139275, 0.451796, -0.726343, 0.517981, -0.002831, 0.427861, -0.333067, -0.840239, 0.006725, 0.0, 0.0, 0.0, 1.0],
                [0.78279, 0.601205, 0.160596, 0.139275, 0.451829, -0.726568, 0.517636, -0.002831, 0.42789, -0.332638, -0.840394, 0.006725, 0.0, 0.0, 0.0, 1.0],
                [0.782755, 0.601169, 0.160904, 0.139275, 0.451863, -0.726799, 0.517282, -0.002831, 0.427919, -0.332198, -0.840553, 0.006725, 0.0, 0.0, 0.0, 1.0],
                [0.782718, 0.601131, 0.161218, 0.139275, 0.451897, -0.727036, 0.51692, -0.002831, 0.427949, -0.331748, -0.840716, 0.006725, 0.0, 0.0, 0.0, 1.0],
                [0.782681, 0.601093, 0.16154, 0.139275, 0.451932, -0.727277, 0.51655, -0.002831, 0.427979, -0.331288, -0.840881, 0.006725, 0.0, 0.0, 0.0, 1.0],
                [0.782644, 0.601054, 0.161868, 0.139275, 0.451968, -0.727523, 0.516172, -0.002831, 0.42801, -0.330819, -0.841051, 0.006725, 0.0, 0.0, 0.0, 1.0],
                [0.782606, 0.601013, 0.1622, 0.139275, 0.452004, -0.727772, 0.515788, -0.002831, 0.428041, -0.330343, -0.841222, 0.006725, 0.0, 0.0, 0.0, 1.0],
                [0.782567, 0.600972, 0.162538, 0.139275, 0.452041, -0.728025, 0.5154, -0.002831, 0.428073, -0.329861, -0.841395, 0.006725, 0.0, 0.0, 0.0, 1.0],
                [0.782529, 0.600931, 0.162879, 0.139275, 0.452078, -0.728281, 0.515006, -0.002831, 0.428105, -0.329373, -0.84157, 0.006725, 0.0, 0.0, 0.0, 1.0],
                [0.78249, 0.600888, 0.163223, 0.139275, 0.452115, -0.728539, 0.514608, -0.002831, 0.428137, -0.32888, -0.841747, 0.006725, 0.0, 0.0, 0.0, 1.0],
                [0.782451, 0.600844, 0.16357, 0.139275, 0.452152, -0.728798, 0.514208, -0.002831, 0.428169, -0.328384, -0.841924, 0.006725, 0.0, 0.0, 0.0, 1.0],
                [0.782411, 0.6008, 0.163918, 0.139275, 0.45219, -0.729059, 0.513805, -0.002831, 0.428201, -0.327885, -0.842102, 0.006725, 0.0, 0.0, 0.0, 1.0],
                [0.782372, 0.600756, 0.164267, 0.139275, 0.452227, -0.72932, 0.513402, -0.002831, 0.428233, -0.327385, -0.84228, 0.006725, 0.0, 0.0, 0.0, 1.0],
                [0.782333, 0.600712, 0.164616, 0.139275, 0.452264, -0.729581, 0.512999, -0.002831, 0.428265, -0.326886, -0.842458, 0.006725, 0.0, 0.0, 0.0, 1.0],
                [0.782294, 0.600667, 0.164964, 0.139275, 0.452301, -0.729841, 0.512596, -0.002831, 0.428297, -0.326387, -0.842634, 0.006725, 0.0, 0.0, 0.0, 1.0],
                [0.782256, 0.600622, 0.16531, 0.139275, 0.452338, -0.730099, 0.512195, -0.002831, 0.428329, -0.325891, -0.84281, 0.006725, 0.0, 0.0, 0.0, 1.0],
                [0.782218, 0.600577, 0.165654, 0.139275, 0.452374, -0.730356, 0.511797, -0.002831, 0.42836, -0.325398, -0.842984, 0.006725, 0.0, 0.0, 0.0, 1.0],
                [0.78218, 0.600532, 0.165995, 0.139275, 0.45241, -0.73061, 0.511402, -0.002831, 0.428391, -0.32491, -0.843157, 0.006725, 0.0, 0.0, 0.0, 1.0],
                [0.782143, 0.600487, 0.166331, 0.139275, 0.452446, -0.730861, 0.511012, -0.002831, 0.428422, -0.324429, -0.843327, 0.006725, 0.0, 0.0, 0.0, 1.0],
                [0.782106, 0.600443, 0.166662, 0.139275, 0.45248, -0.731108, 0.510628, -0.002831, 0.428452, -0.323954, -0.843494, 0.006725, 0.0, 0.0, 0.0, 1.0],
                [0.78207, 0.600399, 0.166988, 0.139275, 0.452514, -0.73135, 0.510251, -0.002831, 0.428481, -0.323487, -0.843658, 0.006725, 0.0, 0.0, 0.0, 1.0],
                [0.782035, 0.600356, 0.167306, 0.139275, 0.452548, -0.731588, 0.509881, -0.002831, 0.42851, -0.32303, -0.843819, 0.006725, 0.0, 0.0, 0.0, 1.0],
                [0.782001, 0.600314, 0.167617, 0.139275, 0.45258, -0.731819, 0.50952, -0.002831, 0.428538, -0.322585, -0.843975, 0.006725, 0.0, 0.0, 0.0, 1.0],
                [0.781968, 0.600273, 0.167919, 0.139275, 0.452612, -0.732043, 0.509169, -0.002831, 0.428565, -0.322152, -0.844127, 0.006725, 0.0, 0.0, 0.0, 1.0],
                [0.781936, 0.600232, 0.168211, 0.139275, 0.452642, -0.732261, 0.50883, -0.002831, 0.428591, -0.321733, -0.844273, 0.006725, 0.0, 0.0, 0.0, 1.0],
                [0.781905, 0.600193, 0.168493, 0.139275, 0.452671, -0.73247, 0.508502, -0.002831, 0.428616, -0.321328, -0.844415, 0.006725, 0.0, 0.0, 0.0, 1.0],
                [0.781876, 0.600156, 0.168764, 0.139275, 0.452699, -0.732671, 0.508188, -0.002831, 0.428641, -0.32094, -0.84455, 0.006725, 0.0, 0.0, 0.0, 1.0],
                [0.781848, 0.60012, 0.169022, 0.139275, 0.452726, -0.732863, 0.507887, -0.002831, 0.428664, -0.32057, -0.844679, 0.006725, 0.0, 0.0, 0.0, 1.0],
                [0.781821, 0.600085, 0.169267, 0.139275, 0.452751, -0.733045, 0.507602, -0.002831, 0.428685, -0.320218, -0.844801, 0.006725, 0.0, 0.0, 0.0, 1.0],
                [0.781796, 0.600053, 0.169497, 0.139275, 0.452775, -0.733216, 0.507334, -0.002831, 0.428706, -0.319887, -0.844916, 0.006725, 0.0, 0.0, 0.0, 1.0],
                [0.781773, 0.600022, 0.169713, 0.139275, 0.452797, -0.733375, 0.507084, -0.002831, 0.428725, -0.319578, -0.845023, 0.006725, 0.0, 0.0, 0.0, 1.0],
                [0.781751, 0.599994, 0.169912, 0.139275, 0.452818, -0.733523, 0.506852, -0.002831, 0.428743, -0.319293, -0.845122, 0.006725, 0.0, 0.0, 0.0, 1.0],
                [0.781732, 0.599968, 0.170094, 0.139275, 0.452836, -0.733658, 0.506639, -0.002831, 0.428759, -0.319031, -0.845213, 0.006725, 0.0, 0.0, 0.0, 1.0],
                [0.781714, 0.599944, 0.170259, 0.139275, 0.452853, -0.73378, 0.506448, -0.002831, 0.428773, -0.318795, -0.845295, 0.006725, 0.0, 0.0, 0.0, 1.0],
                [0.781698, 0.599923, 0.170404, 0.139275, 0.452868, -0.733887, 0.506279, -0.002831, 0.428786, -0.318587, -0.845366, 0.006725, 0.0, 0.0, 0.0, 1.0],
                [0.781685, 0.599905, 0.170529, 0.139275, 0.452881, -0.733981, 0.506133, -0.002831, 0.428797, -0.318407, -0.845429, 0.006725, 0.0, 0.0, 0.0, 1.0],
                [0.781674, 0.59989, 0.170634, 0.139275, 0.452892, -0.734058, 0.50601, -0.002831, 0.428806, -0.318256, -0.845481, 0.006725, 0.0, 0.0, 0.0, 1.0],
                [0.781665, 0.599878, 0.170717, 0.139275, 0.4529, -0.73412, 0.505913, -0.002831, 0.428814, -0.318137, -0.845522, 0.006725, 0.0, 0.0, 0.0, 1.0],
                [0.781658, 0.59987, 0.170777, 0.139275, 0.452906, -0.734164, 0.505844, -0.002831, 0.428819, -0.318051, -0.845552, 0.006725, 0.0, 0.0, 0.0, 1.0],
                [0.781654, 0.599864, 0.170814, 0.139275, 0.45291, -0.734191, 0.5058, -0.002831, 0.428822, -0.317998, -0.84557, 0.006725, 0.0, 0.0, 0.0, 1.0],
                [0.781653, 0.599863, 0.170826, 0.139275, 0.452911, -0.7342, 0.505786, -0.002831, 0.428823, -0.31798, -0.845576, 0.006725, 0.0, 0.0, 0.0, 1.0],
                [0.781655, 0.599864, 0.170814, 0.139275, 0.45291, -0.734191, 0.5058, -0.002831, 0.428822, -0.317997, -0.84557, 0.006725, 0.0, 0.0, 0.0, 1.0],
                [0.781658, 0.59987, 0.170777, 0.139275, 0.452906, -0.734164, 0.505844, -0.002831, 0.428819, -0.318051, -0.845552, 0.006725, 0.0, 0.0, 0.0, 1.0],
                [0.781665, 0.599878, 0.170717, 0.139275, 0.4529, -0.73412, 0.505914, -0.002831, 0.428814, -0.318137, -0.845522, 0.006725, 0.0, 0.0, 0.0, 1.0],
                [0.781674, 0.59989, 0.170634, 0.139275, 0.452891, -0.734058, 0.50601, -0.002831, 0.428806, -0.318256, -0.845481, 0.006725, 0.0, 0.0, 0.0, 1.0],
                [0.781685, 0.599905, 0.170529, 0.139275, 0.452881, -0.73398, 0.506133, -0.002831, 0.428797, -0.318406, -0.845429, 0.006725, 0.0, 0.0, 0.0, 1.0],
                [0.781699, 0.599924, 0.170404, 0.139275, 0.452868, -0.733888, 0.506278, -0.002831, 0.428786, -0.318586, -0.845366, 0.006725, 0.0, 0.0, 0.0, 1.0],
                [0.781714, 0.599944, 0.170258, 0.139275, 0.452853, -0.73378, 0.506448, -0.002831, 0.428773, -0.318795, -0.845295, 0.006725, 0.0, 0.0, 0.0, 1.0],
                [0.781732, 0.599968, 0.170094, 0.139275, 0.452836, -0.733658, 0.506639, -0.002831, 0.428759, -0.319031, -0.845213, 0.006725, 0.0, 0.0, 0.0, 1.0],
                [0.781752, 0.599994, 0.169912, 0.139275, 0.452817, -0.733523, 0.506852, -0.002831, 0.428743, -0.319292, -0.845122, 0.006725, 0.0, 0.0, 0.0, 1.0],
                [0.781773, 0.600022, 0.169713, 0.139275, 0.452797, -0.733375, 0.507084, -0.002831, 0.428725, -0.319579, -0.845023, 0.006725, 0.0, 0.0, 0.0, 1.0],
                [0.781797, 0.600053, 0.169497, 0.139275, 0.452775, -0.733216, 0.507334, -0.002831, 0.428706, -0.319887, -0.844916, 0.006725, 0.0, 0.0, 0.0, 1.0],
                [0.781821, 0.600085, 0.169267, 0.139275, 0.452751, -0.733045, 0.507602, -0.002831, 0.428685, -0.320218, -0.844801, 0.006725, 0.0, 0.0, 0.0, 1.0],
                [0.781848, 0.60012, 0.169022, 0.139275, 0.452726, -0.732863, 0.507887, -0.002831, 0.428664, -0.32057, -0.844679, 0.006725, 0.0, 0.0, 0.0, 1.0],
                [0.781876, 0.600156, 0.168764, 0.139275, 0.452699, -0.732671, 0.508188, -0.002831, 0.428641, -0.32094, -0.84455, 0.006725, 0.0, 0.0, 0.0, 1.0],
                [0.781905, 0.600193, 0.168494, 0.139275, 0.452671, -0.732471, 0.508502, -0.002831, 0.428616, -0.321328, -0.844415, 0.006725, 0.0, 0.0, 0.0, 1.0],
                [0.781936, 0.600232, 0.168211, 0.139275, 0.452642, -0.732261, 0.50883, -0.002831, 0.428591, -0.321733, -0.844273, 0.006725, 0.0, 0.0, 0.0, 1.0],
                [0.781968, 0.600273, 0.167919, 0.139275, 0.452612, -0.732043, 0.509169, -0.002831, 0.428565, -0.322152, -0.844127, 0.006725, 0.0, 0.0, 0.0, 1.0],
                [0.782001, 0.600314, 0.167617, 0.139275, 0.45258, -0.731819, 0.50952, -0.002831, 0.428538, -0.322585, -0.843975, 0.006725, 0.0, 0.0, 0.0, 1.0],
                [0.782035, 0.600356, 0.167306, 0.139275, 0.452548, -0.731587, 0.509881, -0.002831, 0.42851, -0.32303, -0.843819, 0.006725, 0.0, 0.0, 0.0, 1.0],
                [0.78207, 0.600399, 0.166988, 0.139275, 0.452514, -0.73135, 0.510251, -0.002831, 0.428481, -0.323487, -0.843658, 0.006725, 0.0, 0.0, 0.0, 1.0],
                [0.782106, 0.600443, 0.166662, 0.139275, 0.45248, -0.731108, 0.510628, -0.002831, 0.428452, -0.323953, -0.843494, 0.006725, 0.0, 0.0, 0.0, 1.0],
                [0.782143, 0.600487, 0.166331, 0.139275, 0.452446, -0.730861, 0.511012, -0.002831, 0.428422, -0.324429, -0.843327, 0.006725, 0.0, 0.0, 0.0, 1.0],
                [0.78218, 0.600532, 0.165995, 0.139275, 0.45241, -0.73061, 0.511402, -0.002831, 0.428391, -0.324911, -0.843157, 0.006725, 0.0, 0.0, 0.0, 1.0],
                [0.782218, 0.600577, 0.165654, 0.139275, 0.452374, -0.730356, 0.511797, -0.002831, 0.42836, -0.325398, -0.842985, 0.006725, 0.0, 0.0, 0.0, 1.0],
                [0.782256, 0.600622, 0.16531, 0.139275, 0.452338, -0.730099, 0.512195, -0.002831, 0.428329, -0.325891, -0.84281, 0.006725, 0.0, 0.0, 0.0, 1.0],
                [0.782294, 0.600667, 0.164964, 0.139275, 0.452301, -0.729841, 0.512596, -0.002831, 0.428297, -0.326387, -0.842634, 0.006725, 0.0, 0.0, 0.0, 1.0],
                [0.782333, 0.600711, 0.164616, 0.139275, 0.452264, -0.729581, 0.512998, -0.002831, 0.428265, -0.326886, -0.842457, 0.006725, 0.0, 0.0, 0.0, 1.0],
                [0.782372, 0.600756, 0.164267, 0.139275, 0.452227, -0.72932, 0.513402, -0.002831, 0.428233, -0.327385, -0.84228, 0.006725, 0.0, 0.0, 0.0, 1.0],
                [0.782412, 0.600801, 0.163918, 0.139275, 0.45219, -0.729059, 0.513805, -0.002831, 0.428201, -0.327885, -0.842102, 0.006725, 0.0, 0.0, 0.0, 1.0],
                [0.782451, 0.600845, 0.16357, 0.139275, 0.452152, -0.728798, 0.514208, -0.002831, 0.428169, -0.328384, -0.841924, 0.006725, 0.0, 0.0, 0.0, 1.0],
                [0.78249, 0.600888, 0.163223, 0.139275, 0.452115, -0.728539, 0.514608, -0.002831, 0.428136, -0.32888, -0.841747, 0.006725, 0.0, 0.0, 0.0, 1.0],
                [0.782529, 0.600931, 0.162879, 0.139275, 0.452078, -0.728281, 0.515006, -0.002831, 0.428105, -0.329373, -0.84157, 0.006725, 0.0, 0.0, 0.0, 1.0],
                [0.782567, 0.600972, 0.162538, 0.139275, 0.452041, -0.728025, 0.515399, -0.002831, 0.428073, -0.329861, -0.841395, 0.006725, 0.0, 0.0, 0.0, 1.0],
                [0.782606, 0.601014, 0.1622, 0.139275, 0.452005, -0.727773, 0.515789, -0.002831, 0.428041, -0.330343, -0.841222, 0.006725, 0.0, 0.0, 0.0, 1.0],
                [0.782644, 0.601054, 0.161868, 0.139275, 0.451968, -0.727523, 0.516172, -0.002831, 0.42801, -0.330819, -0.841051, 0.006725, 0.0, 0.0, 0.0, 1.0],
                [0.782681, 0.601093, 0.16154, 0.139275, 0.451933, -0.727277, 0.516549, -0.002831, 0.427979, -0.331288, -0.840882, 0.006725, 0.0, 0.0, 0.0, 1.0],
                [0.782718, 0.601131, 0.161219, 0.139275, 0.451897, -0.727036, 0.51692, -0.002831, 0.427949, -0.331748, -0.840716, 0.006725, 0.0, 0.0, 0.0, 1.0],
                [0.782754, 0.601169, 0.160903, 0.139275, 0.451863, -0.726799, 0.517282, -0.002831, 0.427919, -0.332198, -0.840553, 0.006725, 0.0, 0.0, 0.0, 1.0],
                [0.78279, 0.601205, 0.160596, 0.139275, 0.451829, -0.726569, 0.517636, -0.002831, 0.42789, -0.332638, -0.840394, 0.006725, 0.0, 0.0, 0.0, 1.0],
                [0.782825, 0.60124, 0.160296, 0.139275, 0.451796, -0.726343, 0.517981, -0.002831, 0.427861, -0.333067, -0.840238, 0.006725, 0.0, 0.0, 0.0, 1.0],
                [0.782858, 0.601273, 0.160005, 0.139275, 0.451764, -0.726124, 0.518316, -0.002831, 0.427833, -0.333483, -0.840088, 0.006725, 0.0, 0.0, 0.0, 1.0],
                [0.782891, 0.601305, 0.159724, 0.139275, 0.451733, -0.725913, 0.518639, -0.002831, 0.427807, -0.333885, -0.839942, 0.006725, 0.0, 0.0, 0.0, 1.0],
                [0.782923, 0.601336, 0.159452, 0.139275, 0.451702, -0.725709, 0.518951, -0.002831, 0.42778, -0.334274, -0.8398, 0.006725, 0.0, 0.0, 0.0, 1.0],
                [0.782953, 0.601365, 0.159191, 0.139275, 0.451673, -0.725512, 0.519251, -0.002831, 0.427755, -0.334647, -0.839665, 0.006725, 0.0, 0.0, 0.0, 1.0],
                [0.782983, 0.601393, 0.158941, 0.139275, 0.451645, -0.725324, 0.519539, -0.002831, 0.427731, -0.335004, -0.839534, 0.006725, 0.0, 0.0, 0.0, 1.0],
                [0.783011, 0.60142, 0.158703, 0.139275, 0.451618, -0.725144, 0.519812, -0.002831, 0.427708, -0.335345, -0.83941, 0.006725, 0.0, 0.0, 0.0, 1.0],
                [0.783037, 0.601445, 0.158477, 0.139275, 0.451593, -0.724974, 0.520072, -0.002831, 0.427686, -0.335668, -0.839292, 0.006725, 0.0, 0.0, 0.0, 1.0],
                [0.783062, 0.601468, 0.158264, 0.139275, 0.451569, -0.724814, 0.520316, -0.002831, 0.427665, -0.335972, -0.839181, 0.006725, 0.0, 0.0, 0.0, 1.0],
                [0.783086, 0.60149, 0.158064, 0.139275, 0.451547, -0.724664, 0.520544, -0.002831, 0.427646, -0.336257, -0.839077, 0.006725, 0.0, 0.0, 0.0, 1.0],
                [0.783108, 0.60151, 0.157879, 0.139275, 0.451526, -0.724524, 0.520757, -0.002831, 0.427628, -0.336522, -0.83898, 0.006725, 0.0, 0.0, 0.0, 1.0],
                [0.783128, 0.601528, 0.157709, 0.139275, 0.451506, -0.724396, 0.520952, -0.002831, 0.427611, -0.336765, -0.838891, 0.006725, 0.0, 0.0, 0.0, 1.0],
                [0.783147, 0.601545, 0.157554, 0.139275, 0.451489, -0.724279, 0.52113, -0.002831, 0.427596, -0.336987, -0.838809, 0.006725, 0.0, 0.0, 0.0, 1.0],
                [0.783163, 0.60156, 0.157414, 0.139275, 0.451473, -0.724174, 0.521289, -0.002831, 0.427583, -0.337186, -0.838736, 0.006725, 0.0, 0.0, 0.0, 1.0],
                [0.783178, 0.601573, 0.157292, 0.139275, 0.451459, -0.724082, 0.52143, -0.002831, 0.42757, -0.337361, -0.838672, 0.006725, 0.0, 0.0, 0.0, 1.0],
                [0.78319, 0.601584, 0.157186, 0.139275, 0.451447, -0.724002, 0.521551, -0.002831, 0.42756, -0.337512, -0.838616, 0.006725, 0.0, 0.0, 0.0, 1.0],
                [0.783201, 0.601593, 0.157098, 0.139275, 0.451437, -0.723936, 0.521651, -0.002831, 0.427551, -0.337637, -0.838571, 0.006725, 0.0, 0.0, 0.0, 1.0],
                [0.783209, 0.601601, 0.157029, 0.139275, 0.451429, -0.723884, 0.521731, -0.002831, 0.427544, -0.337737, -0.838534, 0.006725, 0.0, 0.0, 0.0, 1.0],
                [0.783215, 0.601606, 0.156978, 0.139275, 0.451423, -0.723845, 0.521789, -0.002831, 0.427539, -0.337809, -0.838508, 0.006725, 0.0, 0.0, 0.0, 1.0],
                [0.783219, 0.601609, 0.156947, 0.139275, 0.45142, -0.723822, 0.521824, -0.002831, 0.427537, -0.337853, -0.838491, 0.006725, 0.0, 0.0, 0.0, 1.0],
                [0.78322, 0.60161, 0.156937, 0.139275, 0.451419, -0.723814, 0.521836, -0.002831, 0.427535, -0.337868, -0.838486, 0.006725, 0.0, 0.0, 0.0, 1.0]
            ]
        },
        {
            "name": "Leg_R",
            "time": [0.0, 0.0167, 0.0333, 0.05, 0.0667, 0.0833, 0.1, 0.1167, 0.1333, 0.15, 0.1667, 0.1833, 0.2, 0.2167, 0.2333, 0.25, 0.2667, 0.2833, 0.3, 0.3167, 0.3333, 0.35, 0.3667, 0.3833, 0.4, 0.4167, 0.4333, 0.45, 0.4667, 0.4833, 0.5, 0.5167, 0.5333, 0.55, 0.5667, 0.5833, 0.6, 0.6167, 0.6333, 0.65, 0.6667, 0.6833, 0.7, 0.7167, 0.7333, 0.75, 0.7667, 0.7833, 0.8, 0.8167, 0.8333, 0.85, 0.8667, 0.8833, 0.9, 0.9167, 0.9333, 0.95, 0.9667, 0.9833, 1.0, 1.0167, 1.0333, 1.05, 1.0667, 1.0833, 1.1, 1.1167, 1.1333, 1.15, 1.1667, 1.1833, 1.2, 1.2167, 1.2333, 1.25, 1.2667, 1.2833, 1.3, 1.3167, 1.3333, 1.35, 1.3667, 1.3833, 1.4, 1.4167, 1.4333, 1.45, 1.4667, 1.4833, 1.5, 1.5167, 1.5333, 1.55, 1.5667, 1.5833, 1.6, 1.6167, 1.6333, 1.65, 1.6667, 1.6833, 1.7, 1.7167, 1.7333, 1.75, 1.7667, 1.7833, 1.8, 1.8167, 1.8333, 1.85, 1.8667, 1.8833, 1.9, 1.9167, 1.9333, 1.95, 1.9667, 1.9833, 2.0],
            "transform": [
                [1.0, -0.0, 1e-06, -0.0, -0.0, 0.686751, 0.726894, 0.374726, -1e-06, -0.726897, 0.686746, -0.0, 0.0, 0.0, 0.0, 1.0],
                [1.0, -1e-06, 1e-06, 0.0, -0.0, 0.68673, 0.726913, 0.374726, -1e-06, -0.726916, 0.686725, 0.0, 0.0, 0.0, 0.0, 1.0],
                [1.0, -1e-06, 1e-06, -0.0, -0.0, 0.686672, 0.726968, 0.374726, -1e-06, -0.726971, 0.686667, 0.0, 0.0, 0.0, 0.0, 1.0],
                [1.0, -1e-06, 1e-06, -0.0, -0.0, 0.686577, 0.727058, 0.374726, -1e-06, -0.727061, 0.686572, 0.0, 0.0, 0.0, 0.0, 1.0],
                [1.0, -1e-06, 1e-06, -0.0, -0.0, 0.686445, 0.727183, 0.374726, -1e-06, -0.727186, 0.68644, 0.0, 0.0, 0.0, 0.0, 1.0],
                [1.0, -0.0, 1e-06, 0.0, -0.0, 0.686278, 0.727339, 0.374726, -1e-06, -0.727342, 0.686274, 0.0, 0.0, 0.0, 0.0, 1.0],
                [1.000001, -0.0, 1e-06, 0.0, -0.0, 0.68608, 0.727527, 0.374726, -1e-06, -0.72753, 0.686075, 0.0, 0.0, 0.0, 0.0, 1.0],
