{
    "animation": [
        {
            "name": "Root",
            "time": [0.0, 0.0167, 0.0333, 0.05, 0.0667, 0.0833, 0.1, 0.1167, 0.1333, 0.15, 0.1667, 0.1833, 0.2, 0.2167, 0.2333, 0.25, 0.2667, 0.2833, 0.3, 0.3167, 0.3333, 0.35, 0.3667, 0.3833, 0.4, 0.4167, 0.4333, 0.45, 0.4667, 0.4833, 0.5, 0.5167, 0.5333, 0.55, 0.5667, 0.5833, 0.6, 0.6167, 0.6333, 0.65, 0.6667, 0.6833, 0.7, 0.7167, 0.7333, 0.75, 0.7667, 0.7833, 0.8, 0.8167, 0.8333],
            "transform": [
                [1.0, 0.0, 0.0, -5e-06, 0.0, 0.038442, -0.999261, 0.116242, 0.0, 0.999261, 0.038442, 0.613337, 0.0, 0.0, 0.0, 1.0],
                [0.999997, -8.8e-05, 0.002291, -5e-06, 0.002293, 0.038442, -0.999258, 0.124191, 0.0, 0.999261, 0.038442, 0.614226, 0.0, 0.0, 0.0, 1.0],
                [0.99996, -0.000343, 0.008906, -5e-06, 0.008912, 0.03844, -0.999221, 0.14723, 0.0, 0.999261, 0.038442, 0.617026, 0.0, 0.0, 0.0, 1.0],
                [0.99981, -0.000749, 0.019459, -5e-06, 0.019473, 0.038434, -0.999071, 0.184144, 0.0, 0.999261, 0.038442, 0.621942, 0.0, 0.0, 0.0, 1.0],
                [0.999436, -0.001291, 0.033566, -5e-06, 0.033591, 0.03842, -0.998697, 0.233718, 0.0, 0.999261, 0.038442, 0.629176, 0.0, 0.0, 0.0, 1.0],
                [0.998705, -0.001956, 0.05084, -5e-06, 0.050877, 0.038392, -0.997967, 0.294739, 0.0, 0.999261, 0.038442, 0.638932, 0.0, 0.0, 0.0, 1.0],
                [0.997481, -0.002727, 0.070886, -5e-06, 0.070938, 0.038345, -0.996743, 0.365991, 0.0, 0.999261, 0.038442, 0.651413, 0.0, 0.0, 0.0, 1.0],
                [0.995632, -0.003589, 0.093301, -5e-06, 0.09337, 0.038274, -0.994896, 0.446334, 0.0, 0.999261, 0.038442, 0.666832, 0.0, 0.0, 0.0, 1.0],
                [0.993042, -0.004527, 0.117672, -5e-06, 0.117759, 0.038174, -0.992308, 0.534925, -0.0, 0.999261, 0.038442, 0.685444, 0.0, 0.0, 0.0, 1.0],
                [0.989624, -0.005523, 0.143578, -5e-06, 0.143684, 0.038043, -0.988892, 0.630994, -0.0, 0.999261, 0.038442, 0.707515, 0.0, 0.0, 0.0, 1.0],
                [0.98532, -0.006563, 0.170589, -5e-06, 0.170716, 0.037877, -0.984592, 0.733773, -0.0, 0.999261, 0.038442, 0.733311, 0.0, 0.0, 0.0, 1.0],
                [0.980117, -0.007628, 0.198274, -5e-06, 0.19842, 0.037677, -0.979393, 0.84249, -0.0, 0.999261, 0.038442, 0.763096, 0.0, 0.0, 0.0, 1.0],
                [0.974042, -0.008702, 0.226199, -5e-06, 0.226366, 0.037444, -0.973322, 0.956377, 0.0, 0.999261, 0.038442, 0.797137, 0.0, 0.0, 0.0, 1.0],
                [0.967171, -0.009769, 0.253939, -5e-06, 0.254127, 0.03718, -0.966456, 1.074405, -0.0, 0.999261, 0.038442, 0.835662, 0.0, 0.0, 0.0, 1.0],
                [0.959624, -0.010813, 0.281079, -5e-06, 0.281287, 0.03689, -0.958914, 1.194506, -0.0, 0.999261, 0.038442, 0.878755, 0.0, 0.0, 0.0, 1.0],
                [0.951566, -0.011819, 0.307218, -5e-06, 0.307446, 0.03658, -0.950862, 1.314354, 0.0, 0.999261, 0.038442, 0.926464, 0.0, 0.0, 0.0, 1.0],
                [0.943201, -0.012771, 0.331976, -5e-06, 0.332221, 0.036258, -0.942504, 1.431622, -0.0, 0.999261, 0.038442, 0.978835, 0.0, 0.0, 0.0, 1.0],
                [0.93477, -0.013657, 0.354991, -5e-06, 0.355253, 0.035934, -0.934079, 1.543982, -0.0, 0.999261, 0.038442, 1.035916, 0.0, 0.0, 0.0, 1.0],
                [0.926538, -0.014462, 0.375923, -5e-06, 0.376201, 0.035618, -0.925853, 1.649107, 0.0, 0.999261, 0.038442, 1.097754, 0.0, 0.0, 0.0, 1.0],
                [0.91879, -0.015175, 0.394454, -5e-06, 0.394746, 0.03532, -0.918111, 1.745636, 0.0, 0.999261, 0.038442, 1.164532, 0.0, 0.0, 0.0, 1.0],
                [0.911823, -0.015784, 0.41028, -5e-06, 0.410583, 0.035052, -0.911149, 1.836061, -0.0, 0.999261, 0.038442, 1.236972, 0.0, 0.0, 0.0, 1.0],
                [0.905934, -0.016277, 0.423106, -5e-06, 0.423419, 0.034826, -0.905264, 1.92384, 0.0, 0.999261, 0.038442, 1.315931, 0.0, 0.0, 0.0, 1.0],
                [0.901411, -0.016644, 0.432644, -5e-06, 0.432964, 0.034652, -0.900745, 2.012433, 0.0, 0.999261, 0.038442, 1.402269, 0.0, 0.0, 0.0, 1.0],
                [0.898525, -0.016873, 0.438597, -5e-06, 0.438921, 0.034541, -0.897861, 2.105296, -0.0, 0.999261, 0.038442, 1.496843, 0.0, 0.0, 0.0, 1.0],
                [0.897517, -0.016952, 0.440655, -5e-06, 0.44098, 0.034502, -0.896853, 2.205889, -0.0, 0.999261, 0.038442, 1.600511, 0.0, 0.0, 0.0, 1.0],
                [0.897517, -0.016952, 0.440655, -5e-06, 0.440981, 0.034502, -0.896853, 2.313959, -0.0, 0.999261, 0.038442, 1.712027, 0.0, 0.0, 0.0, 1.0],
                [0.897517, -0.016952, 0.440655, -5e-06, 0.440981, 0.034502, -0.896853, 2.414422, -0.0, 0.999261, 0.038442, 1.821729, 0.0, 0.0, 0.0, 1.0],
                [0.897517, -0.016952, 0.440655, -5e-06, 0.44098, 0.034502, -0.896853, 2.488483, -0.0, 0.999261, 0.038442, 1.91785, 0.0, 0.0, 0.0, 1.0],
                [0.897517, -0.016952, 0.440655, -5e-06, 0.440981, 0.034502, -0.896853, 2.517346, -0.0, 0.999261, 0.038442, 1.988626, 0.0, 0.0, 0.0, 1.0],
                [0.897517, -0.016952, 0.440655, -5e-06, 0.44098, 0.034502, -0.896853, 2.466889, -0.0, 0.999261, 0.038442, 2.028296, 0.0, 0.0, 0.0, 1.0],
                [0.897517, -0.016952, 0.440654, -5e-06, 0.44098, 0.034502, -0.896853, 2.416433, -0.0, 0.999261, 0.038442, 2.055125, 0.0, 0.0, 0.0, 1.0],
                [0.897517, -0.016952, 0.440654, -5e-06, 0.44098, 0.034502, -0.896853, 2.436598, -0.0, 0.999261, 0.038442, 2.088862, 0.0, 0.0, 0.0, 1.0],
                [0.897517, -0.016952, 0.440655, -5e-06, 0.44098, 0.034502, -0.896853, 2.491333, -0.0, 0.999261, 0.038442, 2.131173, 0.0, 0.0, 0.0, 1.0],
                [0.897517, -0.016952, 0.440655, -5e-06, 0.44098, 0.034502, -0.896853, 2.571995, -0.0, 0.999261, 0.038442, 2.179201, 0.0, 0.0, 0.0, 1.0],
                [0.897517, -0.016952, 0.440654, -5e-06, 0.44098, 0.034502, -0.896853, 2.669942, -0.0, 0.999261, 0.038442, 2.230091, 0.0, 0.0, 0.0, 1.0],
                [0.897517, -0.016952, 0.440654, -5e-06, 0.44098, 0.034502, -0.896853, 2.776531, -0.0, 0.999261, 0.038442, 2.280987, 0.0, 0.0, 0.0, 1.0],
                [0.897517, -0.016952, 0.440655, -5e-06, 0.44098, 0.034502, -0.896853, 2.88312, -0.0, 0.999261, 0.038442, 2.329032, 0.0, 0.0, 0.0, 1.0],
                [0.897517, -0.016952, 0.440655, -5e-06, 0.44098, 0.034502, -0.896853, 2.981066, -0.0, 0.999261, 0.038442, 2.371373, 0.0, 0.0, 0.0, 1.0],
                [0.897517, -0.016952, 0.440654, -5e-06, 0.44098, 0.034502, -0.896853, 3.061728, -0.0, 0.999261, 0.038442, 2.405152, 0.0, 0.0, 0.0, 1.0],
                [0.897517, -0.016952, 0.440654, -5e-06, 0.44098, 0.034502, -0.896853, 3.116463, -0.0, 0.999261, 0.038442, 2.427513, 0.0, 0.0, 0.0, 1.0],
                [0.897517, -0.016952, 0.440655, -5e-06, 0.44098, 0.034502, -0.896853, 3.136629, -0.0, 0.999261, 0.038442, 2.435602, 0.0, 0.0, 0.0, 1.0],
                [0.897517, -0.016952, 0.440655, -5e-06, 0.44098, 0.034502, -0.896853, 3.136629, -0.0, 0.999261, 0.038442, 2.435602, 0.0, 0.0, 0.0, 1.0],
                [0.897517, -0.016952, 0.440654, -5e-06, 0.44098, 0.034502, -0.896853, 3.136629, -0.0, 0.999261, 0.038442, 2.435602, 0.0, 0.0, 0.0, 1.0],
                [0.897517, -0.016952, 0.440654, -5e-06, 0.44098, 0.034502, -0.896853, 3.136629, -0.0, 0.999261, 0.038442, 2.435602, 0.0, 0.0, 0.0, 1.0],
                [0.897517, -0.016952, 0.440655, -5e-06, 0.44098, 0.034502, -0.896853, 3.136629, -0.0, 0.999261, 0.038442, 2.435602, 0.0, 0.0, 0.0, 1.0],
                [0.897517, -0.016952, 0.440655, -5e-06, 0.44098, 0.034502, -0.896853, 3.136629, -0.0, 0.999261, 0.038442, 2.435602, 0.0, 0.0, 0.0, 1.0],
                [0.897517, -0.016952, 0.440654, -5e-06, 0.44098, 0.034502, -0.896853, 3.136629, -0.0, 0.999261, 0.038442, 2.435602, 0.0, 0.0, 0.0, 1.0],
                [0.897517, -0.016952, 0.440654, -5e-06, 0.44098, 0.034502, -0.896853, 3.136629, -0.0, 0.999261, 0.038442, 2.435602, 0.0, 0.0, 0.0, 1.0],
                [0.897517, -0.016952, 0.440655, -5e-06, 0.44098, 0.034502, -0.896853, 3.136629, -0.0, 0.999261, 0.038442, 2.435602, 0.0, 0.0, 0.0, 1.0],
                [0.897517, -0.016952, 0.440655, -5e-06, 0.44098, 0.034502, -0.896853, 3.136629, -0.0, 0.999261, 0.038442, 2.435602, 0.0, 0.0, 0.0, 1.0],
                [0.897517, -0.016952, 0.440654, -5e-06, 0.44098, 0.034502, -0.896853, 3.136629, -0.0, 0.999261, 0.038442, 2.435602, 0.0, 0.0, 0.0, 1.0]
            ]
        },
        {
            "name": "Thigh_R",
            "time": [0.0, 0.0167, 0.0333, 0.05, 0.0667, 0.0833, 0.1, 0.1167, 0.1333, 0.15, 0.1667, 0.1833, 0.2, 0.2167, 0.2333, 0.25, 0.2667, 0.2833, 0.3, 0.3167, 0.3333, 0.35, 0.3667, 0.3833, 0.4, 0.4167, 0.4333, 0.45, 0.4667, 0.4833, 0.5, 0.5167, 0.5333, 0.55, 0.5667, 0.5833, 0.6, 0.6167, 0.6333, 0.65, 0.6667, 0.6833, 0.7, 0.7167, 0.7333, 0.75, 0.7667, 0.7833, 0.8, 0.8167, 0.8333],
            "transform": [
                [0.906791, 0.295566, 0.300616, 0.124994, 0.279575, -0.955315, 0.095949, -0.002831, 0.315543, -0.002961, -0.948907, -1.2e-05, 0.0, 0.0, 0.0, 1.0],
                [0.919757, 0.290522, 0.263903, 0.124994, 0.263018, -0.955299, 0.134987, -0.002831, 0.291323, -0.054744, -0.955057, -1.2e-05, 0.0, 0.0, 0.0, 1.0],
                [0.947192, 0.262698, 0.183895, 0.124994, 0.220921, -0.950255, 0.219562, -0.002831, 0.232426, -0.167341, -0.95811, -1.2e-05, 0.0, 0.0, 0.0, 1.0],
                [0.972731, 0.207872, 0.102876, 0.124994, 0.165932, -0.933615, 0.317532, -0.002831, 0.162053, -0.291802, -0.942651, -1.2e-05, 0.0, 0.0, 0.0, 1.0],
                [0.988362, 0.144306, 0.04813, 0.124994, 0.112087, -0.904745, 0.410939, -0.002831, 0.102846, -0.40076, -0.910392, -1.2e-05, 0.0, 0.0, 0.0, 1.0],
                [0.994934, 0.096897, 0.026773, 0.124994, 0.071981, -0.872586, 0.483126, -0.002831, 0.070175, -0.478751, -0.875141, -1.2e-05, 0.0, 0.0, 0.0, 1.0],
                [0.995919, 0.084607, 0.031385, 0.124994, 0.056188, -0.853542, 0.517984, -0.002831, 0.070613, -0.514106, -0.854814, -1.2e-05, 0.0, 0.0, 0.0, 1.0],
                [0.994114, 0.095906, 0.050394, 0.124994, 0.057475, -0.861155, 0.505081, -0.002831, 0.091838, -0.49921, -0.8616, -1.2e-05, 0.0, 0.0, 0.0, 1.0],
                [0.990998, 0.108382, 0.078584, 0.124994, 0.061575, -0.890243, 0.451304, -0.002831, 0.118872, -0.442401, -0.888904, -1.2e-05, 0.0, 0.0, 0.0, 1.0],
                [0.986226, 0.11834, 0.115561, 0.124994, 0.068536, -0.928224, 0.36565, -0.002831, 0.150538, -0.352692, -0.923551, -1.2e-05, 0.0, 0.0, 0.0, 1.0],
                [0.979413, 0.122614, 0.160362, 0.124994, 0.078446, -0.963138, 0.257311, -0.002831, 0.186001, -0.239433, -0.95293, -1.2e-05, 0.0, 0.0, 0.0, 1.0],
                [0.970128, 0.119157, 0.211312, 0.124994, 0.091344, -0.98637, 0.136849, -0.002831, 0.224739, -0.113459, -0.967791, -1.2e-05, 0.0, 0.0, 0.0, 1.0],
                [0.957863, 0.107913, 0.266185, 0.124994, 0.107187, -0.994087, 0.017299, -0.002831, 0.266477, 0.011962, -0.963767, -1.2e-05, 0.0, 0.0, 0.0, 1.0],
                [0.942011, 0.091438, 0.322883, 0.124994, 0.125846, -0.988199, -0.087301, -0.002831, 0.311091, 0.122872, -0.942404, -1.2e-05, 0.0, 0.0, 0.0, 1.0],
                [0.922028, 0.070915, 0.380573, 0.124994, 0.147271, -0.973415, -0.175413, -0.002831, 0.358016, 0.217783, -0.907962, -1.2e-05, 0.0, 0.0, 0.0, 1.0],
                [0.897744, 0.048917, 0.437793, 0.124994, 0.171514, -0.954206, -0.245091, -0.002831, 0.405756, 0.295116, -0.865026, -1.2e-05, 0.0, 0.0, 0.0, 1.0],
                [0.869974, 0.036725, 0.491727, 0.124994, 0.198598, -0.938859, -0.281244, -0.002831, 0.451335, 0.34233, -0.824078, -1.2e-05, 0.0, 0.0, 0.0, 1.0],
                [0.841428, 0.048375, 0.5382, 0.124994, 0.228229, -0.934603, -0.272812, -0.002831, 0.489806, 0.352383, -0.797443, -1.2e-05, 0.0, 0.0, 0.0, 1.0],
                [0.817397, 0.070038, 0.5718, 0.124994, 0.259213, -0.931137, -0.256498, -0.002831, 0.51446, 0.357877, -0.779265, -1.2e-05, 0.0, 0.0, 0.0, 1.0],
                [0.804065, 0.081959, 0.588865, 0.124994, 0.288435, -0.919861, -0.265816, -0.002831, 0.519889, 0.383582, -0.76327, -1.2e-05, 0.0, 0.0, 0.0, 1.0],
                [0.80291, 0.078257, 0.590941, 0.124994, 0.310721, -0.900957, -0.302864, -0.002831, 0.508712, 0.426789, -0.747705, -1.2e-05, 0.0, 0.0, 0.0, 1.0],
                [0.811455, 0.064826, 0.580808, 0.124994, 0.322053, -0.87891, -0.351846, -0.002831, 0.487669, 0.472557, -0.734075, -1.2e-05, 0.0, 0.0, 0.0, 1.0],
                [0.825891, 0.05467, 0.561174, 0.124994, 0.321206, -0.863609, -0.388593, -0.002831, 0.463391, 0.501186, -0.730809, -1.2e-05, 0.0, 0.0, 0.0, 1.0],
                [0.842897, 0.061966, 0.534495, 0.124994, 0.309355, -0.868566, -0.387156, -0.002831, 0.440254, 0.49168, -0.751283, -1.1e-05, 0.0, 0.0, 0.0, 1.0],
                [0.860349, 0.094767, 0.500817, 0.124994, 0.288864, -0.900193, -0.325897, -0.002831, 0.419948, 0.425052, -0.801856, -1.2e-05, 0.0, 0.0, 0.0, 1.0],
                [0.87582, 0.148175, 0.45933, 0.124995, 0.264684, -0.943285, -0.200386, -0.002831, 0.403587, 0.297078, -0.865368, -1.2e-05, 0.0, 0.0, 0.0, 1.0],
                [0.888142, 0.200438, 0.413556, 0.124994, 0.242065, -0.968958, -0.050226, -0.002831, 0.390652, 0.144715, -0.909093, -1.2e-05, 0.0, 0.0, 0.0, 1.0],
                [0.897345, 0.23406, 0.374148, 0.124994, 0.22289, -0.972065, 0.073534, -0.002831, 0.380908, 0.017408, -0.92445, -1.2e-05, 0.0, 0.0, 0.0, 1.0],
                [0.901526, 0.239514, 0.360393, 0.124994, 0.208204, -0.970197, 0.123963, -0.00283, 0.379343, -0.036721, -0.924528, -1.1e-05, 0.0, 0.0, 0.0, 1.0],
                [0.901838, 0.24484, 0.356007, 0.124994, 0.198704, -0.966667, 0.161459, -0.00283, 0.383673, -0.07487, -0.920429, -1.2e-05, 0.0, 0.0, 0.0, 1.0],
                [0.896629, 0.235328, 0.375069, 0.124994, 0.193667, -0.97018, 0.145743, -0.00283, 0.398182, -0.058039, -0.915469, -1.2e-05, 0.0, 0.0, 0.0, 1.0],
                [0.872541, 0.18585, 0.451809, 0.124994, 0.192771, -0.980748, 0.031148, -0.002831, 0.4489, 0.059918, -0.891571, -1.2e-05, 0.0, 0.0, 0.0, 1.0],
                [0.83185, 0.133374, 0.538736, 0.124994, 0.192882, -0.979661, -0.055291, -0.00283, 0.520405, 0.149905, -0.840659, -1.3e-05, 0.0, 0.0, 0.0, 1.0],
                [0.795565, 0.133265, 0.59103, 0.124994, 0.191796, -0.980734, -0.037033, -0.00283, 0.574708, 0.142819, -0.8058, -1.1e-05, 0.0, 0.0, 0.0, 1.0],
                [0.773778, 0.131594, 0.619638, 0.124994, 0.190871, -0.981156, -0.02998, -0.00283, 0.604016, 0.141468, -0.784316, -1.2e-05, 0.0, 0.0, 0.0, 1.0],
                [0.762759, 0.128926, 0.633701, 0.124994, 0.191094, -0.981099, -0.030407, -0.00283, 0.617803, 0.144289, -0.772981, -1.1e-05, 0.0, 0.0, 0.0, 1.0],
                [0.757234, 0.125777, 0.640918, 0.124994, 0.192518, -0.980667, -0.035005, -0.002831, 0.624125, 0.149895, -0.766811, -1.2e-05, 0.0, 0.0, 0.0, 1.0],
                [0.754134, 0.122641, 0.645167, 0.124994, 0.194838, -0.979957, -0.041464, -0.002831, 0.627152, 0.156972, -0.762916, -1.2e-05, 0.0, 0.0, 0.0, 1.0],
                [0.752089, 0.120018, 0.648042, 0.124994, 0.197649, -0.979093, -0.048054, -0.002831, 0.628727, 0.164225, -0.760088, -1.2e-05, 0.0, 0.0, 0.0, 1.0],
                [0.750633, 0.118434, 0.650018, 0.124994, 0.200501, -0.978241, -0.0533, -0.002832, 0.629563, 0.170337, -0.758048, -1.2e-05, 0.0, 0.0, 0.0, 1.0],
                [0.749749, 0.118445, 0.651036, 0.124994, 0.2029, -0.977607, -0.055805, -0.00283, 0.629847, 0.173935, -0.756994, -1.2e-05, 0.0, 0.0, 0.0, 1.0],
                [0.746179, 0.116578, 0.655458, 0.124994, 0.202077, -0.977757, -0.056145, -0.002831, 0.634335, 0.174347, -0.753142, -1.2e-05, 0.0, 0.0, 0.0, 1.0],
                [0.737897, 0.109685, 0.665941, 0.124994, 0.196265, -0.978936, -0.056234, -0.00283, 0.645746, 0.172195, -0.743882, -1.1e-05, 0.0, 0.0, 0.0, 1.0],
                [0.726374, 0.098878, 0.68015, 0.124994, 0.186535, -0.980814, -0.056623, -0.00283, 0.661502, 0.168001, -0.730884, -1.2e-05, 0.0, 0.0, 0.0, 1.0],
                [0.712714, 0.085326, 0.696246, 0.124994, 0.17406, -0.983042, -0.057703, -0.00283, 0.679515, 0.162314, -0.715481, -1.2e-05, 0.0, 0.0, 0.0, 1.0],
                [0.697901, 0.130908, 0.704128, 0.124994, 0.160091, -0.98679, 0.024784, -0.002831, 0.698072, 0.095427, -0.709641, -1.2e-05, 0.0, 0.0, 0.0, 1.0],
                [0.682956, 0.145343, 0.715853, 0.124994, 0.145913, -0.987397, 0.061269, -0.00283, 0.715737, 0.062607, -0.695558, -1.1e-05, 0.0, 0.0, 0.0, 1.0],
                [0.669008, 0.149183, 0.72813, 0.124994, 0.132804, -0.987876, 0.080381, -0.00283, 0.731294, 0.042922, -0.68071, -1.2e-05, 0.0, 0.0, 0.0, 1.0],
                [0.657312, 0.148667, 0.738809, 0.124994, 0.122, -0.988408, 0.090351, -0.00283, 0.743677, 0.030746, -0.667831, -1.2e-05, 0.0, 0.0, 0.0, 1.0],
                [0.649237, 0.146765, 0.746291, 0.124994, 0.11468, -0.988876, 0.094705, -0.002831, 0.75189, 0.024099, -0.658848, -1.2e-05, 0.0, 0.0, 0.0, 1.0],
                [0.646223, 0.145738, 0.749104, 0.124994, 0.111987, -0.989078, 0.095819, -0.00283, 0.754887, 0.021969, -0.655487, -1.1e-05, 0.0, 0.0, 0.0, 1.0]
            ]
        },
        {
            "name": "Leg_R",
            "time": [0.0, 0.0167, 0.0333, 0.05, 0.0667, 0.0833, 0.1, 0.1167, 0.1333, 0.15, 0.1667, 0.1833, 0.2, 0.2167, 0.2333, 0.25, 0.2667, 0.2833, 0.3, 0.3167, 0.3333, 0.35, 0.3667, 0.3833, 0.4, 0.4167, 0.4333, 0.45, 0.4667, 0.4833, 0.5, 0.5167, 0.5333, 0.55, 0.5667, 0.5833, 0.6, 0.6167, 0.6333, 0.65, 0.6667, 0.6833, 0.7, 0.7167, 0.7333, 0.75, 0.7667, 0.7833, 0.8, 0.8167, 0.8333],
            "transform": [
                [1.0, -0.0, 1e-06, -0.0, -0.0, 0.834725, 0.550672, 0.374726, -1e-06, -0.550675, 0.834717, 0.0, 0.0, 0.0, 0.0, 1.0],
                [1.0, -1e-06, 1e-06, -0.0, -0.0, 0.783486, 0.621412, 0.374726, -1e-06, -0.621415, 0.783479, -0.0, 0.0, 0.0, 0.0, 1.0],
                [1.0, -1e-06, 1e-06, -0.0, -0.0, 0.659375, 0.751815, 0.374726, -1e-06, -0.751817, 0.659371, 0.0, 0.0, 0.0, 0.0, 1.0],
                [1.0, -1e-06, 1e-06, -0.0, -0.0, 0.506662, 0.862144, 0.374726, -1e-06, -0.862147, 0.506659, -0.0, 0.0, 0.0, 0.0, 1.0],
                [1.0, -1e-06, 1e-06, -0.0, -0.0, 0.361871, 0.932228, 0.374726, -1e-06, -0.93223, 0.361869, -0.0, 0.0, 0.0, 0.0, 1.0],
                [1.000001, -1e-06, 0.0, -0.0, -0.0, 0.250004, 0.968244, 0.374726, -1e-06, -0.968246, 0.250002, -0.0, 0.0, 0.0, 0.0, 1.0],
                [1.0, -1e-06, 0.0, 0.0, -0.0, 0.187572, 0.98225, 0.374726, -1e-06, -0.982252, 0.187571, -0.0, 0.0, 0.0, 0.0, 1.0],
                [1.0, -1e-06, 0.0, -0.0, -0.0, 0.183814, 0.98296, 0.374726, -1e-06, -0.982962, 0.183813, 0.0, 0.0, 0.0, 0.0, 1.0],
                [1.0, -1e-06, 0.0, 0.0, -0.0, 0.231038, 0.972943, 0.374726, -1e-06, -0.972945, 0.231037, -0.0, 0.0, 0.0, 0.0, 1.0],
                [1.0, -1e-06, 1e-06, 0.0, -0.0, 0.321106, 0.947043, 0.374726, -1e-06, -0.947045, 0.321103, -0.0, 0.0, 0.0, 0.0, 1.0],
                [1.000001, -1e-06, 1e-06, 0.0, -0.0, 0.444122, 0.895967, 0.374726, -1e-06, -0.895969, 0.444119, -0.0, 0.0, 0.0, 0.0, 1.0],
                [1.0, -1e-06, 1e-06, -0.0, -0.0, 0.585085, 0.810972, 0.374726, -1e-06, -0.810975, 0.58508, -0.0, 0.0, 0.0, 0.0, 1.0],
                [1.0, -1e-06, 1e-06, -0.0, -0.0, 0.722759, 0.691102, 0.374726, -1e-06, -0.691105, 0.722753, 0.0, 0.0, 0.0, 0.0, 1.0],
                [1.0, -0.0, 1e-06, -0.0, -0.0, 0.834901, 0.550406, 0.374726, -1e-06, -0.550409, 0.834893, 0.0, 0.0, 0.0, 0.0, 1.0],
                [1.0, -0.0, 1e-06, -0.0, 0.0, 0.914582, 0.404411, 0.374726, -1e-06, -0.404413, 0.914572, -0.0, 0.0, 0.0, 0.0, 1.0],
                [1.0, -0.0, 1e-06, 0.0, -0.0, 0.961387, 0.275218, 0.374726, -1e-06, -0.27522, 0.961376, -0.0, 0.0, 0.0, 0.0, 1.0],
                [1.0, -0.0, 1e-06, 0.0, -0.0, 0.977053, 0.213015, 0.374726, -1e-06, -0.213017, 0.977044, -0.0, 0.0, 0.0, 0.0, 1.0],
                [1.0, -0.0, 1e-06, 0.0, -0.0, 0.965605, 0.26003, 0.374726, -1e-06, -0.260032, 0.965596, -0.0, 0.0, 0.0, 0.0, 1.0],
                [1.0, -0.0, 1e-06, 0.0, -0.0, 0.934875, 0.354987, 0.374726, -1e-06, -0.35499, 0.934866, 0.0, 0.0, 0.0, 0.0, 1.0],
                [1.0, -0.0, 1e-06, 0.0, -0.0, 0.898274, 0.439444, 0.374726, -1e-06, -0.439447, 0.898265, -0.0, 0.0, 0.0, 0.0, 1.0],
                [1.0, -0.0, 1e-06, -0.0, -0.0, 0.868558, 0.495593, 0.374726, -1e-06, -0.495596, 0.86855, 0.0, 0.0, 0.0, 0.0, 1.0],
                [1.000001, -0.0, 1e-06, -0.0, -0.0, 0.847211, 0.531262, 0.374726, -1e-06, -0.531265, 0.847203, -0.0, 0.0, 0.0, 0.0, 1.0],
                [1.0, -0.0, 1e-06, 0.0, -0.0, 0.822474, 0.568808, 0.374726, -1e-06, -0.568811, 0.822465, 0.0, 0.0, 0.0, 0.0, 1.0],
                [1.0, -0.0, 1e-06, 0.0, -0.0, 0.774281, 0.632844, 0.374726, -1e-06, -0.632847, 0.774275, 0.0, 0.0, 0.0, 0.0, 1.0],
                [1.0, -1e-06, 1e-06, 0.0, -0.0, 0.685582, 0.727997, 0.374726, -1e-06, -0.728, 0.685577, 0.0, 0.0, 0.0, 0.0, 1.0],
                [1.000001, -1e-06, 1e-06, 0.0, -0.0, 0.568521, 0.822668, 0.374727, -1e-06, -0.822672, 0.568517, -0.0, 0.0, 0.0, 0.0, 1.0],
                [1.000001, -1e-06, 1e-06, -0.0, -0.0, 0.483106, 0.875562, 0.374726, -1e-06, -0.875564, 0.483103, 1e-06, 0.0, 0.0, 0.0, 1.0],
                [1.000001, -1e-06, 1e-06, 0.0, -0.0, 0.481144, 0.876641, 0.374726, -1e-06, -0.876644, 0.481141, 0.0, 0.0, 0.0, 0.0, 1.0],
                [1.000001, -1e-06, 1e-06, -0.0, -0.0, 0.58369, 0.811976, 0.374726, -1e-06, -0.811979, 0.583687, 0.0, 0.0, 0.0, 0.0, 1.0],
                [1.000001, -0.0, 1e-06, 0.0, -0.0, 0.71714, 0.69693, 0.374726, -1e-06, -0.696933, 0.717135, 0.0, 0.0, 0.0, 0.0, 1.0],
                [1.0, -0.0, 1e-06, -0.0, -0.0, 0.854335, 0.519726, 0.374726, -1e-06, -0.519729, 0.854328, 0.0, 0.0, 0.0, 0.0, 1.0],
                [1.0, -0.0, 1e-06, 0.0, -0.0, 0.971133, 0.238555, 0.374726, -1e-06, -0.238556, 0.971124, 1e-06, 0.0, 0.0, 0.0, 1.0],
                [1.000001, 0.0, 1e-06, 0.0, 0.0, 0.999994, 0.004698, 0.374726, -1e-06, -0.004698, 0.999984, 0.0, 0.0, 0.0, 0.0, 1.0],
                [1.000001, -0.0, 1e-06, -0.0, 0.0, 0.999994, 0.004716, 0.374726, -1e-06, -0.004716, 0.999984, 0.0, 0.0, 0.0, 0.0, 1.0],
                [1.000001, -0.0, 1e-06, 0.0, -0.0, 0.999994, 0.004728, 0.374726, -1e-06, -0.004728, 0.999984, 0.0, 0.0, 0.0, 0.0, 1.0],
                [1.0, -0.0, 1e-06, 0.0, -0.0, 0.999994, 0.004734, 0.374726, -1e-06, -0.004735, 0.999983, 0.0, 0.0, 0.0, 0.0, 1.0],
                [1.000001, -0.0, 1e-06, -0.0, 0.0, 0.999994, 0.004736, 0.374727, -1e-06, -0.004737, 0.999984, -0.0, 0.0, 0.0, 0.0, 1.0],
                [1.0, -0.0, 1e-06, 0.0, -0.0, 0.999994, 0.004735, 0.374726, -1e-06, -0.004735, 0.999983, -0.0, 0.0, 0.0, 0.0, 1.0],
                [1.000001, 0.0, 1e-06, -0.0, 0.0, 0.999994, 0.00473, 0.374726, -1e-06, -0.004731, 0.999983, 0.0, 0.0, 0.0, 0.0, 1.0],
                [1.0, 0.0, 1e-06, -0.0, 0.0, 0.999994, 0.004724, 0.374726, -1e-06, -0.004724, 0.999984, 0.0, 0.0, 0.0, 0.0, 1.0],
                [1.000001, 0.0, 1e-06, 0.0, 0.0, 0.999994, 0.004715, 0.374727, -1e-06, -0.004715, 0.999983, -0.0, 0.0, 0.0, 0.0, 1.0],
                [1.0, -0.0, 1e-06, 0.0, 0.0, 0.999994, 0.004706, 0.374726, -1e-06, -0.004706, 0.999984, -0.0, 0.0, 0.0, 0.0, 1.0],
                [1.000001, 0.0, 1e-06, 0.0, -0.0, 0.999994, 0.004697, 0.374727, -1e-06, -0.004697, 0.999984, -0.0, 0.0, 0.0, 0.0, 1.0],
                [1.000001, 0.0, 1e-06, 0.0, 0.0, 0.999994, 0.004689, 0.374727, -1e-06, -0.004689, 0.999984, -0.0, 0.0, 0.0, 0.0, 1.0],
                [1.000001, 0.0, 1e-06, 0.0, 0.0, 0.999994, 0.004681, 0.374726, -1e-06, -0.004682, 0.999985, 0.0, 0.0, 0.0, 0.0, 1.0],
                [1.000001, -0.0, 1e-06, -0.0, -0.0, 0.984605, 0.174815, 0.374726, -1e-06, -0.174816, 0.984597, 0.0, 0.0, 0.0, 0.0, 1.0],
                [1.000001, -0.0, 1e-06, 0.0, -0.0, 0.96778, 0.251815, 0.374726, -1e-06, -0.251817, 0.967771, 0.0, 0.0, 0.0, 0.0, 1.0],
                [1.000001, -0.0, 1e-06, -0.0, -0.0, 0.95564, 0.294552, 0.374726, -1e-06, -0.294553, 0.955631, 0.0, 0.0, 0.0, 0.0, 1.0],
                [1.000001, -0.0, 1e-06, 0.0, -0.0, 0.947736, 0.319068, 0.374726, -1e-06, -0.31907, 0.947727, -1e-06, 0.0, 0.0, 0.0, 1.0],
                [1.0, -0.0, 1e-06, -0.0, -0.0, 0.943498, 0.331389, 0.374727, -1e-06, -0.331391, 0.943489, 0.0, 0.0, 0.0, 0.0, 1.0],
                [1.000001, -0.0, 1e-06, 0.0, -0.0, 0.942202, 0.335055, 0.374726, -1e-06, -0.335057, 0.942194, -0.0, 0.0, 0.0, 0.0, 1.0]
            ]
        },
        {
            "name": "Knee_R",
            "time": [0.0, 0.8333],
            "transform": [
                [1.0, 0.0, -0.0, -0.0, -0.0, 0.00567, -0.999984, 0.379793, -0.0, 0.999984, 0.00567, -2.9e-05, 0.0, 0.0, 0.0, 1.0],
                [1.0, 0.0, -0.0, 0.0, -0.0, 0.00567, -0.999984, 0.374726, -0.0, 0.999984, 0.00567, -0.0, 0.0, 0.0, 0.0, 1.0]
            ]
        },
        {
            "name": "Thigh_L",
            "time": [0.0, 0.0167, 0.0333, 0.05, 0.0667, 0.0833, 0.1, 0.1167, 0.1333, 0.15, 0.1667, 0.1833, 0.2, 0.2167, 0.2333, 0.25, 0.2667, 0.2833, 0.3, 0.3167, 0.3333, 0.35, 0.3667, 0.3833, 0.4, 0.4167, 0.4333, 0.45, 0.4667, 0.4833, 0.5, 0.5167, 0.5333, 0.55, 0.5667, 0.5833, 0.6, 0.6167, 0.6333, 0.65, 0.6667, 0.6833, 0.7, 0.7167, 0.7333, 0.75, 0.7667, 0.7833, 0.8, 0.8167, 0.8333],
            "transform": [
                [0.89153, -0.3843, -0.239764, -0.125006, -0.155985, -0.757426, 0.634014, -0.002831, -0.425255, -0.527842, -0.735214, -1.2e-05, 0.0, 0.0, 0.0, 1.0],
                [0.89983, -0.383416, -0.208081, -0.125006, -0.165504, -0.741372, 0.650366, -0.002831, -0.403626, -0.55078, -0.730566, -1.2e-05, 0.0, 0.0, 0.0, 1.0],
                [0.917729, -0.374428, -0.132576, -0.125006, -0.187992, -0.703463, 0.685419, -0.002831, -0.349902, -0.604106, -0.715977, -1.2e-05, 0.0, 0.0, 0.0, 1.0],
                [0.934977, -0.352065, -0.04321, -0.125006, -0.214047, -0.657146, 0.722733, -0.002831, -0.282844, -0.666489, -0.689775, -1.2e-05, 0.0, 0.0, 0.0, 1.0],
                [0.947057, -0.318653, 0.039288, -0.125006, -0.236927, -0.611037, 0.755314, -0.002831, -0.216677, -0.724633, -0.654184, -1.2e-05, 0.0, 0.0, 0.0, 1.0],
                [0.954506, -0.279082, 0.105029, -0.125006, -0.252796, -0.570535, 0.781399, -0.002831, -0.158151, -0.7724, -0.61513, -1.2e-05, 0.0, 0.0, 0.0, 1.0],
                [0.959695, -0.237257, 0.150645, -0.125006, -0.259226, -0.540223, 0.800601, -0.002831, -0.108566, -0.807384, -0.579952, -1.2e-05, 0.0, 0.0, 0.0, 1.0],
                [0.96461, -0.195487, 0.176953, -0.125006, -0.255269, -0.524178, 0.81245, -0.002831, -0.066068, -0.828867, -0.555529, -1.2e-05, 0.0, 0.0, 0.0, 1.0],
                [0.969434, -0.1547, 0.190433, -0.125006, -0.243846, -0.521684, 0.817549, -0.002831, -0.027129, -0.838995, -0.543461, -1.2e-05, 0.0, 0.0, 0.0, 1.0],
                [0.973501, -0.11549, 0.197377, -0.125006, -0.228437, -0.531081, 0.815947, -0.002831, 0.01059, -0.839413, -0.543389, -1.2e-05, 0.0, 0.0, 0.0, 1.0],
                [0.976119, -0.078424, 0.202583, -0.125006, -0.211858, -0.549844, 0.807953, -0.002831, 0.048026, -0.831577, -0.553329, -1.2e-05, 0.0, 0.0, 0.0, 1.0],
                [0.97687, -0.043852, 0.209288, -0.125006, -0.196121, -0.573767, 0.79519, -0.002831, 0.085213, -0.817843, -0.569096, -1.2e-05, 0.0, 0.0, 0.0, 1.0],
                [0.975644, -0.011555, 0.219055, -0.125006, -0.182505, -0.596777, 0.781376, -0.002831, 0.121698, -0.802323, -0.584351, -1.2e-05, 0.0, 0.0, 0.0, 1.0],
                [0.972603, 0.01958, 0.231646, -0.125006, -0.171505, -0.612247, 0.771841, -0.002831, 0.156938, -0.790423, -0.592115, -1.2e-05, 0.0, 0.0, 0.0, 1.0],
                [0.968098, 0.051261, 0.245273, -0.125006, -0.162444, -0.616894, 0.770098, -0.002831, 0.190784, -0.785374, -0.588887, -1.2e-05, 0.0, 0.0, 0.0, 1.0],
                [0.962441, 0.084973, 0.257848, -0.125006, -0.154623, -0.609099, 0.777875, -0.002831, 0.223154, -0.788528, -0.573084, -1.2e-05, 0.0, 0.0, 0.0, 1.0],
                [0.955903, 0.121865, 0.267205, -0.125006, -0.147546, -0.587402, 0.795731, -0.002831, 0.253929, -0.800066, -0.543519, -1.2e-05, 0.0, 0.0, 0.0, 1.0],
                [0.948729, 0.162453, 0.271149, -0.125006, -0.140881, -0.550589, 0.822803, -0.002831, 0.282958, -0.818816, -0.499473, -1.2e-05, 0.0, 0.0, 0.0, 1.0],
                [0.941165, 0.205872, 0.268001, -0.125006, -0.134466, -0.499423, 0.85586, -0.002831, 0.310044, -0.841542, -0.442356, -1.2e-05, 0.0, 0.0, 0.0, 1.0],
                [0.933473, 0.248265, 0.258831, -0.125006, -0.128513, -0.44222, 0.887652, -0.002831, 0.334833, -0.861861, -0.380895, -1.2e-05, 0.0, 0.0, 0.0, 1.0],
                [0.925993, 0.283084, 0.249799, -0.125006, -0.123969, -0.396975, 0.909418, -0.002831, 0.356606, -0.873082, -0.332502, -1.2e-05, 0.0, 0.0, 0.0, 1.0],
                [0.919145, 0.307805, 0.245822, -0.125006, -0.121622, -0.371805, 0.920309, -0.002831, 0.374674, -0.875794, -0.304307, -1.2e-05, 0.0, 0.0, 0.0, 1.0],
                [0.913343, 0.325607, 0.244509, -0.125006, -0.121885, -0.354328, 0.927143, -0.002831, 0.388521, -0.876602, -0.283937, -1.2e-05, 0.0, 0.0, 0.0, 1.0],
                [0.908936, 0.341859, 0.238681, -0.125006, -0.124853, -0.323021, 0.93812, -0.002831, 0.397804, -0.88249, -0.250923, -1.1e-05, 0.0, 0.0, 0.0, 1.0],
                [0.906175, 0.353252, 0.232507, -0.125006, -0.130327, -0.289764, 0.948183, -0.002831, 0.40232, -0.889522, -0.216539, -1.2e-05, 0.0, 0.0, 0.0, 1.0],
                [0.904058, 0.347406, 0.248976, -0.125006, -0.135847, -0.318759, 0.938051, -0.002831, 0.405248, -0.881874, -0.240983, -1.1e-05, 0.0, 0.0, 0.0, 1.0],
                [0.901618, 0.319895, 0.291121, -0.125006, -0.137774, -0.425603, 0.894361, -0.002831, 0.410003, -0.84648, -0.339658, -1.2e-05, 0.0, 0.0, 0.0, 1.0],
                [0.899121, 0.275536, 0.340089, -0.125006, -0.134994, -0.564549, 0.814286, -0.002831, 0.416362, -0.778052, -0.470402, -1.2e-05, 0.0, 0.0, 0.0, 1.0],
                [0.896695, 0.22793, 0.379455, -0.125006, -0.12833, -0.68656, 0.715659, -0.00283, 0.423639, -0.690423, -0.586384, -1.1e-05, 0.0, 0.0, 0.0, 1.0],
                [0.894889, 0.153947, 0.418894, -0.125006, -0.122772, -0.817484, 0.562714, -0.002831, 0.429067, -0.554995, -0.712658, -1.2e-05, 0.0, 0.0, 0.0, 1.0],
                [0.893899, 0.075964, 0.441786, -0.125006, -0.118664, -0.910279, 0.396624, -0.00283, 0.432278, -0.406965, -0.804683, -1.2e-05, 0.0, 0.0, 0.0, 1.0],
                [0.893167, 0.035107, 0.448352, -0.125006, -0.115186, -0.945835, 0.303526, -0.002831, 0.434723, -0.322743, -0.840745, -1.2e-05, 0.0, 0.0, 0.0, 1.0],
                [0.892666, -0.010603, 0.450593, -0.125006, -0.112738, -0.973197, 0.200444, -0.00283, 0.43639, -0.229729, -0.869936, -1.3e-05, 0.0, 0.0, 0.0, 1.0],
                [0.892343, -0.088596, 0.442577, -0.125006, -0.111092, -0.993492, 0.02511, -0.002831, 0.437473, -0.071573, -0.896379, -1.2e-05, 0.0, 0.0, 0.0, 1.0],
                [0.892153, -0.087613, 0.443155, -0.125006, -0.110084, -0.993603, 0.02518, -0.002831, 0.438114, -0.071248, -0.896091, -1.2e-05, 0.0, 0.0, 0.0, 1.0],
                [0.892059, -0.087128, 0.44344, -0.125006, -0.109586, -0.993657, 0.025215, -0.00283, 0.43843, -0.071088, -0.89595, -1.1e-05, 0.0, 0.0, 0.0, 1.0],
                [0.892027, -0.087041, 0.443521, -0.125006, -0.109496, -0.993667, 0.025217, -0.002831, 0.438517, -0.071058, -0.895909, -1.2e-05, 0.0, 0.0, 0.0, 1.0],
                [0.892026, -0.087263, 0.443481, -0.125006, -0.109728, -0.993642, 0.025191, -0.002831, 0.438463, -0.071133, -0.89593, -1.1e-05, 0.0, 0.0, 0.0, 1.0],
                [0.892022, -0.087714, 0.4434, -0.125006, -0.110196, -0.993592, 0.025135, -0.00283, 0.438354, -0.071282, -0.895971, -1.2e-05, 0.0, 0.0, 0.0, 1.0],
                [0.891983, -0.088314, 0.443358, -0.125006, -0.110821, -0.993524, 0.025053, -0.002831, 0.438274, -0.071481, -0.895995, -1.2e-05, 0.0, 0.0, 0.0, 1.0],
                [0.891877, -0.055493, 0.448861, -0.125006, -0.111517, -0.988785, 0.099339, -0.00283, 0.438314, -0.138654, -0.888063, -1.2e-05, 0.0, 0.0, 0.0, 1.0],
                [0.891352, -0.028103, 0.45244, -0.125006, -0.112178, -0.980708, 0.160085, -0.002831, 0.439213, -0.193446, -0.877309, -1.2e-05, 0.0, 0.0, 0.0, 1.0],
                [0.890123, -0.012626, 0.455545, -0.125006, -0.112752, -0.974639, 0.193302, -0.00283, 0.441551, -0.223426, -0.868972, -1.2e-05, 0.0, 0.0, 0.0, 1.0],
                [0.888209, -0.001968, 0.459434, -0.125006, -0.113249, -0.970073, 0.214786, -0.00283, 0.445262, -0.242805, -0.861851, -1.2e-05, 0.0, 0.0, 0.0, 1.0],
                [0.885596, 0.00591, 0.464418, -0.125006, -0.113677, -0.966749, 0.229071, -0.00283, 0.45033, -0.255658, -0.855478, -1.2e-05, 0.0, 0.0, 0.0, 1.0],
                [0.882272, 0.011945, 0.470587, -0.125006, -0.114044, -0.964473, 0.238296, -0.002831, 0.456715, -0.26391, -0.849566, -1.2e-05, 0.0, 0.0, 0.0, 1.0],
                [0.878291, 0.016674, 0.477835, -0.125006, -0.114359, -0.963058, 0.243805, -0.00283, 0.464248, -0.268776, -0.843938, -1.2e-05, 0.0, 0.0, 0.0, 1.0],
                [0.87386, 0.020384, 0.48575, -0.125006, -0.114622, -0.962319, 0.246586, -0.00283, 0.472473, -0.271159, -0.838596, -1.2e-05, 0.0, 0.0, 0.0, 1.0],
                [0.869475, 0.023168, 0.493432, -0.125006, -0.114826, -0.962058, 0.247507, -0.00283, 0.480444, -0.27186, -0.833825, -1.2e-05, 0.0, 0.0, 0.0, 1.0],
                [0.866017, 0.024951, 0.499391, -0.125006, -0.11496, -0.962063, 0.247424, -0.002831, 0.48662, -0.271684, -0.830294, -1.2e-05, 0.0, 0.0, 0.0, 1.0],
                [0.864626, 0.025572, 0.501764, -0.125006, -0.115007, -0.962113, 0.247209, -0.00283, 0.489075, -0.27145, -0.828927, -1.2e-05, 0.0, 0.0, 0.0, 1.0]
            ]
        },
        {
            "name": "Leg_L",
            "time": [0.0, 0.0167, 0.0333, 0.05, 0.0667, 0.0833, 0.1, 0.1167, 0.1333, 0.15, 0.1667, 0.1833, 0.2, 0.2167, 0.2333, 0.25, 0.2667, 0.2833, 0.3, 0.3167, 0.3333, 0.35, 0.3667, 0.3833, 0.4, 0.4167, 0.4333, 0.45, 0.4667, 0.4833, 0.5, 0.5167, 0.5333, 0.55, 0.5667, 0.5833, 0.6, 0.6167, 0.6333, 0.65, 0.6667, 0.6833, 0.7, 0.7167, 0.7333, 0.75, 0.7667, 0.7833, 0.8, 0.8167, 0.8333],
            "transform": [
                [1.0, -0.0, 1e-06, -0.0, -0.0, 0.745423, 0.666592, 0.374726, -1e-06, -0.666592, 0.745423, 0.0, 0.0, 0.0, 0.0, 1.0],
                [1.0, -0.0, 1e-06, -0.0, -0.0, 0.708661, 0.705549, 0.374726, -1e-06, -0.705549, 0.70866, 0.0, 0.0, 0.0, 0.0, 1.0],
                [1.0, -1e-06, 1e-06, 0.0, -0.0, 0.616463, 0.787384, 0.374726, -1e-06, -0.787384, 0.616464, 0.0, 0.0, 0.0, 0.0, 1.0],
                [1.000001, -1e-06, 1e-06, 0.0, -0.0, 0.496165, 0.868229, 0.374726, -1e-06, -0.868228, 0.496164, 0.0, 0.0, 0.0, 0.0, 1.0],
                [1.0, -1e-06, 0.0, -0.0, -0.0, 0.372949, 0.927853, 0.374726, -1e-06, -0.927852, 0.372949, 0.0, 0.0, 0.0, 0.0, 1.0],
                [1.0, -1e-06, 1e-06, -0.0, -0.0, 0.268451, 0.963294, 0.374726, -1e-06, -0.963294, 0.268451, 0.0, 0.0, 0.0, 0.0, 1.0],
                [1.0, -1e-06, 0.0, 0.0, -0.0, 0.201267, 0.979537, 0.374726, -1e-06, -0.979536, 0.201267, -0.0, 0.0, 0.0, 0.0, 1.0],
                [1.0, -1e-06, 0.0, 0.0, -0.0, 0.183762, 0.982971, 0.374726, -1e-06, -0.98297, 0.183762, -0.0, 0.0, 0.0, 0.0, 1.0],
                [1.0, -1e-06, 0.0, 0.0, -0.0, 0.208106, 0.978106, 0.374726, -1e-06, -0.978106, 0.208106, 0.0, 0.0, 0.0, 0.0, 1.0],
                [1.0, -1e-06, 0.0, 0.0, -0.0, 0.262427, 0.964953, 0.374726, -1e-06, -0.964952, 0.262426, 0.0, 0.0, 0.0, 0.0, 1.0],
                [1.0, -1e-06, 0.0, -0.0, -0.0, 0.334191, 0.942506, 0.374726, -1e-06, -0.942505, 0.334191, 0.0, 0.0, 0.0, 0.0, 1.0],
                [1.0, -1e-06, 1e-06, -0.0, -0.0, 0.408918, 0.912571, 0.374726, -1e-06, -0.912571, 0.408918, 0.0, 0.0, 0.0, 0.0, 1.0],
                [1.0, -1e-06, 1e-06, 0.0, -0.0, 0.46993, 0.882704, 0.374726, -1e-06, -0.882703, 0.46993, -0.0, 0.0, 0.0, 0.0, 1.0],
                [1.000001, -1e-06, 1e-06, 0.0, -0.0, 0.503167, 0.86419, 0.374726, -1e-06, -0.864189, 0.503167, -0.0, 0.0, 0.0, 0.0, 1.0],
                [1.0, -1e-06, 1e-06, 0.0, -0.0, 0.510932, 0.859621, 0.374726, -1e-06, -0.859621, 0.510932, 0.0, 0.0, 0.0, 0.0, 1.0],
                [1.0, -1e-06, 1e-06, 0.0, -0.0, 0.50061, 0.865673, 0.374726, -1e-06, -0.865673, 0.50061, 0.0, 0.0, 0.0, 0.0, 1.0],
                [1.000001, -1e-06, 1e-06, -0.0, -0.0, 0.480679, 0.876897, 0.374726, -1e-06, -0.876897, 0.480678, 0.0, 0.0, 0.0, 0.0, 1.0],
                [1.0, -1e-06, 1e-06, 0.0, -0.0, 0.461908, 0.886929, 0.374726, -1e-06, -0.886928, 0.461907, -0.0, 0.0, 0.0, 0.0, 1.0],
                [1.000001, -1e-06, 1e-06, 0.0, -0.0, 0.460035, 0.887901, 0.374726, -1e-06, -0.887901, 0.460035, -0.0, 0.0, 0.0, 0.0, 1.0],
                [1.0, -1e-06, 1e-06, -0.0, -0.0, 0.494272, 0.869308, 0.374726, -1e-06, -0.869307, 0.494272, -0.0, 0.0, 0.0, 0.0, 1.0],
                [1.0, -1e-06, 1e-06, -0.0, -0.0, 0.563462, 0.826142, 0.374726, -1e-06, -0.826143, 0.563462, -0.0, 0.0, 0.0, 0.0, 1.0],
                [1.0, -1e-06, 1e-06, 0.0, -0.0, 0.641595, 0.767043, 0.374726, -1e-06, -0.767043, 0.641595, 0.0, 0.0, 0.0, 0.0, 1.0],
                [1.000001, -1e-06, 1e-06, -0.0, -0.0, 0.682286, 0.731085, 0.374726, -1e-06, -0.731086, 0.682286, 1e-06, 0.0, 0.0, 0.0, 1.0],
                [1.0, -1e-06, 1e-06, 0.0, -0.0, 0.633781, 0.773513, 0.374726, -1e-06, -0.773512, 0.633781, 0.0, 0.0, 0.0, 0.0, 1.0],
                [1.0, -1e-06, 1e-06, 0.0, -0.0, 0.468019, 0.883719, 0.374726, -1e-06, -0.883718, 0.468019, 0.0, 0.0, 0.0, 0.0, 1.0],
                [1.000001, -1e-06, 0.0, -0.0, -0.0, 0.279109, 0.96026, 0.374726, -1e-06, -0.960259, 0.279109, 0.0, 0.0, 0.0, 0.0, 1.0],
                [1.000001, -1e-06, 0.0, 0.0, -0.0, 0.195748, 0.980654, 0.374726, -1e-06, -0.980654, 0.195748, 0.0, 0.0, 0.0, 0.0, 1.0],
                [1.0, -1e-06, 0.0, -0.0, -0.0, 0.24563, 0.969364, 0.374726, -1e-06, -0.969364, 0.24563, 0.0, 0.0, 0.0, 0.0, 1.0],
                [1.0, -1e-06, 1e-06, 0.0, -0.0, 0.421964, 0.906613, 0.374726, -1e-06, -0.906613, 0.421964, -0.0, 0.0, 0.0, 0.0, 1.0],
                [1.000001, -1e-06, 1e-06, 0.0, -0.0, 0.576365, 0.817194, 0.374727, -1e-06, -0.817193, 0.576364, -0.0, 0.0, 0.0, 0.0, 1.0],
                [1.000001, -1e-06, 1e-06, -0.0, -0.0, 0.713505, 0.700651, 0.374726, -1e-06, -0.700651, 0.713504, 0.0, 0.0, 0.0, 0.0, 1.0],
                [1.000001, -0.0, 1e-06, -0.0, -0.0, 0.838996, 0.544138, 0.374726, -1e-06, -0.544138, 0.838995, -0.0, 0.0, 0.0, 0.0, 1.0],
                [1.000001, -0.0, 1e-06, -0.0, -0.0, 0.935747, 0.352671, 0.374726, -1e-06, -0.352671, 0.935747, -0.0, 0.0, 0.0, 0.0, 1.0],
                [1.000001, -0.0, 1e-06, -0.0, -0.0, 0.99999, 0.004681, 0.374726, -1e-06, -0.004681, 0.999989, -0.0, 0.0, 0.0, 0.0, 1.0],
                [1.000001, -0.0, 1e-06, -0.0, -0.0, 0.99999, 0.004694, 0.374726, -1e-06, -0.004694, 0.999989, -0.0, 0.0, 0.0, 0.0, 1.0],
                [1.000001, 0.0, 1e-06, 0.0, 0.0, 0.99999, 0.0047, 0.374727, -1e-06, -0.0047, 0.999989, 0.0, 0.0, 0.0, 0.0, 1.0],
                [1.0, 0.0, 1e-06, 0.0, -0.0, 0.999989, 0.004701, 0.374726, -1e-06, -0.004701, 0.999989, -0.0, 0.0, 0.0, 0.0, 1.0],
                [1.0, -0.0, 1e-06, -0.0, -0.0, 0.999989, 0.004698, 0.374726, -1e-06, -0.004698, 0.999989, -0.0, 0.0, 0.0, 0.0, 1.0],
                [1.000001, 0.0, 1e-06, 0.0, -0.0, 0.999989, 0.004692, 0.374726, -1e-06, -0.004692, 0.999989, 0.0, 0.0, 0.0, 0.0, 1.0],
                [1.000001, 0.0, 1e-06, -0.0, -0.0, 0.999989, 0.004685, 0.374726, -1e-06, -0.004685, 0.999988, -0.0, 0.0, 0.0, 0.0, 1.0],
                [1.000001, -0.0, 1e-06, 0.0, -0.0, 0.988064, 0.154048, 0.374727, -1e-06, -0.154048, 0.988063, -0.0, 0.0, 0.0, 0.0, 1.0],
                [1.0, -0.0, 1e-06, 0.0, -0.0, 0.961506, 0.274785, 0.374726, -1e-06, -0.274785, 0.961505, 0.0, 0.0, 0.0, 0.0, 1.0],
                [1.000001, -0.0, 1e-06, -0.0, -0.0, 0.940385, 0.340113, 0.374726, -1e-06, -0.340113, 0.940385, -0.0, 0.0, 0.0, 0.0, 1.0],
                [1.000001, -0.0, 1e-06, 0.0, -0.0, 0.924037, 0.382304, 0.374726, -1e-06, -0.382304, 0.924036, -0.0, 0.0, 0.0, 0.0, 1.0],
                [1.000001, -0.0, 1e-06, 0.0, -0.0, 0.911785, 0.410668, 0.374726, -1e-06, -0.410668, 0.911784, -0.0, 0.0, 0.0, 0.0, 1.0],
