{
    "animation": [
        {
            "name": "Root",
            "time": [0.0, 0.0167, 0.0333, 0.05, 0.0667, 0.0833, 0.1, 0.1167, 0.1333, 0.15, 0.1667, 0.1833, 0.2, 0.2167, 0.2333, 0.25, 0.2667, 0.2833, 0.3, 0.3167, 0.3333, 0.35, 0.3667, 0.3833, 0.4, 0.4167, 0.4333, 0.45, 0.4667, 0.4833, 0.5, 0.5167, 0.5333, 0.55, 0.5667, 0.5833, 0.6, 0.6167, 0.6333, 0.65, 0.6667],
            "transform": [
                [1.0, 0.0, 0.0, -5e-06, 0.0, 0.0, -1.0, 0.000946, 0.0, 1.0, 0.0, 0.754773, 0.0, 0.0, 0.0, 1.0],
                [1.0, 0.0, 0.0, -5e-06, 0.0, 0.0, -1.0, 0.000518, 0.0, 1.0, 0.0, 0.758357, 0.0, 0.0, 0.0, 1.0],
                [1.0, 0.0, 0.0, -5e-06, 0.0, 0.0, -1.0, -0.000644, 0.0, 1.0, 0.0, 0.768085, 0.0, 0.0, 0.0, 1.0],
                [1.0, 0.0, 0.0, -5e-06, 0.0, 0.0, -1.0, -0.002357, 0.0, 1.0, 0.0, 0.782422, 0.0, 0.0, 0.0, 1.0],
                [1.0, 0.0, 0.0, -5e-06, 0.0, 0.0, -1.0, -0.004437, 0.0, 1.0, 0.0, 0.79983, 0.0, 0.0, 0.0, 1.0],
                [1.0, 0.0, 0.0, -5e-06, 0.0, 0.0, -1.0, -0.0067, 0.0, 1.0, 0.0, 0.818775, 0.0, 0.0, 0.0, 1.0],
                [1.0, 0.0, 0.0, -5e-06, 0.0, 0.0, -1.0, -0.008964, 0.0, 1.0, 0.0, 0.837719, 0.0, 0.0, 0.0, 1.0],
                [1.0, 0.0, 0.0, -5e-06, 0.0, 0.0, -1.0, -0.011044, 0.0, 1.0, 0.0, 0.855128, 0.0, 0.0, 0.0, 1.0],
                [1.0, 0.0, 0.0, -5e-06, 0.0, 0.0, -1.0, -0.012757, 0.0, 1.0, 0.0, 0.869464, 0.0, 0.0, 0.0, 1.0],
                [1.0, 0.0, 0.0, -5e-06, 0.0, 0.0, -1.0, -0.013919, 0.0, 1.0, 0.0, 0.879193, 0.0, 0.0, 0.0, 1.0],
                [1.0, 0.0, 0.0, -5e-06, 0.0, 0.0, -1.0, -0.014347, 0.0, 1.0, 0.0, 0.882777, 0.0, 0.0, 0.0, 1.0],
                [1.0, 0.0, 0.0, -5e-06, 0.0, 0.0, -1.0, -0.014347, 0.0, 1.0, 0.0, 0.882777, 0.0, 0.0, 0.0, 1.0],
                [1.0, 0.0, 0.0, -5e-06, 0.0, 0.0, -1.0, -0.014347, 0.0, 1.0, 0.0, 0.882777, 0.0, 0.0, 0.0, 1.0],
                [1.0, 0.0, 0.0, -5e-06, 0.0, 0.0, -1.0, -0.014347, 0.0, 1.0, 0.0, 0.882777, 0.0, 0.0, 0.0, 1.0],
                [1.0, 0.0, 0.0, -5e-06, 0.0, 0.0, -1.0, -0.014347, 0.0, 1.0, 0.0, 0.882777, 0.0, 0.0, 0.0, 1.0],
                [1.0, 0.0, 0.0, -5e-06, 0.0, 0.0, -1.0, -0.014347, 0.0, 1.0, 0.0, 0.882777, 0.0, 0.0, 0.0, 1.0],
                [1.0, 0.0, 0.0, -5e-06, 0.0, 0.0, -1.0, -0.014347, 0.0, 1.0, 0.0, 0.882777, 0.0, 0.0, 0.0, 1.0],
                [1.0, 0.0, 0.0, -5e-06, 0.0, 0.0, -1.0, -0.014347, 0.0, 1.0, 0.0, 0.882777, 0.0, 0.0, 0.0, 1.0],
                [1.0, 0.0, 0.0, -5e-06, 0.0, 0.0, -1.0, -0.014347, 0.0, 1.0, 0.0, 0.882777, 0.0, 0.0, 0.0, 1.0],
                [1.0, 0.0, 0.0, -5e-06, 0.0, 0.0, -1.0, -0.014347, 0.0, 1.0, 0.0, 0.882777, 0.0, 0.0, 0.0, 1.0],
                [1.0, 0.0, 0.0, -5e-06, 0.0, 0.0, -1.0, -0.014347, 0.0, 1.0, 0.0, 0.882777, 0.0, 0.0, 0.0, 1.0],
                [1.0, 0.0, 0.0, -5e-06, 0.0, 0.0, -1.0, -0.014347, 0.0, 1.0, 0.0, 0.882777, 0.0, 0.0, 0.0, 1.0],
                [1.0, 0.0, 0.0, -5e-06, 0.0, 0.0, -1.0, -0.014347, 0.0, 1.0, 0.0, 0.882777, 0.0, 0.0, 0.0, 1.0],
                [1.0, 0.0, 0.0, -5e-06, 0.0, 0.0, -1.0, -0.014347, 0.0, 1.0, 0.0, 0.882777, 0.0, 0.0, 0.0, 1.0],
                [1.0, 0.0, 0.0, -5e-06, 0.0, 0.0, -1.0, -0.014347, 0.0, 1.0, 0.0, 0.882777, 0.0, 0.0, 0.0, 1.0],
                [1.0, 0.0, 0.0, -5e-06, 0.0, 0.0, -1.0, -0.014347, 0.0, 1.0, 0.0, 0.882777, 0.0, 0.0, 0.0, 1.0],
                [1.0, 0.0, 0.0, -5e-06, 0.0, 0.0, -1.0, -0.014347, 0.0, 1.0, 0.0, 0.882777, 0.0, 0.0, 0.0, 1.0],
                [1.0, 0.0, 0.0, -5e-06, 0.0, 0.0, -1.0, -0.014347, 0.0, 1.0, 0.0, 0.882777, 0.0, 0.0, 0.0, 1.0],
                [1.0, 0.0, 0.0, -5e-06, 0.0, 0.0, -1.0, -0.014347, 0.0, 1.0, 0.0, 0.882777, 0.0, 0.0, 0.0, 1.0],
                [1.0, 0.0, 0.0, -5e-06, 0.0, 0.0, -1.0, -0.014347, 0.0, 1.0, 0.0, 0.882777, 0.0, 0.0, 0.0, 1.0],
                [1.0, 0.0, 0.0, -5e-06, 0.0, 0.0, -1.0, -0.014347, 0.0, 1.0, 0.0, 0.882777, 0.0, 0.0, 0.0, 1.0],
                [1.0, 0.0, 0.0, -5e-06, 0.0, 0.0, -1.0, -0.013919, 0.0, 1.0, 0.0, 0.879193, 0.0, 0.0, 0.0, 1.0],
                [1.0, 0.0, 0.0, -5e-06, 0.0, 0.0, -1.0, -0.012757, 0.0, 1.0, 0.0, 0.869464, 0.0, 0.0, 0.0, 1.0],
                [1.0, 0.0, 0.0, -5e-06, 0.0, 0.0, -1.0, -0.011044, 0.0, 1.0, 0.0, 0.855128, 0.0, 0.0, 0.0, 1.0],
                [1.0, 0.0, 0.0, -5e-06, 0.0, 0.0, -1.0, -0.008964, 0.0, 1.0, 0.0, 0.837719, 0.0, 0.0, 0.0, 1.0],
                [1.0, 0.0, 0.0, -5e-06, 0.0, 0.0, -1.0, -0.0067, 0.0, 1.0, 0.0, 0.818775, 0.0, 0.0, 0.0, 1.0],
                [1.0, 0.0, 0.0, -5e-06, 0.0, 0.0, -1.0, -0.004437, 0.0, 1.0, 0.0, 0.79983, 0.0, 0.0, 0.0, 1.0],
                [1.0, 0.0, 0.0, -5e-06, 0.0, 0.0, -1.0, -0.002357, 0.0, 1.0, 0.0, 0.782422, 0.0, 0.0, 0.0, 1.0],
                [1.0, 0.0, 0.0, -5e-06, 0.0, 0.0, -1.0, -0.000644, 0.0, 1.0, 0.0, 0.768085, 0.0, 0.0, 0.0, 1.0],
                [1.0, 0.0, 0.0, -5e-06, 0.0, 0.0, -1.0, 0.000518, 0.0, 1.0, 0.0, 0.758357, 0.0, 0.0, 0.0, 1.0],
                [1.0, 0.0, 0.0, -5e-06, 0.0, 0.0, -1.0, 0.000946, 0.0, 1.0, 0.0, 0.754773, 0.0, 0.0, 0.0, 1.0]
            ]
        },
        {
            "name": "Thigh_R",
            "time": [0.0, 0.0167, 0.0333, 0.05, 0.0667, 0.0833, 0.1, 0.1167, 0.1333, 0.15, 0.1667, 0.1833, 0.2, 0.2167, 0.2333, 0.25, 0.2667, 0.2833, 0.3, 0.3167, 0.3333, 0.35, 0.3667, 0.3833, 0.4, 0.4167, 0.4333, 0.45, 0.4667, 0.4833, 0.5, 0.5167, 0.5333, 0.55, 0.5667, 0.5833, 0.6, 0.6167, 0.6333, 0.65, 0.6667],
            "transform": [
                [0.997384, 0.037838, -0.061588, 0.124994, 0.046544, -0.988084, 0.146701, -0.002831, -0.055303, -0.149183, -0.987262, -1.2e-05, 0.0, 0.0, 0.0, 1.0],
                [0.997557, 0.036603, -0.059493, 0.124994, 0.046886, -0.982204, 0.181862, -0.002831, -0.051777, -0.184207, -0.981523, -1.2e-05, 0.0, 0.0, 0.0, 1.0],
                [0.997966, 0.03539, -0.053027, 0.124994, 0.047778, -0.965874, 0.25456, -0.002831, -0.042208, -0.256575, -0.965602, -1.2e-05, 0.0, 0.0, 0.0, 1.0],
                [0.998402, 0.03674, -0.042944, 0.124994, 0.049014, -0.941181, 0.334324, -0.002831, -0.028135, -0.335894, -0.94148, -1.2e-05, 0.0, 0.0, 0.0, 1.0],
                [0.998666, 0.041386, -0.03086, 0.124994, 0.050411, -0.91061, 0.410178, -0.002831, -0.011126, -0.411186, -0.911483, -1.2e-05, 0.0, 0.0, 0.0, 1.0],
                [0.998629, 0.048985, -0.01844, 0.124994, 0.05184, -0.877022, 0.477643, -0.002831, 0.007225, -0.477943, -0.878361, -1.2e-05, 0.0, 0.0, 0.0, 1.0],
                [0.998253, 0.058689, -0.006833, 0.124994, 0.05356, -0.850008, 0.524038, -0.002831, 0.024947, -0.523487, -0.851668, -1.2e-05, 0.0, 0.0, 0.0, 1.0],
                [0.997626, 0.068816, 0.002612, 0.124994, 0.056352, -0.837574, 0.543408, -0.002831, 0.039583, -0.54197, -0.839465, -1.2e-05, 0.0, 0.0, 0.0, 1.0],
                [0.996949, 0.077497, 0.009308, 0.124994, 0.060001, -0.837163, 0.543651, -0.002831, 0.049924, -0.541433, -0.83926, -1.2e-05, 0.0, 0.0, 0.0, 1.0],
                [0.996426, 0.083395, 0.013406, 0.124994, 0.063321, -0.842555, 0.534874, -0.002831, 0.055901, -0.532113, -0.844826, -1.2e-05, 0.0, 0.0, 0.0, 1.0],
                [0.996223, 0.08555, 0.014866, 0.124994, 0.064752, -0.845993, 0.529247, -0.002831, 0.057854, -0.526284, -0.848338, -1.2e-05, 0.0, 0.0, 0.0, 1.0],
                [0.996223, 0.085542, 0.014911, 0.124994, 0.064738, -0.846141, 0.529011, -0.002831, 0.05787, -0.526046, -0.848485, -1.2e-05, 0.0, 0.0, 0.0, 1.0],
                [0.996223, 0.085522, 0.015032, 0.124994, 0.0647, -0.846545, 0.528369, -0.002831, 0.057912, -0.5254, -0.848882, -1.2e-05, 0.0, 0.0, 0.0, 1.0],
                [0.996223, 0.085491, 0.01521, 0.124994, 0.064645, -0.847139, 0.527423, -0.002831, 0.057975, -0.524447, -0.849467, -1.2e-05, 0.0, 0.0, 0.0, 1.0],
                [0.996223, 0.085453, 0.015427, 0.124994, 0.064578, -0.847861, 0.52627, -0.002831, 0.058051, -0.523285, -0.850178, -1.2e-05, 0.0, 0.0, 0.0, 1.0],
                [0.996223, 0.085411, 0.015662, 0.124994, 0.064505, -0.848646, 0.525012, -0.002831, 0.058133, -0.522017, -0.850951, -1.2e-05, 0.0, 0.0, 0.0, 1.0],
                [0.996222, 0.085368, 0.015898, 0.124994, 0.064432, -0.849432, 0.523748, -0.002831, 0.058216, -0.520745, -0.851725, -1.2e-05, 0.0, 0.0, 0.0, 1.0],
                [0.996222, 0.085329, 0.016114, 0.124994, 0.064365, -0.850154, 0.522584, -0.002831, 0.058291, -0.519571, -0.852436, -1.2e-05, 0.0, 0.0, 0.0, 1.0],
                [0.996222, 0.085296, 0.016292, 0.124994, 0.06431, -0.850748, 0.521622, -0.002831, 0.058353, -0.518603, -0.853022, -1.2e-05, 0.0, 0.0, 0.0, 1.0],
                [0.996222, 0.085274, 0.016413, 0.124994, 0.064273, -0.851152, 0.520968, -0.002831, 0.058395, -0.517944, -0.853419, -1.2e-05, 0.0, 0.0, 0.0, 1.0],
                [0.996222, 0.085266, 0.016458, 0.124994, 0.06426, -0.851301, 0.520726, -0.002831, 0.058411, -0.517701, -0.853566, -1.2e-05, 0.0, 0.0, 0.0, 1.0],
                [0.996222, 0.085274, 0.016413, 0.124994, 0.064273, -0.851152, 0.520968, -0.002831, 0.058395, -0.517944, -0.853419, -1.2e-05, 0.0, 0.0, 0.0, 1.0],
                [0.996222, 0.085296, 0.016292, 0.124994, 0.06431, -0.850748, 0.521622, -0.002831, 0.058353, -0.518603, -0.853021, -1.2e-05, 0.0, 0.0, 0.0, 1.0],
                [0.996222, 0.085329, 0.016114, 0.124994, 0.064365, -0.850154, 0.522584, -0.002831, 0.058291, -0.519571, -0.852436, -1.2e-05, 0.0, 0.0, 0.0, 1.0],
                [0.996222, 0.085368, 0.015898, 0.124994, 0.064432, -0.849432, 0.523748, -0.002831, 0.058216, -0.520745, -0.851725, -1.2e-05, 0.0, 0.0, 0.0, 1.0],
                [0.996222, 0.085411, 0.015662, 0.124994, 0.064505, -0.848646, 0.525011, -0.002831, 0.058133, -0.522017, -0.850951, -1.2e-05, 0.0, 0.0, 0.0, 1.0],
                [0.996223, 0.085453, 0.015427, 0.124994, 0.064578, -0.847861, 0.52627, -0.002831, 0.058051, -0.523285, -0.850178, -1.2e-05, 0.0, 0.0, 0.0, 1.0],
                [0.996223, 0.085491, 0.01521, 0.124994, 0.064645, -0.847139, 0.527423, -0.002831, 0.057975, -0.524446, -0.849467, -1.2e-05, 0.0, 0.0, 0.0, 1.0],
                [0.996223, 0.085522, 0.015032, 0.124994, 0.0647, -0.846545, 0.528369, -0.002831, 0.057912, -0.5254, -0.848882, -1.2e-05, 0.0, 0.0, 0.0, 1.0],
                [0.996223, 0.085542, 0.014911, 0.124994, 0.064738, -0.846141, 0.529011, -0.002831, 0.05787, -0.526046, -0.848485, -1.2e-05, 0.0, 0.0, 0.0, 1.0],
                [0.996223, 0.08555, 0.014866, 0.124994, 0.064752, -0.845993, 0.529247, -0.002831, 0.057854, -0.526283, -0.848338, -1.2e-05, 0.0, 0.0, 0.0, 1.0],
                [0.996426, 0.083367, 0.013604, 0.124994, 0.06386, -0.848899, 0.524682, -0.002831, 0.05529, -0.521937, -0.85119, -1.2e-05, 0.0, 0.0, 0.0, 1.0],
                [0.996941, 0.077522, 0.009915, 0.124994, 0.061561, -0.857098, 0.51146, -0.002831, 0.048148, -0.509284, -0.85925, -1.2e-05, 0.0, 0.0, 0.0, 1.0],
                [0.997597, 0.06918, 0.003761, 0.124994, 0.058486, -0.870001, 0.489567, -0.002831, 0.03714, -0.488169, -0.871958, -1.2e-05, 0.0, 0.0, 0.0, 1.0],
                [0.998208, 0.059639, -0.004886, 0.124994, 0.055237, -0.886959, 0.458531, -0.002831, 0.023013, -0.457978, -0.888665, -1.2e-05, 0.0, 0.0, 0.0, 1.0],
                [0.998609, 0.050298, -0.015778, 0.124994, 0.052286, -0.907006, 0.417856, -0.002831, 0.006706, -0.418099, -0.908377, -1.2e-05, 0.0, 0.0, 0.0, 1.0],
                [0.998697, 0.042534, -0.028188, 0.124994, 0.049923, -0.928734, 0.367368, -0.002831, -0.010554, -0.368296, -0.929649, -1.2e-05, 0.0, 0.0, 0.0, 1.0],
                [0.998464, 0.037487, -0.040801, 0.124994, 0.048252, -0.950255, 0.307709, -0.002831, -0.027236, -0.309205, -0.950605, -1.2e-05, 0.0, 0.0, 0.0, 1.0],
                [0.998019, 0.03572, -0.051777, 0.124994, 0.047224, -0.969221, 0.241613, -0.002831, -0.041553, -0.243579, -0.968991, -1.2e-05, 0.0, 0.0, 0.0, 1.0],
                [0.997577, 0.036675, -0.059113, 0.124994, 0.046702, -0.982857, 0.178346, -0.002831, -0.051559, -0.180674, -0.982191, -1.2e-05, 0.0, 0.0, 0.0, 1.0],
                [0.997384, 0.037838, -0.061588, 0.124994, 0.046544, -0.988084, 0.146701, -0.002831, -0.055303, -0.149183, -0.987262, -1.2e-05, 0.0, 0.0, 0.0, 1.0]
            ]
        },
        {
            "name": "Leg_R",
            "time": [0.0, 0.0167, 0.0333, 0.05, 0.0667, 0.0833, 0.1, 0.1167, 0.1333, 0.15, 0.1667, 0.1833, 0.2, 0.2167, 0.2333, 0.25, 0.2667, 0.2833, 0.3, 0.3167, 0.3333, 0.35, 0.3667, 0.3833, 0.4, 0.4167, 0.4333, 0.45, 0.4667, 0.4833, 0.5, 0.5167, 0.5333, 0.55, 0.5667, 0.5833, 0.6, 0.6167, 0.6333, 0.65, 0.6667],
            "transform": [
                [1.0, -0.0, 1e-06, 0.0, -0.0, 0.95539, 0.29536, 0.374726, -1e-06, -0.295362, 0.955381, -0.0, 0.0, 0.0, 0.0, 1.0],
                [1.0, -0.0, 1e-06, -0.0, -0.0, 0.932883, 0.360189, 0.374726, -1e-06, -0.360191, 0.932875, 0.0, 0.0, 0.0, 0.0, 1.0],
                [1.0, -0.0, 1e-06, -0.0, -0.0, 0.872495, 0.488629, 0.374726, -1e-06, -0.488631, 0.872487, -0.0, 0.0, 0.0, 0.0, 1.0],
                [1.0, -0.0, 1e-06, -0.0, -0.0, 0.785281, 0.619142, 0.374726, -1e-06, -0.619145, 0.785275, 0.0, 0.0, 0.0, 0.0, 1.0],
                [1.0, -1e-06, 1e-06, -0.0, -0.0, 0.68224, 0.731129, 0.374726, -1e-06, -0.731131, 0.682236, -0.0, 0.0, 0.0, 0.0, 1.0],
                [1.0, -1e-06, 1e-06, 0.0, -0.0, 0.573625, 0.819118, 0.374726, -1e-06, -0.819121, 0.573621, 0.0, 0.0, 0.0, 0.0, 1.0],
                [1.0, -1e-06, 1e-06, -0.0, -0.0, 0.468049, 0.883702, 0.374726, -1e-06, -0.883705, 0.468046, 0.0, 0.0, 0.0, 0.0, 1.0],
                [1.0, -1e-06, 1e-06, -0.0, -0.0, 0.375056, 0.927002, 0.374726, -1e-06, -0.927004, 0.375053, -0.0, 0.0, 0.0, 0.0, 1.0],
                [1.0, -1e-06, 0.0, 0.0, -0.0, 0.304263, 0.952587, 0.374726, -1e-06, -0.952589, 0.304262, -0.0, 0.0, 0.0, 0.0, 1.0],
                [1.0, -1e-06, 0.0, 0.0, -0.0, 0.260938, 0.965355, 0.374726, -1e-06, -0.965357, 0.260936, -0.0, 0.0, 0.0, 0.0, 1.0],
                [1.0, -1e-06, 0.0, 0.0, -0.0, 0.24634, 0.969183, 0.374726, -1e-06, -0.969185, 0.246339, -0.0, 0.0, 0.0, 0.0, 1.0],
                [1.0, -1e-06, 0.0, 0.0, -0.0, 0.24693, 0.969033, 0.374726, -1e-06, -0.969035, 0.246928, -0.0, 0.0, 0.0, 0.0, 1.0],
                [1.0, -1e-06, 0.0, -0.0, -0.0, 0.248533, 0.968622, 0.374726, -1e-06, -0.968624, 0.248531, 0.0, 0.0, 0.0, 0.0, 1.0],
                [1.0, -1e-06, 0.0, 0.0, -0.0, 0.250895, 0.968013, 0.374726, -1e-06, -0.968015, 0.250894, -0.0, 0.0, 0.0, 0.0, 1.0],
                [1.0, -1e-06, 0.0, 0.0, -0.0, 0.253768, 0.967264, 0.374726, -1e-06, -0.967266, 0.253767, 0.0, 0.0, 0.0, 0.0, 1.0],
                [1.000001, -1e-06, 0.0, 0.0, -0.0, 0.256898, 0.966438, 0.374726, -1e-06, -0.96644, 0.256896, 0.0, 0.0, 0.0, 0.0, 1.0],
                [1.0, -1e-06, 0.0, 0.0, -0.0, 0.260031, 0.965599, 0.374726, -1e-06, -0.965601, 0.26003, 0.0, 0.0, 0.0, 0.0, 1.0],
                [1.0, -1e-06, 0.0, 0.0, -0.0, 0.262915, 0.964818, 0.374726, -1e-06, -0.96482, 0.262913, -0.0, 0.0, 0.0, 0.0, 1.0],
                [1.0, -1e-06, 0.0, 0.0, -0.0, 0.265291, 0.964168, 0.374726, -1e-06, -0.96417, 0.265289, -0.0, 0.0, 0.0, 0.0, 1.0],
                [1.0, -1e-06, 0.0, -0.0, -0.0, 0.266906, 0.963722, 0.374726, -1e-06, -0.963724, 0.266904, -0.0, 0.0, 0.0, 0.0, 1.0],
                [1.0, -1e-06, 0.0, -0.0, -0.0, 0.267501, 0.963556, 0.374726, -1e-06, -0.963559, 0.267499, -0.0, 0.0, 0.0, 0.0, 1.0],
                [1.0, -1e-06, 0.0, -0.0, -0.0, 0.266906, 0.963721, 0.374726, -1e-06, -0.963724, 0.266904, 0.0, 0.0, 0.0, 0.0, 1.0],
                [1.0, -1e-06, 0.0, 0.0, -0.0, 0.265291, 0.964167, 0.374726, -1e-06, -0.96417, 0.265289, -0.0, 0.0, 0.0, 0.0, 1.0],
                [1.0, -1e-06, 0.0, 0.0, -0.0, 0.262915, 0.964818, 0.374726, -1e-06, -0.96482, 0.262913, -0.0, 0.0, 0.0, 0.0, 1.0],
                [1.0, -1e-06, 0.0, -0.0, -0.0, 0.260031, 0.9656, 0.374726, -1e-06, -0.965601, 0.26003, 0.0, 0.0, 0.0, 0.0, 1.0],
                [1.0, -1e-06, 0.0, 0.0, -0.0, 0.256898, 0.966438, 0.374726, -1e-06, -0.96644, 0.256896, 0.0, 0.0, 0.0, 0.0, 1.0],
                [1.0, -1e-06, 0.0, 0.0, -0.0, 0.253768, 0.967264, 0.374726, -1e-06, -0.967266, 0.253766, -0.0, 0.0, 0.0, 0.0, 1.0],
                [1.0, -1e-06, 0.0, -0.0, -0.0, 0.250895, 0.968013, 0.374726, -1e-06, -0.968015, 0.250894, 0.0, 0.0, 0.0, 0.0, 1.0],
                [1.0, -1e-06, 0.0, 0.0, -0.0, 0.248533, 0.968622, 0.374726, -1e-06, -0.968625, 0.248531, 0.0, 0.0, 0.0, 0.0, 1.0],
                [1.0, -1e-06, 0.0, 0.0, -0.0, 0.24693, 0.969033, 0.374726, -1e-06, -0.969035, 0.246928, -0.0, 0.0, 0.0, 0.0, 1.0],
                [1.0, -1e-06, 0.0, 0.0, -0.0, 0.24634, 0.969183, 0.374726, -1e-06, -0.969185, 0.246339, -0.0, 0.0, 0.0, 0.0, 1.0],
                [1.000001, -1e-06, 0.0, 0.0, -0.0, 0.263549, 0.964645, 0.374726, -1e-06, -0.964647, 0.263548, 0.0, 0.0, 0.0, 0.0, 1.0],
                [1.0, -1e-06, 0.0, -0.0, -0.0, 0.311027, 0.9504, 0.374726, -1e-06, -0.950402, 0.311025, 0.0, 0.0, 0.0, 0.0, 1.0],
                [1.0, -1e-06, 1e-06, 0.0, -0.0, 0.383042, 0.923731, 0.374726, -1e-06, -0.923733, 0.383039, -0.0, 0.0, 0.0, 0.0, 1.0],
                [1.0, -1e-06, 1e-06, 0.0, -0.0, 0.473765, 0.880651, 0.374726, -1e-06, -0.880653, 0.473762, -0.0, 0.0, 0.0, 0.0, 1.0],
                [1.0, -1e-06, 1e-06, -0.0, -0.0, 0.576579, 0.817042, 0.374726, -1e-06, -0.817045, 0.576575, -0.0, 0.0, 0.0, 0.0, 1.0],
                [1.0, -1e-06, 1e-06, 0.0, -0.0, 0.683649, 0.729812, 0.374726, -1e-06, -0.729814, 0.683645, 0.0, 0.0, 0.0, 0.0, 1.0],
                [1.0, -0.0, 1e-06, -0.0, -0.0, 0.785793, 0.618491, 0.374726, -1e-06, -0.618494, 0.785788, -0.0, 0.0, 0.0, 0.0, 1.0],
                [1.000001, -0.0, 1e-06, 0.0, -0.0, 0.87261, 0.488423, 0.374726, -1e-06, -0.488425, 0.872603, -0.0, 0.0, 0.0, 0.0, 1.0],
                [1.0, -0.0, 1e-06, -0.0, -0.0, 0.932892, 0.360167, 0.374726, -1e-06, -0.36017, 0.932883, 0.0, 0.0, 0.0, 0.0, 1.0],
                [1.0, -0.0, 1e-06, 0.0, -0.0, 0.95539, 0.29536, 0.374726, -1e-06, -0.295362, 0.955381, 0.0, 0.0, 0.0, 0.0, 1.0]
            ]
        },
        {
            "name": "Knee_R",
            "time": [0.0, 0.6667],
            "transform": [
                [1.0, 0.0, -0.0, -0.0, -0.0, 0.00567, -0.999984, 0.374726, -0.0, 0.999984, 0.00567, 0.0, 0.0, 0.0, 0.0, 1.0],
                [1.0, 0.0, -0.0, -0.0, -0.0, 0.00567, -0.999984, 0.374726, -0.0, 0.999984, 0.00567, 0.0, 0.0, 0.0, 0.0, 1.0]
            ]
        },
        {
            "name": "Thigh_L",
            "time": [0.0, 0.0167, 0.0333, 0.05, 0.0667, 0.0833, 0.1, 0.1167, 0.1333, 0.15, 0.1667, 0.1833, 0.2, 0.2167, 0.2333, 0.25, 0.2667, 0.2833, 0.3, 0.3167, 0.3333, 0.35, 0.3667, 0.3833, 0.4, 0.4167, 0.4333, 0.45, 0.4667, 0.4833, 0.5, 0.5167, 0.5333, 0.55, 0.5667, 0.5833, 0.6, 0.6167, 0.6333, 0.65, 0.6667],
            "transform": [
                [0.989145, -0.08054, 0.1229, -0.125006, -0.094617, -0.989038, 0.113367, -0.002831, 0.112423, -0.123765, -0.985923, -1.2e-05, 0.0, 0.0, 0.0, 1.0],
                [0.989561, -0.077937, 0.121217, -0.125006, -0.09287, -0.988067, 0.122872, -0.002831, 0.110194, -0.132847, -0.984992, -1.2e-05, 0.0, 0.0, 0.0, 1.0],
                [0.990666, -0.071757, 0.115893, -0.125006, -0.088037, -0.98593, 0.142094, -0.002831, 0.104066, -0.15097, -0.983045, -1.2e-05, 0.0, 0.0, 0.0, 1.0],
                [0.99221, -0.064012, 0.106868, -0.125006, -0.080715, -0.983791, 0.160126, -0.002831, 0.094886, -0.167505, -0.981295, -1.2e-05, 0.0, 0.0, 0.0, 1.0],
                [0.993931, -0.056089, 0.094627, -0.125006, -0.071549, -0.983042, 0.168847, -0.002831, 0.083552, -0.174593, -0.981089, -1.2e-05, 0.0, 0.0, 0.0, 1.0],
                [0.99559, -0.048914, 0.080045, -0.125006, -0.061269, -0.985211, 0.160017, -0.002831, 0.071034, -0.164216, -0.983863, -1.2e-05, 0.0, 0.0, 0.0, 1.0],
                [0.997002, -0.043276, 0.064133, -0.125006, -0.05074, -0.991508, 0.119735, -0.002831, 0.058407, -0.12263, -0.990732, -1.2e-05, 0.0, 0.0, 0.0, 1.0],
                [0.99806, -0.040154, 0.047563, -0.125006, -0.040974, -0.999026, 0.016381, -0.002831, 0.046858, -0.018298, -0.998734, -1.2e-05, 0.0, 0.0, 0.0, 1.0],
                [0.998755, -0.032189, 0.038114, -0.125006, -0.032939, -0.999272, 0.019204, -0.002831, 0.037468, -0.020436, -0.999089, -1.2e-05, 0.0, 0.0, 0.0, 1.0],
                [0.999135, -0.026837, 0.031765, -0.125006, -0.027511, -0.999401, 0.020994, -0.002831, 0.031182, -0.02185, -0.999275, -1.2e-05, 0.0, 0.0, 0.0, 1.0],
                [0.999257, -0.024877, 0.029439, -0.125006, -0.025519, -0.99944, 0.021627, -0.002831, 0.028885, -0.022363, -0.999333, -1.2e-05, 0.0, 0.0, 0.0, 1.0],
                [0.999257, -0.024877, 0.029439, -0.125006, -0.025519, -0.99944, 0.021627, -0.002831, 0.028885, -0.022363, -0.999333, -1.2e-05, 0.0, 0.0, 0.0, 1.0],
                [0.999257, -0.024877, 0.029439, -0.125006, -0.025519, -0.99944, 0.021627, -0.002831, 0.028885, -0.022363, -0.999333, -1.2e-05, 0.0, 0.0, 0.0, 1.0],
                [0.999257, -0.024877, 0.029439, -0.125006, -0.025519, -0.99944, 0.021627, -0.002831, 0.028885, -0.022363, -0.999333, -1.2e-05, 0.0, 0.0, 0.0, 1.0],
                [0.999257, -0.024877, 0.029439, -0.125006, -0.025519, -0.99944, 0.021627, -0.002831, 0.028885, -0.022363, -0.999333, -1.2e-05, 0.0, 0.0, 0.0, 1.0],
                [0.999257, -0.024877, 0.029439, -0.125006, -0.025519, -0.99944, 0.021627, -0.002831, 0.028885, -0.022363, -0.999333, -1.2e-05, 0.0, 0.0, 0.0, 1.0],
                [0.999257, -0.024877, 0.029439, -0.125006, -0.025519, -0.99944, 0.021627, -0.002831, 0.028885, -0.022363, -0.999333, -1.2e-05, 0.0, 0.0, 0.0, 1.0],
                [0.999257, -0.024877, 0.029439, -0.125006, -0.025519, -0.99944, 0.021627, -0.002831, 0.028885, -0.022363, -0.999333, -1.2e-05, 0.0, 0.0, 0.0, 1.0],
                [0.999257, -0.024877, 0.029439, -0.125006, -0.025519, -0.99944, 0.021627, -0.002831, 0.028885, -0.022363, -0.999333, -1.2e-05, 0.0, 0.0, 0.0, 1.0],
                [0.999257, -0.024877, 0.029439, -0.125006, -0.025519, -0.99944, 0.021627, -0.002831, 0.028885, -0.022363, -0.999333, -1.2e-05, 0.0, 0.0, 0.0, 1.0],
                [0.999257, -0.024877, 0.029439, -0.125006, -0.025519, -0.99944, 0.021627, -0.002831, 0.028885, -0.022363, -0.999333, -1.2e-05, 0.0, 0.0, 0.0, 1.0],
                [0.999257, -0.024877, 0.029439, -0.125006, -0.025519, -0.99944, 0.021627, -0.002831, 0.028885, -0.022363, -0.999333, -1.2e-05, 0.0, 0.0, 0.0, 1.0],
                [0.999257, -0.024877, 0.029439, -0.125006, -0.025519, -0.99944, 0.021627, -0.002831, 0.028885, -0.022363, -0.999333, -1.2e-05, 0.0, 0.0, 0.0, 1.0],
                [0.999257, -0.024877, 0.029439, -0.125006, -0.025519, -0.99944, 0.021627, -0.002831, 0.028885, -0.022363, -0.999333, -1.2e-05, 0.0, 0.0, 0.0, 1.0],
                [0.999257, -0.024877, 0.029439, -0.125006, -0.025519, -0.99944, 0.021627, -0.002831, 0.028885, -0.022363, -0.999333, -1.2e-05, 0.0, 0.0, 0.0, 1.0],
                [0.999257, -0.024877, 0.029439, -0.125006, -0.025519, -0.99944, 0.021627, -0.002831, 0.028885, -0.022363, -0.999333, -1.2e-05, 0.0, 0.0, 0.0, 1.0],
                [0.999257, -0.024877, 0.029439, -0.125006, -0.025519, -0.99944, 0.021627, -0.002831, 0.028885, -0.022363, -0.999333, -1.2e-05, 0.0, 0.0, 0.0, 1.0],
                [0.999257, -0.024877, 0.029439, -0.125006, -0.025519, -0.99944, 0.021627, -0.002831, 0.028885, -0.022363, -0.999333, -1.2e-05, 0.0, 0.0, 0.0, 1.0],
                [0.999257, -0.024877, 0.029439, -0.125006, -0.025519, -0.99944, 0.021627, -0.002831, 0.028885, -0.022363, -0.999333, -1.2e-05, 0.0, 0.0, 0.0, 1.0],
                [0.999257, -0.024877, 0.029439, -0.125006, -0.025519, -0.99944, 0.021627, -0.002831, 0.028885, -0.022363, -0.999333, -1.2e-05, 0.0, 0.0, 0.0, 1.0],
                [0.999257, -0.024877, 0.029439, -0.125006, -0.025519, -0.99944, 0.021627, -0.002831, 0.028885, -0.022363, -0.999333, -1.2e-05, 0.0, 0.0, 0.0, 1.0],
                [0.999138, -0.026789, 0.031706, -0.125006, -0.027462, -0.999403, 0.020965, -0.002831, 0.031125, -0.021818, -0.999277, -1.2e-05, 0.0, 0.0, 0.0, 1.0],
                [0.99877, -0.031995, 0.037877, -0.125006, -0.032737, -0.999281, 0.019117, -0.002831, 0.037238, -0.020334, -0.9991, -1.2e-05, 0.0, 0.0, 0.0, 1.0],
                [0.998104, -0.039708, 0.04702, -0.125006, -0.040511, -0.999046, 0.016259, -0.002831, 0.046329, -0.018133, -0.998762, -1.2e-05, 0.0, 0.0, 0.0, 1.0],
                [0.997095, -0.049137, 0.05819, -0.125006, -0.049948, -0.998672, 0.012571, -0.002831, 0.057495, -0.015441, -0.998226, -1.2e-05, 0.0, 0.0, 0.0, 1.0],
                [0.995742, -0.059475, 0.070422, -0.125006, -0.060204, -0.998151, 0.008282, -0.002831, 0.069799, -0.012486, -0.997483, -1.2e-05, 0.0, 0.0, 0.0, 1.0],
                [0.994119, -0.069891, 0.082718, -0.125006, -0.070437, -0.997509, 0.0037, -0.002831, 0.082253, -0.009505, -0.996566, -1.2e-05, 0.0, 0.0, 0.0, 1.0],
                [0.992385, -0.073257, 0.099023, -0.125006, -0.07981, -0.994758, 0.063912, -0.002831, 0.093822, -0.071329, -0.993031, -1.2e-05, 0.0, 0.0, 0.0, 1.0],
                [0.99078, -0.076828, 0.111591, -0.125006, -0.087501, -0.991706, 0.094132, -0.002831, 0.103433, -0.103028, -0.989286, -1.2e-05, 0.0, 0.0, 0.0, 1.0],
                [0.989599, -0.079523, 0.119872, -0.125006, -0.092704, -0.98974, 0.108717, -0.002831, 0.109996, -0.118699, -0.986819, -1.2e-05, 0.0, 0.0, 0.0, 1.0],
                [0.989145, -0.08054, 0.1229, -0.125006, -0.094617, -0.989038, 0.113367, -0.002831, 0.112423, -0.123765, -0.985923, -1.2e-05, 0.0, 0.0, 0.0, 1.0]
            ]
        },
        {
            "name": "Leg_L",
            "time": [0.0, 0.0167, 0.0333, 0.05, 0.0667, 0.0833, 0.1, 0.1167, 0.1333, 0.15, 0.1667, 0.1833, 0.2, 0.2167, 0.2333, 0.25, 0.2667, 0.2833, 0.3, 0.3167, 0.3333, 0.35, 0.3667, 0.3833, 0.4, 0.4167, 0.4333, 0.45, 0.4667, 0.4833, 0.5, 0.5167, 0.5333, 0.55, 0.5667, 0.5833, 0.6, 0.6167, 0.6333, 0.65, 0.6667],
            "transform": [
                [1.0, -0.0, 1e-06, -0.0, -0.0, 0.968996, 0.247077, 0.374726, -1e-06, -0.247077, 0.968995, 0.0, 0.0, 0.0, 0.0, 1.0],
                [1.0, -0.0, 1e-06, 0.0, -0.0, 0.964603, 0.263708, 0.374726, -1e-06, -0.263708, 0.964602, 0.0, 0.0, 0.0, 0.0, 1.0],
                [1.0, -0.0, 1e-06, 0.0, -0.0, 0.955236, 0.295844, 0.374726, -1e-06, -0.295844, 0.955235, 0.0, 0.0, 0.0, 0.0, 1.0],
                [1.0, -0.0, 1e-06, -0.0, -0.0, 0.946354, 0.323133, 0.374726, -1e-06, -0.323133, 0.946352, -0.0, 0.0, 0.0, 0.0, 1.0],
                [1.0, -0.0, 1e-06, 0.0, -0.0, 0.943592, 0.331112, 0.374726, -1e-06, -0.331112, 0.943591, -0.0, 0.0, 0.0, 0.0, 1.0],
                [1.0, -0.0, 1e-06, 0.0, -0.0, 0.952348, 0.305014, 0.374726, -1e-06, -0.305014, 0.952347, -0.0, 0.0, 0.0, 0.0, 1.0],
                [1.0, -0.0, 1e-06, -0.0, -0.0, 0.975991, 0.217815, 0.374726, -1e-06, -0.217815, 0.97599, 0.0, 0.0, 0.0, 0.0, 1.0],
                [1.0, -0.0, 1e-06, -0.0, -0.0, 0.999989, 0.004682, 0.374726, -1e-06, -0.004682, 0.999988, -0.0, 0.0, 0.0, 0.0, 1.0],
                [1.0, 0.0, 1e-06, 0.0, 0.0, 0.999989, 0.004692, 0.374726, -1e-06, -0.004692, 0.999988, -0.0, 0.0, 0.0, 0.0, 1.0],
                [1.0, 0.0, 1e-06, 0.0, 0.0, 0.99999, 0.004699, 0.374726, -1e-06, -0.004699, 0.999988, 0.0, 0.0, 0.0, 0.0, 1.0],
                [1.0, -0.0, 1e-06, 0.0, -0.0, 0.999989, 0.004702, 0.374726, -1e-06, -0.004702, 0.999988, 0.0, 0.0, 0.0, 0.0, 1.0],
                [1.0, -0.0, 1e-06, 0.0, -0.0, 0.999989, 0.004702, 0.374726, -1e-06, -0.004702, 0.999988, 0.0, 0.0, 0.0, 0.0, 1.0],
                [1.0, -0.0, 1e-06, 0.0, -0.0, 0.999989, 0.004702, 0.374726, -1e-06, -0.004702, 0.999988, 0.0, 0.0, 0.0, 0.0, 1.0],
                [1.0, -0.0, 1e-06, 0.0, -0.0, 0.999989, 0.004702, 0.374726, -1e-06, -0.004702, 0.999988, 0.0, 0.0, 0.0, 0.0, 1.0],
                [1.0, -0.0, 1e-06, 0.0, -0.0, 0.999989, 0.004702, 0.374726, -1e-06, -0.004702, 0.999988, 0.0, 0.0, 0.0, 0.0, 1.0],
                [1.0, -0.0, 1e-06, 0.0, -0.0, 0.999989, 0.004702, 0.374726, -1e-06, -0.004702, 0.999988, 0.0, 0.0, 0.0, 0.0, 1.0],
                [1.0, -0.0, 1e-06, 0.0, -0.0, 0.999989, 0.004702, 0.374726, -1e-06, -0.004702, 0.999988, 0.0, 0.0, 0.0, 0.0, 1.0],
                [1.0, -0.0, 1e-06, 0.0, -0.0, 0.999989, 0.004702, 0.374726, -1e-06, -0.004702, 0.999988, 0.0, 0.0, 0.0, 0.0, 1.0],
                [1.0, -0.0, 1e-06, 0.0, -0.0, 0.999989, 0.004702, 0.374726, -1e-06, -0.004702, 0.999988, 0.0, 0.0, 0.0, 0.0, 1.0],
                [1.0, -0.0, 1e-06, 0.0, -0.0, 0.999989, 0.004702, 0.374726, -1e-06, -0.004702, 0.999988, 0.0, 0.0, 0.0, 0.0, 1.0],
                [1.0, -0.0, 1e-06, 0.0, -0.0, 0.999989, 0.004702, 0.374726, -1e-06, -0.004702, 0.999988, 0.0, 0.0, 0.0, 0.0, 1.0],
                [1.0, -0.0, 1e-06, 0.0, -0.0, 0.999989, 0.004702, 0.374726, -1e-06, -0.004702, 0.999988, 0.0, 0.0, 0.0, 0.0, 1.0],
                [1.0, -0.0, 1e-06, 0.0, -0.0, 0.999989, 0.004702, 0.374726, -1e-06, -0.004702, 0.999988, 0.0, 0.0, 0.0, 0.0, 1.0],
                [1.0, -0.0, 1e-06, 0.0, -0.0, 0.999989, 0.004702, 0.374726, -1e-06, -0.004702, 0.999988, 0.0, 0.0, 0.0, 0.0, 1.0],
                [1.0, -0.0, 1e-06, 0.0, -0.0, 0.999989, 0.004702, 0.374726, -1e-06, -0.004702, 0.999988, 0.0, 0.0, 0.0, 0.0, 1.0],
                [1.0, -0.0, 1e-06, 0.0, -0.0, 0.999989, 0.004702, 0.374726, -1e-06, -0.004702, 0.999988, 0.0, 0.0, 0.0, 0.0, 1.0],
                [1.0, -0.0, 1e-06, 0.0, -0.0, 0.999989, 0.004702, 0.374726, -1e-06, -0.004702, 0.999988, 0.0, 0.0, 0.0, 0.0, 1.0],
                [1.0, -0.0, 1e-06, 0.0, -0.0, 0.999989, 0.004702, 0.374726, -1e-06, -0.004702, 0.999988, 0.0, 0.0, 0.0, 0.0, 1.0],
                [1.0, -0.0, 1e-06, 0.0, -0.0, 0.999989, 0.004702, 0.374726, -1e-06, -0.004702, 0.999988, 0.0, 0.0, 0.0, 0.0, 1.0],
                [1.0, -0.0, 1e-06, 0.0, -0.0, 0.999989, 0.004702, 0.374726, -1e-06, -0.004702, 0.999988, 0.0, 0.0, 0.0, 0.0, 1.0],
                [1.0, -0.0, 1e-06, 0.0, -0.0, 0.999989, 0.004702, 0.374726, -1e-06, -0.004702, 0.999988, 0.0, 0.0, 0.0, 0.0, 1.0],
                [1.0, 0.0, 1e-06, -0.0, -0.0, 0.99999, 0.004701, 0.374726, -1e-06, -0.004701, 0.999988, -0.0, 0.0, 0.0, 0.0, 1.0],
                [1.0, -0.0, 1e-06, -0.0, 0.0, 0.999989, 0.004698, 0.374726, -1e-06, -0.004698, 0.999988, -0.0, 0.0, 0.0, 0.0, 1.0],
                [1.0, -0.0, 1e-06, -0.0, -0.0, 0.999989, 0.004695, 0.374726, -1e-06, -0.004695, 0.999988, -0.0, 0.0, 0.0, 0.0, 1.0],
                [1.0, -0.0, 1e-06, -0.0, -0.0, 0.999989, 0.00469, 0.374726, -1e-06, -0.00469, 0.999988, 0.0, 0.0, 0.0, 0.0, 1.0],
                [1.0, 0.0, 1e-06, -0.0, 0.0, 0.99999, 0.004686, 0.374726, -1e-06, -0.004686, 0.999988, -0.0, 0.0, 0.0, 0.0, 1.0],
                [1.0, 0.0, 1e-06, 0.0, -0.0, 0.99999, 0.004681, 0.374726, -1e-06, -0.004681, 0.999988, 0.0, 0.0, 0.0, 0.0, 1.0],
                [1.0, -0.0, 1e-06, 0.0, -0.0, 0.990971, 0.134085, 0.374726, -1e-06, -0.134085, 0.990969, 0.0, 0.0, 0.0, 0.0, 1.0],
                [1.0, -0.0, 1e-06, 0.0, -0.0, 0.979431, 0.20178, 0.374726, -1e-06, -0.20178, 0.97943, -0.0, 0.0, 0.0, 0.0, 1.0],
                [1.0, -0.0, 1e-06, 0.0, -0.0, 0.971771, 0.235926, 0.374726, -1e-06, -0.235927, 0.97177, -0.0, 0.0, 0.0, 0.0, 1.0],
                [1.0, -0.0, 1e-06, -0.0, -0.0, 0.968996, 0.247077, 0.374726, -1e-06, -0.247077, 0.968995, -0.0, 0.0, 0.0, 0.0, 1.0]
            ]
        },
        {
            "name": "Knee_L",
            "time": [0.0, 0.6667],
            "transform": [
                [1.0, 0.0, -0.0, -0.0, -0.0, 0.00567, -0.999984, 0.374726, -0.0, 0.999984, 0.00567, 0.0, 0.0, 0.0, 0.0, 1.0],
                [1.0, 0.0, -0.0, -0.0, -0.0, 0.00567, -0.999984, 0.374726, -0.0, 0.999984, 0.00567, 0.0, 0.0, 0.0, 0.0, 1.0]
            ]
        },
        {
            "name": "Torso",
            "time": [0.0, 0.0167, 0.0333, 0.05, 0.0667, 0.0833, 0.1, 0.1167, 0.1333, 0.15, 0.1667, 0.1833, 0.2, 0.2167, 0.2333, 0.25, 0.2667, 0.2833, 0.3, 0.3167, 0.3333, 0.35, 0.3667, 0.3833, 0.4, 0.4167, 0.4333, 0.45, 0.4667, 0.4833, 0.5, 0.5167, 0.5333, 0.55, 0.5667, 0.5833, 0.6, 0.6167, 0.6333, 0.65, 0.6667],
            "transform": [
                [1.0, 0.0, 0.0, 0.0, 0.0, 0.999769, 0.021481, 0.05, 0.0, -0.021481, 0.999769, 0.0, 0.0, 0.0, 0.0, 1.0],
                [1.0, 0.0, 0.0, 0.0, 0.0, 0.99975, 0.022382, 0.05, 0.0, -0.022382, 0.999749, 0.0, 0.0, 0.0, 0.0, 1.0],
                [1.0, 0.0, 0.0, 0.0, 0.0, 0.999692, 0.024825, 0.05, 0.0, -0.024825, 0.999692, 0.0, 0.0, 0.0, 0.0, 1.0],
                [1.0, 0.0, 0.0, 0.0, 0.0, 0.999596, 0.028425, 0.05, 0.0, -0.028425, 0.999596, 0.0, 0.0, 0.0, 0.0, 1.0],
                [1.0, 0.0, 0.0, 0.0, 0.0, 0.999462, 0.032797, 0.05, 0.0, -0.032797, 0.999462, 0.0, 0.0, 0.0, 0.0, 1.0],
                [1.0, 0.0, 0.0, 0.0, 0.0, 0.999295, 0.037553, 0.05, 0.0, -0.037553, 0.999295, 0.0, 0.0, 0.0, 0.0, 1.0],
                [1.0, 0.0, 0.0, 0.0, 0.0, 0.999105, 0.042309, 0.05, 0.0, -0.042309, 0.999104, 0.0, 0.0, 0.0, 0.0, 1.0],
                [1.0, 0.0, 0.0, 0.0, 0.0, 0.99891, 0.046678, 0.05, 0.0, -0.046678, 0.99891, 0.0, 0.0, 0.0, 0.0, 1.0],
                [1.0, 0.0, 0.0, 0.0, 0.0, 0.998735, 0.050276, 0.05, 0.0, -0.050276, 0.998735, 0.0, 0.0, 0.0, 0.0, 1.0],
                [1.0, 0.0, 0.0, 0.0, 0.0, 0.99861, 0.052716, 0.05, 0.0, -0.052716, 0.99861, 0.0, 0.0, 0.0, 0.0, 1.0],
                [1.0, 0.0, 0.0, 0.0, 0.0, 0.998562, 0.053616, 0.05, 0.0, -0.053616, 0.998562, 0.0, 0.0, 0.0, 0.0, 1.0],
                [1.0, 0.0, 0.0, 0.0, 0.0, 0.998562, 0.053616, 0.05, 0.0, -0.053616, 0.998562, 0.0, 0.0, 0.0, 0.0, 1.0],
                [1.0, 0.0, 0.0, 0.0, 0.0, 0.998562, 0.053616, 0.05, 0.0, -0.053616, 0.998562, 0.0, 0.0, 0.0, 0.0, 1.0],
                [1.0, 0.0, 0.0, 0.0, 0.0, 0.998562, 0.053616, 0.05, 0.0, -0.053616, 0.998562, 0.0, 0.0, 0.0, 0.0, 1.0],
                [1.0, 0.0, 0.0, 0.0, 0.0, 0.998562, 0.053616, 0.05, 0.0, -0.053616, 0.998562, 0.0, 0.0, 0.0, 0.0, 1.0],
                [1.0, 0.0, 0.0, 0.0, 0.0, 0.998562, 0.053616, 0.05, 0.0, -0.053616, 0.998562, 0.0, 0.0, 0.0, 0.0, 1.0],
                [1.0, 0.0, 0.0, 0.0, 0.0, 0.998562, 0.053616, 0.05, 0.0, -0.053616, 0.998562, 0.0, 0.0, 0.0, 0.0, 1.0],
                [1.0, 0.0, 0.0, 0.0, 0.0, 0.998562, 0.053616, 0.05, 0.0, -0.053616, 0.998562, 0.0, 0.0, 0.0, 0.0, 1.0],
                [1.0, 0.0, 0.0, 0.0, 0.0, 0.998562, 0.053616, 0.05, 0.0, -0.053616, 0.998562, 0.0, 0.0, 0.0, 0.0, 1.0],
                [1.0, 0.0, 0.0, 0.0, 0.0, 0.998562, 0.053616, 0.05, 0.0, -0.053616, 0.998562, 0.0, 0.0, 0.0, 0.0, 1.0],
                [1.0, 0.0, 0.0, 0.0, 0.0, 0.998562, 0.053616, 0.05, 0.0, -0.053616, 0.998562, 0.0, 0.0, 0.0, 0.0, 1.0],
                [1.0, 0.0, 0.0, 0.0, 0.0, 0.998562, 0.053616, 0.05, 0.0, -0.053616, 0.998562, 0.0, 0.0, 0.0, 0.0, 1.0],
                [1.0, 0.0, 0.0, 0.0, 0.0, 0.998562, 0.053616, 0.05, 0.0, -0.053616, 0.998562, 0.0, 0.0, 0.0, 0.0, 1.0],
                [1.0, 0.0, 0.0, 0.0, 0.0, 0.998562, 0.053616, 0.05, 0.0, -0.053616, 0.998562, 0.0, 0.0, 0.0, 0.0, 1.0],
                [1.0, 0.0, 0.0, 0.0, 0.0, 0.998562, 0.053616, 0.05, 0.0, -0.053616, 0.998562, 0.0, 0.0, 0.0, 0.0, 1.0],
                [1.0, 0.0, 0.0, 0.0, 0.0, 0.998562, 0.053616, 0.05, 0.0, -0.053616, 0.998562, 0.0, 0.0, 0.0, 0.0, 1.0],
                [1.0, 0.0, 0.0, 0.0, 0.0, 0.998562, 0.053616, 0.05, 0.0, -0.053616, 0.998562, 0.0, 0.0, 0.0, 0.0, 1.0],
                [1.0, 0.0, 0.0, 0.0, 0.0, 0.998562, 0.053616, 0.05, 0.0, -0.053616, 0.998562, 0.0, 0.0, 0.0, 0.0, 1.0],
                [1.0, 0.0, 0.0, 0.0, 0.0, 0.998562, 0.053616, 0.05, 0.0, -0.053616, 0.998562, 0.0, 0.0, 0.0, 0.0, 1.0],
                [1.0, 0.0, 0.0, 0.0, 0.0, 0.998562, 0.053616, 0.05, 0.0, -0.053616, 0.998562, 0.0, 0.0, 0.0, 0.0, 1.0],
                [1.0, 0.0, 0.0, 0.0, 0.0, 0.998562, 0.053616, 0.05, 0.0, -0.053616, 0.998562, 0.0, 0.0, 0.0, 0.0, 1.0],
                [1.0, 0.0, 0.0, 0.0, 0.0, 0.99861, 0.052716, 0.05, 0.0, -0.052716, 0.99861, 0.0, 0.0, 0.0, 0.0, 1.0],
                [1.0, 0.0, 0.0, 0.0, 0.0, 0.998735, 0.050276, 0.05, 0.0, -0.050276, 0.998735, 0.0, 0.0, 0.0, 0.0, 1.0],
                [1.0, 0.0, 0.0, 0.0, 0.0, 0.99891, 0.046678, 0.05, 0.0, -0.046678, 0.99891, 0.0, 0.0, 0.0, 0.0, 1.0],
                [1.0, 0.0, 0.0, 0.0, 0.0, 0.999105, 0.042309, 0.05, 0.0, -0.042309, 0.999104, 0.0, 0.0, 0.0, 0.0, 1.0],
                [1.0, 0.0, 0.0, 0.0, 0.0, 0.999295, 0.037553, 0.05, 0.0, -0.037553, 0.999295, 0.0, 0.0, 0.0, 0.0, 1.0],
                [1.0, 0.0, 0.0, 0.0, 0.0, 0.999462, 0.032797, 0.05, 0.0, -0.032797, 0.999462, 0.0, 0.0, 0.0, 0.0, 1.0],
                [1.0, 0.0, 0.0, 0.0, 0.0, 0.999596, 0.028425, 0.05, 0.0, -0.028425, 0.999596, 0.0, 0.0, 0.0, 0.0, 1.0],
                [1.0, 0.0, 0.0, 0.0, 0.0, 0.999692, 0.024825, 0.05, 0.0, -0.024825, 0.999692, 0.0, 0.0, 0.0, 0.0, 1.0],
                [1.0, 0.0, 0.0, 0.0, 0.0, 0.99975, 0.022382, 0.05, 0.0, -0.022382, 0.999749, 0.0, 0.0, 0.0, 0.0, 1.0],
                [1.0, 0.0, 0.0, 0.0, 0.0, 0.999769, 0.021481, 0.05, 0.0, -0.021481, 0.999769, 0.0, 0.0, 0.0, 0.0, 1.0]
            ]
        },
        {
            "name": "Chest",
            "time": [0.0, 0.0167, 0.0333, 0.05, 0.0667, 0.0833, 0.1, 0.1167, 0.1333, 0.15, 0.1667, 0.1833, 0.2, 0.2167, 0.2333, 0.25, 0.2667, 0.2833, 0.3, 0.3167, 0.3333, 0.35, 0.3667, 0.3833, 0.4, 0.4167, 0.4333, 0.45, 0.4667, 0.4833, 0.5, 0.5167, 0.5333, 0.55, 0.5667, 0.5833, 0.6, 0.6167, 0.6333, 0.65, 0.6667],
            "transform": [
                [1.0, 0.0, 0.0, 0.0, 0.0, 0.999557, 0.02976, 0.3, 0.0, -0.02976, 0.999557, 0.0, 0.0, 0.0, 0.0, 1.0],
                [1.0, 0.0, 0.0, 0.0, 0.0, 0.999511, 0.031269, 0.3, 0.0, -0.031269, 0.999511, -0.0, 0.0, 0.0, 0.0, 1.0],
                [1.0, 0.0, 0.0, 0.0, 0.0, 0.999373, 0.035393, 0.3, 0.0, -0.035393, 0.999373, -0.0, 0.0, 0.0, 0.0, 1.0],
                [1.0, 0.0, 0.0, 0.0, 0.0, 0.999137, 0.041531, 0.3, 0.0, -0.041531, 0.999137, 0.0, 0.0, 0.0, 0.0, 1.0],
                [1.0, 0.0, 0.0, -0.0, 0.0, 0.998795, 0.049081, 0.3, 0.0, -0.049081, 0.998795, -0.0, 0.0, 0.0, 0.0, 1.0],
                [1.0, 0.0, 0.0, 0.0, 0.0, 0.998349, 0.05744, 0.3, 0.0, -0.05744, 0.998349, 0.0, 0.0, 0.0, 0.0, 1.0],
                [1.0, 0.0, 0.0, 0.0, 0.0, 0.997819, 0.066006, 0.3, 0.0, -0.066006, 0.997819, -0.0, 0.0, 0.0, 0.0, 1.0],
                [1.0, 0.0, 0.0, 0.0, 0.0, 0.997245, 0.074178, 0.3, 0.0, -0.074178, 0.997245, -0.0, 0.0, 0.0, 0.0, 1.0],
                [1.0, 0.0, 0.0, 0.0, 0.0, 0.996685, 0.081357, 0.3, 0.0, -0.081357, 0.996685, -0.0, 0.0, 0.0, 0.0, 1.0],
                [1.0, 0.0, 0.0, 0.0, 0.0, 0.996213, 0.086944, 0.3, 0.0, -0.086944, 0.996213, -0.0, 0.0, 0.0, 0.0, 1.0],
                [1.0, 0.0, 0.0, 0.0, 0.0, 0.99591, 0.090344, 0.3, 0.0, -0.090344, 0.995911, 0.0, 0.0, 0.0, 0.0, 1.0],
                [1.0, 0.0, 0.0, 0.0, 0.0, 0.995736, 0.092247, 0.3, 0.0, -0.092247, 0.995736, 0.0, 0.0, 0.0, 0.0, 1.0],
                [1.0, 0.0, 0.0, 0.0, 0.0, 0.995594, 0.09377, 0.3, 0.0, -0.09377, 0.995594, 0.0, 0.0, 0.0, 0.0, 1.0],
                [1.0, 0.0, 0.0, 0.0, 0.0, 0.995481, 0.094956, 0.3, 0.0, -0.094956, 0.995481, 0.0, 0.0, 0.0, 0.0, 1.0],
                [1.0, 0.0, 0.0, 0.0, 0.0, 0.995396, 0.095848, 0.3, 0.0, -0.095848, 0.995396, 0.0, 0.0, 0.0, 0.0, 1.0],
                [1.0, 0.0, 0.0, 0.0, 0.0, 0.995334, 0.096486, 0.3, 0.0, -0.096486, 0.995334, 0.0, 0.0, 0.0, 0.0, 1.0],
                [1.0, 0.0, 0.0, 0.0, 0.0, 0.995293, 0.096915, 0.3, 0.0, -0.096915, 0.995293, 0.0, 0.0, 0.0, 0.0, 1.0],
                [1.0, 0.0, 0.0, 0.0, 0.0, 0.995267, 0.097174, 0.3, 0.0, -0.097174, 0.995267, 0.0, 0.0, 0.0, 0.0, 1.0],
                [1.0, 0.0, 0.0, 0.0, 0.0, 0.995254, 0.097308, 0.3, 0.0, -0.097308, 0.995254, 0.0, 0.0, 0.0, 0.0, 1.0],
                [1.0, 0.0, 0.0, 0.0, 0.0, 0.995249, 0.097357, 0.3, 0.0, -0.097357, 0.995249, 0.0, 0.0, 0.0, 0.0, 1.0],
                [1.0, 0.0, 0.0, 0.0, 0.0, 0.995249, 0.097364, 0.3, 0.0, -0.097364, 0.995249, 0.0, 0.0, 0.0, 0.0, 1.0],
                [1.0, 0.0, 0.0, 0.0, 0.0, 0.995249, 0.097357, 0.3, 0.0, -0.097357, 0.995249, 0.0, 0.0, 0.0, 0.0, 1.0],
                [1.0, 0.0, 0.0, 0.0, 0.0, 0.995254, 0.097308, 0.3, 0.0, -0.097308, 0.995254, 0.0, 0.0, 0.0, 0.0, 1.0],
