{
    "animation": [
        {
            "name": "Root",
            "time": [0.0, 0.0167, 0.0333, 0.05, 0.0667, 0.0833, 0.1, 0.1167, 0.1333, 0.15, 0.1667, 0.1833, 0.2, 0.2167, 0.2333, 0.25, 0.2667, 0.2833, 0.3, 0.3167, 0.3333, 0.35, 0.3667, 0.3833, 0.4, 0.4167, 0.4333, 0.45, 0.4667, 0.4833, 0.5, 0.5167, 0.5333, 0.55, 0.5667, 0.5833, 0.6, 0.6167, 0.6333, 0.65, 0.6667, 0.6833, 0.7, 0.7167, 0.7333, 0.75, 0.7667, 0.7833, 0.8, 0.8167, 0.8333, 0.85, 0.8667, 0.8833, 0.9, 0.9167, 0.9333, 0.95, 0.9667, 0.9833, 1.0, 1.0167, 1.0333, 1.05, 1.0667, 1.0833, 1.1, 1.1167, 1.1333, 1.15, 1.1667, 1.1833, 1.2, 1.2167, 1.2333, 1.25, 1.2667, 1.2833, 1.3, 1.3167, 1.3333, 1.35, 1.3667, 1.3833, 1.4, 1.4167, 1.4333, 1.45, 1.4667, 1.4833, 1.5, 1.5167, 1.5333, 1.55, 1.5667, 1.5833, 1.6, 1.6167, 1.6333, 1.65, 1.6667, 1.6833, 1.7, 1.7167, 1.7333, 1.75, 1.7667, 1.7833, 1.8, 1.8167, 1.8333],
            "transform": [
                [1.0, 0.0, 0.0, -5e-06, 0.0, 0.0, -1.0, 0.000946, 0.0, 1.0, 0.0, 0.626321, 0.0, 0.0, 0.0, 1.0],
                [1.0, 0.0, 0.0, -5e-06, 0.0, 0.0, -1.0, 0.000946, 0.0, 1.0, 0.0, 0.624375, 0.0, 0.0, 0.0, 1.0],
                [1.0, 0.0, 0.0, -5e-06, 0.0, 0.0, -1.0, 0.000946, 0.0, 1.0, 0.0, 0.619095, 0.0, 0.0, 0.0, 1.0],
                [1.0, 0.0, 0.0, -5e-06, 0.0, 0.0, -1.0, 0.000946, 0.0, 1.0, 0.0, 0.611314, 0.0, 0.0, 0.0, 1.0],
                [1.0, 0.0, 0.0, -5e-06, 0.0, 0.0, -1.0, 0.000946, 0.0, 1.0, 0.0, 0.601865, 0.0, 0.0, 0.0, 1.0],
                [1.0, 0.0, 0.0, -5e-06, 0.0, 0.0, -1.0, 0.000946, 0.0, 1.0, 0.0, 0.591583, 0.0, 0.0, 0.0, 1.0],
                [1.0, 0.0, 0.0, -5e-06, 0.0, 0.0, -1.0, 0.000946, 0.0, 1.0, 0.0, 0.5813, 0.0, 0.0, 0.0, 1.0],
                [1.0, 0.0, 0.0, -5e-06, 0.0, 0.0, -1.0, 0.000946, 0.0, 1.0, 0.0, 0.571851, 0.0, 0.0, 0.0, 1.0],
                [1.0, 0.0, 0.0, -5e-06, 0.0, 0.0, -1.0, 0.000946, 0.0, 1.0, 0.0, 0.56407, 0.0, 0.0, 0.0, 1.0],
                [1.0, 0.0, 0.0, -5e-06, 0.0, 0.0, -1.0, 0.000946, 0.0, 1.0, 0.0, 0.55879, 0.0, 0.0, 0.0, 1.0],
                [1.0, 0.0, 0.0, -5e-06, 0.0, 0.0, -1.0, 0.000946, 0.0, 1.0, 0.0, 0.556844, 0.0, 0.0, 0.0, 1.0],
                [1.0, 0.0, 0.0, -5e-06, 0.0, 0.0, -1.0, 0.000946, 0.0, 1.0, 0.0, 0.586619, 0.0, 0.0, 0.0, 1.0],
                [1.0, 0.0, 0.0, -5e-06, 0.0, 0.0, -1.0, 0.000946, 0.0, 1.0, 0.0, 0.667438, 0.0, 0.0, 0.0, 1.0],
                [1.0, 0.0, 0.0, -5e-06, 0.0, 0.0, -1.0, 0.000946, 0.0, 1.0, 0.0, 0.786538, 0.0, 0.0, 0.0, 1.0],
                [1.0, 0.0, 0.0, -5e-06, 0.0, 0.0, -1.0, 0.000946, 0.0, 1.0, 0.0, 0.93116, 0.0, 0.0, 0.0, 1.0],
                [1.0, 0.0, 0.0, -5e-06, 0.0, 0.0, -1.0, 0.000946, 0.0, 1.0, 0.0, 1.088543, 0.0, 0.0, 0.0, 1.0],
                [1.0, 0.0, 0.0, -5e-06, 0.0, 0.0, -1.0, 0.000946, 0.0, 1.0, 0.0, 1.245926, 0.0, 0.0, 0.0, 1.0],
                [1.0, 0.0, 0.0, -5e-06, 0.0, 0.0, -1.0, 0.000946, 0.0, 1.0, 0.0, 1.390548, 0.0, 0.0, 0.0, 1.0],
                [1.0, 0.0, 0.0, -5e-06, 0.0, 0.0, -1.0, 0.000946, 0.0, 1.0, 0.0, 1.509649, 0.0, 0.0, 0.0, 1.0],
                [1.0, 0.0, 0.0, -5e-06, 0.0, 0.0, -1.0, 0.000946, 0.0, 1.0, 0.0, 1.590467, 0.0, 0.0, 0.0, 1.0],
                [1.0, 0.0, 0.0, -5e-06, 0.0, 0.0, -1.0, 0.000946, 0.0, 1.0, 0.0, 1.620242, 0.0, 0.0, 0.0, 1.0],
                [1.0, 0.0, 0.0, -5e-06, 0.0, 0.0, -1.0, 0.000946, 0.0, 1.0, 0.0, 1.620242, 0.0, 0.0, 0.0, 1.0],
                [1.0, 0.0, 0.0, -5e-06, 0.0, 0.0, -1.0, 0.000946, 0.0, 1.0, 0.0, 1.620242, 0.0, 0.0, 0.0, 1.0],
                [1.0, 0.0, 0.0, -5e-06, 0.0, 0.0, -1.0, 0.000946, 0.0, 1.0, 0.0, 1.620242, 0.0, 0.0, 0.0, 1.0],
                [1.0, 0.0, 0.0, -5e-06, 0.0, 0.0, -1.0, 0.000946, 0.0, 1.0, 0.0, 1.620242, 0.0, 0.0, 0.0, 1.0],
                [1.0, 0.0, 0.0, -5e-06, 0.0, 0.0, -1.0, 0.000946, 0.0, 1.0, 0.0, 1.620242, 0.0, 0.0, 0.0, 1.0],
                [1.0, 0.0, 0.0, -5e-06, 0.0, 0.0, -1.0, 0.000946, 0.0, 1.0, 0.0, 1.620242, 0.0, 0.0, 0.0, 1.0],
                [1.0, 0.0, 0.0, -5e-06, 0.0, 0.0, -1.0, 0.000946, 0.0, 1.0, 0.0, 1.620242, 0.0, 0.0, 0.0, 1.0],
                [1.0, 0.0, 0.0, -5e-06, 0.0, 0.0, -1.0, 0.000946, 0.0, 1.0, 0.0, 1.620242, 0.0, 0.0, 0.0, 1.0],
                [1.0, 0.0, 0.0, -5e-06, 0.0, 0.0, -1.0, 0.000946, 0.0, 1.0, 0.0, 1.620242, 0.0, 0.0, 0.0, 1.0],
                [1.0, 0.0, 0.0, -5e-06, 0.0, 0.0, -1.0, 0.000946, 0.0, 1.0, 0.0, 1.620242, 0.0, 0.0, 0.0, 1.0],
                [1.0, 0.0, 0.0, -5e-06, 0.0, 0.0, -1.0, 0.000946, 0.0, 1.0, 0.0, 1.620242, 0.0, 0.0, 0.0, 1.0],
                [1.0, 0.0, 0.0, -5e-06, 0.0, 0.0, -1.0, 0.000946, 0.0, 1.0, 0.0, 1.620242, 0.0, 0.0, 0.0, 1.0],
                [1.0, 0.0, 0.0, -5e-06, 0.0, 0.0, -1.0, 0.000946, 0.0, 1.0, 0.0, 1.620242, 0.0, 0.0, 0.0, 1.0],
                [1.0, 0.0, 0.0, -5e-06, 0.0, 0.0, -1.0, 0.000946, 0.0, 1.0, 0.0, 1.620242, 0.0, 0.0, 0.0, 1.0],
                [1.0, 0.0, 0.0, -5e-06, 0.0, 0.0, -1.0, 0.000946, 0.0, 1.0, 0.0, 1.620242, 0.0, 0.0, 0.0, 1.0],
                [1.0, 0.0, 0.0, -5e-06, 0.0, 0.0, -1.0, 0.000946, 0.0, 1.0, 0.0, 1.620242, 0.0, 0.0, 0.0, 1.0],
                [1.0, 0.0, 0.0, -5e-06, 0.0, 0.0, -1.0, 0.000946, 0.0, 1.0, 0.0, 1.620242, 0.0, 0.0, 0.0, 1.0],
                [1.0, 0.0, 0.0, -5e-06, 0.0, 0.0, -1.0, 0.000946, 0.0, 1.0, 0.0, 1.620242, 0.0, 0.0, 0.0, 1.0],
                [1.0, 0.0, 0.0, -5e-06, 0.0, 0.0, -1.0, 0.000946, 0.0, 1.0, 0.0, 1.620242, 0.0, 0.0, 0.0, 1.0],
                [1.0, 0.0, 0.0, -5e-06, 0.0, 0.0, -1.0, 0.000946, 0.0, 1.0, 0.0, 1.620242, 0.0, 0.0, 0.0, 1.0],
                [1.0, 0.0, 0.0, -5e-06, 0.0, 0.0, -1.0, 0.000946, 0.0, 1.0, 0.0, 1.620242, 0.0, 0.0, 0.0, 1.0],
                [1.0, 0.0, 0.0, -5e-06, 0.0, 0.0, -1.0, 0.000946, 0.0, 1.0, 0.0, 1.620242, 0.0, 0.0, 0.0, 1.0],
                [1.0, 0.0, 0.0, -5e-06, 0.0, 0.0, -1.0, 0.000946, 0.0, 1.0, 0.0, 1.620242, 0.0, 0.0, 0.0, 1.0],
                [1.0, 0.0, 0.0, -5e-06, 0.0, 0.0, -1.0, 0.000946, 0.0, 1.0, 0.0, 1.620242, 0.0, 0.0, 0.0, 1.0],
                [1.0, 0.0, 0.0, -5e-06, 0.0, 0.0, -1.0, 0.000946, 0.0, 1.0, 0.0, 1.620242, 0.0, 0.0, 0.0, 1.0],
                [1.0, 0.0, 0.0, -5e-06, 0.0, 0.0, -1.0, 0.000946, 0.0, 1.0, 0.0, 1.620242, 0.0, 0.0, 0.0, 1.0],
                [1.0, 0.0, 0.0, -5e-06, 0.0, 0.0, -1.0, 0.000946, 0.0, 1.0, 0.0, 1.620242, 0.0, 0.0, 0.0, 1.0],
                [1.0, 0.0, 0.0, -5e-06, 0.0, 0.0, -1.0, 0.000946, 0.0, 1.0, 0.0, 1.620242, 0.0, 0.0, 0.0, 1.0],
                [1.0, 0.0, 0.0, -5e-06, 0.0, 0.0, -1.0, 0.000946, 0.0, 1.0, 0.0, 1.620242, 0.0, 0.0, 0.0, 1.0],
                [1.0, 0.0, 0.0, -5e-06, 0.0, 0.0, -1.0, 0.000946, 0.0, 1.0, 0.0, 1.620242, 0.0, 0.0, 0.0, 1.0],
                [1.0, 0.0, 0.0, -5e-06, 0.0, 0.0, -1.0, 0.000946, 0.0, 1.0, 0.0, 1.620242, 0.0, 0.0, 0.0, 1.0],
                [1.0, 0.0, 0.0, -5e-06, 0.0, 0.0, -1.0, 0.000946, 0.0, 1.0, 0.0, 1.620242, 0.0, 0.0, 0.0, 1.0],
                [1.0, 0.0, 0.0, -5e-06, 0.0, 0.0, -1.0, 0.000946, 0.0, 1.0, 0.0, 1.620242, 0.0, 0.0, 0.0, 1.0],
                [1.0, 0.0, 0.0, -5e-06, 0.0, 0.0, -1.0, 0.000946, 0.0, 1.0, 0.0, 1.620242, 0.0, 0.0, 0.0, 1.0],
                [1.0, 0.0, 0.0, -5e-06, 0.0, 0.0, -1.0, 0.000946, 0.0, 1.0, 0.0, 1.620242, 0.0, 0.0, 0.0, 1.0],
                [1.0, 0.0, 0.0, -5e-06, 0.0, 0.0, -1.0, 0.000946, 0.0, 1.0, 0.0, 1.620242, 0.0, 0.0, 0.0, 1.0],
                [1.0, 0.0, 0.0, -5e-06, 0.0, 0.0, -1.0, 0.000946, 0.0, 1.0, 0.0, 1.620242, 0.0, 0.0, 0.0, 1.0],
                [1.0, 0.0, 0.0, -5e-06, 0.0, 0.0, -1.0, 0.000946, 0.0, 1.0, 0.0, 1.620242, 0.0, 0.0, 0.0, 1.0],
                [1.0, 0.0, 0.0, -5e-06, 0.0, 0.0, -1.0, 0.000946, 0.0, 1.0, 0.0, 1.620242, 0.0, 0.0, 0.0, 1.0],
                [1.0, 0.0, 0.0, -5e-06, 0.0, 0.0, -1.0, 0.000946, 0.0, 1.0, 0.0, 1.620242, 0.0, 0.0, 0.0, 1.0],
                [1.0, 0.0, 0.0, -5e-06, 0.0, 0.0, -1.0, 0.000946, 0.0, 1.0, 0.0, 1.620242, 0.0, 0.0, 0.0, 1.0],
                [1.0, 0.0, 0.0, -5e-06, 0.0, 0.0, -1.0, 0.000946, 0.0, 1.0, 0.0, 1.620242, 0.0, 0.0, 0.0, 1.0],
                [1.0, 0.0, 0.0, -5e-06, 0.0, 0.0, -1.0, 0.000946, 0.0, 1.0, 0.0, 1.620242, 0.0, 0.0, 0.0, 1.0],
                [1.0, 0.0, 0.0, -5e-06, 0.0, 0.0, -1.0, 0.000946, 0.0, 1.0, 0.0, 1.620242, 0.0, 0.0, 0.0, 1.0],
                [1.0, 0.0, 0.0, -5e-06, 0.0, 0.0, -1.0, 0.000946, 0.0, 1.0, 0.0, 1.620242, 0.0, 0.0, 0.0, 1.0],
                [1.0, 0.0, 0.0, -5e-06, 0.0, 0.0, -1.0, 0.000946, 0.0, 1.0, 0.0, 1.620242, 0.0, 0.0, 0.0, 1.0],
                [1.0, 0.0, 0.0, -5e-06, 0.0, 0.0, -1.0, 0.000946, 0.0, 1.0, 0.0, 1.620242, 0.0, 0.0, 0.0, 1.0],
                [1.0, 0.0, 0.0, -5e-06, 0.0, 0.0, -1.0, 0.000946, 0.0, 1.0, 0.0, 1.620242, 0.0, 0.0, 0.0, 1.0],
                [1.0, 0.0, 0.0, -5e-06, 0.0, 0.0, -1.0, 0.000946, 0.0, 1.0, 0.0, 1.620242, 0.0, 0.0, 0.0, 1.0],
                [1.0, 0.0, 0.0, -5e-06, 0.0, 0.0, -1.0, 0.000946, 0.0, 1.0, 0.0, 1.620242, 0.0, 0.0, 0.0, 1.0],
                [1.0, 0.0, 0.0, -5e-06, 0.0, 0.0, -1.0, 0.000946, 0.0, 1.0, 0.0, 1.620242, 0.0, 0.0, 0.0, 1.0],
                [1.0, 0.0, 0.0, -5e-06, 0.0, 0.0, -1.0, 0.000946, 0.0, 1.0, 0.0, 1.620242, 0.0, 0.0, 0.0, 1.0],
                [1.0, 0.0, 0.0, -5e-06, 0.0, 0.0, -1.0, 0.000946, 0.0, 1.0, 0.0, 1.620242, 0.0, 0.0, 0.0, 1.0],
                [1.0, 0.0, 0.0, -5e-06, 0.0, 0.0, -1.0, 0.000946, 0.0, 1.0, 0.0, 1.620242, 0.0, 0.0, 0.0, 1.0],
                [1.0, 0.0, 0.0, -5e-06, 0.0, 0.0, -1.0, 0.000946, 0.0, 1.0, 0.0, 1.620242, 0.0, 0.0, 0.0, 1.0],
                [1.0, 0.0, 0.0, -5e-06, 0.0, 0.0, -1.0, 0.000946, 0.0, 1.0, 0.0, 1.620242, 0.0, 0.0, 0.0, 1.0],
                [1.0, 0.0, 0.0, -5e-06, 0.0, 0.0, -1.0, 0.000946, 0.0, 1.0, 0.0, 1.620242, 0.0, 0.0, 0.0, 1.0],
                [1.0, 0.0, 0.0, -5e-06, 0.0, 0.0, -1.0, 0.000946, 0.0, 1.0, 0.0, 1.620242, 0.0, 0.0, 0.0, 1.0],
                [1.0, 0.0, 0.0, -5e-06, 0.0, 0.0, -1.0, 0.000946, 0.0, 1.0, 0.0, 1.620242, 0.0, 0.0, 0.0, 1.0],
                [1.0, 0.0, 0.0, -5e-06, 0.0, 0.0, -1.0, 0.000946, 0.0, 1.0, 0.0, 1.620242, 0.0, 0.0, 0.0, 1.0],
                [1.0, 0.0, 0.0, -5e-06, 0.0, 0.0, -1.0, 0.000946, 0.0, 1.0, 0.0, 1.61467, 0.0, 0.0, 0.0, 1.0],
                [1.0, 0.0, 0.0, -5e-06, 0.0, 0.0, -1.0, 0.000946, 0.0, 1.0, 0.0, 1.598503, 0.0, 0.0, 0.0, 1.0],
                [1.0, 0.0, 0.0, -5e-06, 0.0, 0.0, -1.0, 0.000946, 0.0, 1.0, 0.0, 1.572565, 0.0, 0.0, 0.0, 1.0],
                [1.0, 0.0, 0.0, -5e-06, 0.0, 0.0, -1.0, 0.000946, 0.0, 1.0, 0.0, 1.537681, 0.0, 0.0, 0.0, 1.0],
                [1.0, 0.0, 0.0, -5e-06, 0.0, 0.0, -1.0, 0.000946, 0.0, 1.0, 0.0, 1.494676, 0.0, 0.0, 0.0, 1.0],
                [1.0, 0.0, 0.0, -5e-06, 0.0, 0.0, -1.0, 0.000946, 0.0, 1.0, 0.0, 1.444373, 0.0, 0.0, 0.0, 1.0],
                [1.0, 0.0, 0.0, -5e-06, 0.0, 0.0, -1.0, 0.000946, 0.0, 1.0, 0.0, 1.387597, 0.0, 0.0, 0.0, 1.0],
                [1.0, 0.0, 0.0, -5e-06, 0.0, 0.0, -1.0, 0.000946, 0.0, 1.0, 0.0, 1.325172, 0.0, 0.0, 0.0, 1.0],
                [1.0, 0.0, 0.0, -5e-06, 0.0, 0.0, -1.0, 0.000946, 0.0, 1.0, 0.0, 1.257923, 0.0, 0.0, 0.0, 1.0],
                [1.0, 0.0, 0.0, -5e-06, 0.0, 0.0, -1.0, 0.000946, 0.0, 1.0, 0.0, 1.186674, 0.0, 0.0, 0.0, 1.0],
                [1.0, 0.0, 0.0, -5e-06, 0.0, 0.0, -1.0, 0.000946, 0.0, 1.0, 0.0, 1.112379, 0.0, 0.0, 0.0, 1.0],
                [1.0, 0.0, 0.0, -5e-06, 0.0, 0.0, -1.0, 0.000946, 0.0, 1.0, 0.0, 1.036507, 0.0, 0.0, 0.0, 1.0],
                [1.0, 0.0, 0.0, -5e-06, 0.0, 0.0, -1.0, 0.000946, 0.0, 1.0, 0.0, 0.960657, 0.0, 0.0, 0.0, 1.0],
                [1.0, 0.0, 0.0, -5e-06, 0.0, 0.0, -1.0, 0.000946, 0.0, 1.0, 0.0, 0.88643, 0.0, 0.0, 0.0, 1.0],
                [1.0, 0.0, 0.0, -5e-06, 0.0, 0.0, -1.0, 0.000946, 0.0, 1.0, 0.0, 0.815425, 0.0, 0.0, 0.0, 1.0],
                [1.0, 0.0, 0.0, -5e-06, 0.0, 0.0, -1.0, 0.000946, 0.0, 1.0, 0.0, 0.74924, 0.0, 0.0, 0.0, 1.0],
                [1.0, 0.0, 0.0, -5e-06, 0.0, 0.0, -1.0, 0.000946, 0.0, 1.0, 0.0, 0.689475, 0.0, 0.0, 0.0, 1.0],
                [1.0, 0.0, 0.0, -5e-06, 0.0, 0.0, -1.0, 0.000946, 0.0, 1.0, 0.0, 0.637729, 0.0, 0.0, 0.0, 1.0],
                [1.0, 0.0, 0.0, -5e-06, 0.0, 0.0, -1.0, 0.000946, 0.0, 1.0, 0.0, 0.595601, 0.0, 0.0, 0.0, 1.0],
                [1.0, 0.0, 0.0, -5e-06, 0.0, 0.0, -1.0, 0.000946, 0.0, 1.0, 0.0, 0.564692, 0.0, 0.0, 0.0, 1.0],
                [1.0, 0.0, 0.0, -5e-06, 0.0, 0.0, -1.0, 0.000946, 0.0, 1.0, 0.0, 0.542318, 0.0, 0.0, 0.0, 1.0],
                [1.0, 0.0, 0.0, -5e-06, 0.0, 0.0, -1.0, 0.000946, 0.0, 1.0, 0.0, 0.524403, 0.0, 0.0, 0.0, 1.0],
                [1.0, 0.0, 0.0, -5e-06, 0.0, 0.0, -1.0, 0.000946, 0.0, 1.0, 0.0, 0.510451, 0.0, 0.0, 0.0, 1.0],
                [1.0, 0.0, 0.0, -5e-06, 0.0, 0.0, -1.0, 0.000946, 0.0, 1.0, 0.0, 0.499966, 0.0, 0.0, 0.0, 1.0],
                [1.0, 0.0, 0.0, -5e-06, 0.0, 0.0, -1.0, 0.000946, 0.0, 1.0, 0.0, 0.492453, 0.0, 0.0, 0.0, 1.0],
                [1.0, 0.0, 0.0, -5e-06, 0.0, 0.0, -1.0, 0.000946, 0.0, 1.0, 0.0, 0.487417, 0.0, 0.0, 0.0, 1.0],
                [1.0, 0.0, 0.0, -5e-06, 0.0, 0.0, -1.0, 0.000946, 0.0, 1.0, 0.0, 0.484362, 0.0, 0.0, 0.0, 1.0],
                [1.0, 0.0, 0.0, -5e-06, 0.0, 0.0, -1.0, 0.000946, 0.0, 1.0, 0.0, 0.482794, 0.0, 0.0, 0.0, 1.0],
                [1.0, 0.0, 0.0, -5e-06, 0.0, 0.0, -1.0, 0.000946, 0.0, 1.0, 0.0, 0.482216, 0.0, 0.0, 0.0, 1.0],
                [1.0, 0.0, 0.0, -5e-06, 0.0, 0.0, -1.0, 0.000946, 0.0, 1.0, 0.0, 0.482133, 0.0, 0.0, 0.0, 1.0]
            ]
        },
        {
            "name": "Thigh_R",
            "time": [0.0, 0.0167, 0.0333, 0.05, 0.0667, 0.0833, 0.1, 0.1167, 0.1333, 0.15, 0.1667, 0.1833, 0.2, 0.2167, 0.2333, 0.25, 0.2667, 0.2833, 0.3, 0.3167, 0.3333, 0.35, 0.3667, 0.3833, 0.4, 0.4167, 0.4333, 0.45, 0.4667, 0.4833, 0.5, 0.5167, 0.5333, 0.55, 0.5667, 0.5833, 0.6, 0.6167, 0.6333, 0.65, 0.6667, 0.6833, 0.7, 0.7167, 0.7333, 0.75, 0.7667, 0.7833, 0.8, 0.8167, 0.8333, 0.85, 0.8667, 0.8833, 0.9, 0.9167, 0.9333, 0.95, 0.9667, 0.9833, 1.0, 1.0167, 1.0333, 1.05, 1.0667, 1.0833, 1.1, 1.1167, 1.1333, 1.15, 1.1667, 1.1833, 1.2, 1.2167, 1.2333, 1.25, 1.2667, 1.2833, 1.3, 1.3167, 1.3333, 1.35, 1.3667, 1.3833, 1.4, 1.4167, 1.4333, 1.45, 1.4667, 1.4833, 1.5, 1.5167, 1.5333, 1.55, 1.5667, 1.5833, 1.6, 1.6167, 1.6333, 1.65, 1.6667, 1.6833, 1.7, 1.7167, 1.7333, 1.75, 1.7667, 1.7833, 1.8, 1.8167, 1.8333],
            "transform": [
                [0.92715, 0.320039, 0.19485, 0.124994, 0.161175, -0.81011, 0.563687, -0.002831, 0.338252, -0.491217, -0.802678, -1.2e-05, 0.0, 0.0, 0.0, 1.0],
                [0.927351, 0.320657, 0.192869, 0.124994, 0.160558, -0.806547, 0.568947, -0.002156, 0.337995, -0.496646, -0.799438, 0.002386, 0.0, 0.0, 0.0, 1.0],
                [0.927857, 0.322416, 0.187427, 0.124994, 0.15896, -0.796544, 0.583307, -0.000325, 0.337362, -0.511431, -0.790332, 0.008895, 0.0, 0.0, 0.0, 1.0],
                [0.928522, 0.325087, 0.179345, 0.124994, 0.156751, -0.781132, 0.604368, 0.002374, 0.336564, -0.533056, -0.776257, 0.018488, 0.0, 0.0, 0.0, 1.0],
                [0.929206, 0.328443, 0.169412, 0.124994, 0.154295, -0.761333, 0.629732, 0.00565, 0.335811, -0.559011, -0.758114, 0.030135, 0.0, 0.0, 0.0, 1.0],
                [0.929776, 0.332354, 0.158293, 0.124994, 0.151961, -0.738164, 0.657283, 0.009216, 0.335297, -0.58707, -0.736834, 0.042811, 0.0, 0.0, 0.0, 1.0],
                [0.930107, 0.336809, 0.146492, 0.124994, 0.150131, -0.712643, 0.685274, 0.012782, 0.335203, -0.615384, -0.713401, 0.055486, 0.0, 0.0, 0.0, 1.0],
                [0.930077, 0.341908, 0.134364, 0.124994, 0.149216, -0.685826, 0.712303, 0.016059, 0.335693, -0.642447, -0.688891, 0.067134, 0.0, 0.0, 0.0, 1.0],
                [0.929563, 0.347833, 0.122163, 0.124994, 0.14967, -0.658895, 0.737194, 0.018757, 0.336913, -0.666983, -0.664546, 0.076726, 0.0, 0.0, 0.0, 1.0],
                [0.928423, 0.354824, 0.110133, 0.124994, 0.152008, -0.633276, 0.758851, 0.020588, 0.339003, -0.687793, -0.641885, 0.083235, 0.0, 0.0, 0.0, 1.0],
                [0.926486, 0.363174, 0.098624, 0.124994, 0.156815, -0.610803, 0.776097, 0.021263, 0.342099, -0.703577, -0.622854, 0.085633, 0.0, 0.0, 0.0, 1.0],
                [0.926689, 0.364891, 0.090004, 0.124994, 0.161054, -0.601939, 0.782132, 0.020588, 0.33957, -0.710296, -0.616579, 0.083235, 0.0, 0.0, 0.0, 1.0],
                [0.931574, 0.353168, 0.086266, 0.124994, 0.161029, -0.613579, 0.77304, 0.018757, 0.325945, -0.70625, -0.628465, 0.076726, 0.0, 0.0, 0.0, 1.0],
                [0.940066, 0.329831, 0.086532, 0.124994, 0.156109, -0.64189, 0.750737, 0.016059, 0.303161, -0.692233, -0.654909, 0.067134, 0.0, 0.0, 0.0, 1.0],
                [0.950762, 0.296879, 0.088958, 0.124994, 0.145802, -0.68175, 0.716908, 0.012782, 0.273482, -0.668638, -0.691469, 0.055486, 0.0, 0.0, 0.0, 1.0],
                [0.962064, 0.257108, 0.091254, 0.124994, 0.130331, -0.726966, 0.674191, 0.009216, 0.239679, -0.63672, -0.732898, 0.042811, 0.0, 0.0, 0.0, 1.0],
                [0.972452, 0.214387, 0.091516, 0.124994, 0.11099, -0.771085, 0.626983, 0.00565, 0.204984, -0.599552, -0.773639, 0.030135, 0.0, 0.0, 0.0, 1.0],
                [0.980816, 0.173445, 0.088977, 0.124994, 0.090185, -0.808393, 0.581692, 0.002374, 0.172821, -0.562507, -0.808529, 0.018487, 0.0, 0.0, 0.0, 1.0],
                [0.986661, 0.139284, 0.084264, 0.124994, 0.071144, -0.834514, 0.546373, -0.000325, 0.146421, -0.533089, -0.833292, 0.008895, 0.0, 0.0, 0.0, 1.0],
                [0.990038, 0.116627, 0.078879, 0.124994, 0.057477, -0.846204, 0.529748, -0.002156, 0.128531, -0.519936, -0.84448, 0.002386, 0.0, 0.0, 0.0, 1.0],
                [0.991202, 0.109776, 0.073945, 0.124994, 0.05281, -0.840283, 0.539569, -0.002831, 0.121366, -0.530916, -0.838689, -1.2e-05, 0.0, 0.0, 0.0, 1.0],
                [0.991283, 0.111846, 0.069627, 0.124994, 0.053728, -0.825734, 0.561494, -0.002831, 0.120294, -0.552857, -0.824546, -1.2e-05, 0.0, 0.0, 0.0, 1.0],
                [0.991349, 0.11335, 0.066175, 0.124994, 0.054487, -0.814088, 0.578179, -0.002831, 0.119409, -0.56957, -0.813223, -1.2e-05, 0.0, 0.0, 0.0, 1.0],
                [0.9914, 0.114432, 0.063487, 0.124994, 0.055094, -0.80502, 0.590683, -0.002831, 0.118702, -0.582104, -0.804403, -1.2e-05, 0.0, 0.0, 0.0, 1.0],
                [0.991439, 0.115196, 0.061466, 0.124994, 0.055558, -0.798207, 0.599814, -0.002831, 0.118159, -0.591263, -0.797775, -1.2e-05, 0.0, 0.0, 0.0, 1.0],
                [0.991467, 0.115719, 0.060018, 0.124994, 0.055896, -0.793326, 0.606224, -0.002831, 0.117765, -0.597695, -0.793026, -1.2e-05, 0.0, 0.0, 0.0, 1.0],
                [0.991486, 0.116057, 0.059046, 0.124994, 0.056124, -0.790054, 0.610461, -0.002831, 0.117498, -0.601948, -0.789843, -1.2e-05, 0.0, 0.0, 0.0, 1.0],
                [0.991497, 0.116258, 0.058457, 0.124994, 0.056264, -0.78807, 0.613008, -0.002831, 0.117335, -0.604505, -0.787911, -1.2e-05, 0.0, 0.0, 0.0, 1.0],
                [0.991503, 0.11636, 0.058154, 0.124994, 0.056336, -0.787051, 0.614309, -0.002831, 0.117251, -0.605812, -0.78692, -1.2e-05, 0.0, 0.0, 0.0, 1.0],
                [0.991505, 0.116397, 0.058043, 0.124994, 0.056362, -0.786675, 0.614787, -0.002831, 0.11722, -0.606292, -0.786555, -1.2e-05, 0.0, 0.0, 0.0, 1.0],
                [0.991506, 0.116403, 0.058027, 0.124994, 0.056366, -0.786622, 0.614856, -0.002831, 0.117216, -0.606361, -0.786503, -1.2e-05, 0.0, 0.0, 0.0, 1.0],
                [0.991501, 0.116325, 0.058257, 0.124994, 0.056311, -0.787398, 0.613866, -0.002831, 0.11728, -0.605367, -0.787258, -1.2e-05, 0.0, 0.0, 0.0, 1.0],
                [0.991489, 0.116113, 0.058883, 0.124994, 0.056163, -0.789505, 0.611168, -0.002831, 0.117453, -0.602657, -0.789308, -1.2e-05, 0.0, 0.0, 0.0, 1.0],
                [0.991471, 0.115793, 0.059805, 0.124994, 0.055945, -0.79261, 0.607155, -0.002831, 0.117707, -0.59863, -0.79233, -1.2e-05, 0.0, 0.0, 0.0, 1.0],
                [0.991449, 0.115394, 0.060925, 0.124994, 0.055684, -0.796382, 0.602224, -0.002831, 0.118013, -0.593681, -0.796, -1.2e-05, 0.0, 0.0, 0.0, 1.0],
                [0.991426, 0.114945, 0.062142, 0.124994, 0.055402, -0.800486, 0.596784, -0.002831, 0.118342, -0.588224, -0.799992, -1.2e-05, 0.0, 0.0, 0.0, 1.0],
                [0.991403, 0.114482, 0.063359, 0.124994, 0.055123, -0.80459, 0.591265, -0.002831, 0.118668, -0.582688, -0.803985, -1.2e-05, 0.0, 0.0, 0.0, 1.0],
                [0.991381, 0.114042, 0.064478, 0.124994, 0.054869, -0.808362, 0.586122, -0.002831, 0.118964, -0.577531, -0.807653, -1.2e-05, 0.0, 0.0, 0.0, 1.0],
                [0.991364, 0.11367, 0.065399, 0.124994, 0.054661, -0.811468, 0.581833, -0.002831, 0.119206, -0.573232, -0.810675, -1.2e-05, 0.0, 0.0, 0.0, 1.0],
                [0.991352, 0.113413, 0.066023, 0.124994, 0.054521, -0.813576, 0.578895, -0.002831, 0.119369, -0.570287, -0.812725, -1.2e-05, 0.0, 0.0, 0.0, 1.0],
                [0.991347, 0.113317, 0.066254, 0.124994, 0.05447, -0.814353, 0.577806, -0.002831, 0.119429, -0.569197, -0.813481, -1.2e-05, 0.0, 0.0, 0.0, 1.0],
                [0.991352, 0.113413, 0.066023, 0.124994, 0.054521, -0.813576, 0.578895, -0.002831, 0.119369, -0.570287, -0.812725, -1.2e-05, 0.0, 0.0, 0.0, 1.0],
                [0.991364, 0.11367, 0.065399, 0.124994, 0.054661, -0.811468, 0.581833, -0.002831, 0.119206, -0.573232, -0.810675, -1.2e-05, 0.0, 0.0, 0.0, 1.0],
                [0.991381, 0.114042, 0.064478, 0.124994, 0.054869, -0.808362, 0.586122, -0.002831, 0.118964, -0.577531, -0.807654, -1.2e-05, 0.0, 0.0, 0.0, 1.0],
                [0.991403, 0.114482, 0.06336, 0.124994, 0.055123, -0.80459, 0.591265, -0.002831, 0.118668, -0.582689, -0.803985, -1.2e-05, 0.0, 0.0, 0.0, 1.0],
                [0.991426, 0.114945, 0.062142, 0.124994, 0.055402, -0.800485, 0.596785, -0.002831, 0.118342, -0.588224, -0.799992, -1.2e-05, 0.0, 0.0, 0.0, 1.0],
                [0.991449, 0.115394, 0.060925, 0.124994, 0.055684, -0.796382, 0.602224, -0.002831, 0.118013, -0.593681, -0.795999, -1.2e-05, 0.0, 0.0, 0.0, 1.0],
                [0.991471, 0.115793, 0.059805, 0.124994, 0.055945, -0.79261, 0.607155, -0.002831, 0.117707, -0.59863, -0.79233, -1.2e-05, 0.0, 0.0, 0.0, 1.0],
                [0.991489, 0.116113, 0.058883, 0.124994, 0.056163, -0.789505, 0.611167, -0.002831, 0.117453, -0.602657, -0.789308, -1.2e-05, 0.0, 0.0, 0.0, 1.0],
                [0.991501, 0.116325, 0.058257, 0.124994, 0.056311, -0.787398, 0.613866, -0.002831, 0.11728, -0.605367, -0.787258, -1.2e-05, 0.0, 0.0, 0.0, 1.0],
                [0.991506, 0.116403, 0.058027, 0.124994, 0.056366, -0.786622, 0.614856, -0.002831, 0.117216, -0.606361, -0.786503, -1.2e-05, 0.0, 0.0, 0.0, 1.0],
                [0.991501, 0.116325, 0.058257, 0.124994, 0.056311, -0.787398, 0.613866, -0.002831, 0.11728, -0.605367, -0.787258, -1.2e-05, 0.0, 0.0, 0.0, 1.0],
                [0.991489, 0.116113, 0.058883, 0.124994, 0.056163, -0.789505, 0.611168, -0.002831, 0.117453, -0.602657, -0.789308, -1.2e-05, 0.0, 0.0, 0.0, 1.0],
                [0.991471, 0.115793, 0.059805, 0.124994, 0.055945, -0.79261, 0.607155, -0.002831, 0.117707, -0.59863, -0.79233, -1.2e-05, 0.0, 0.0, 0.0, 1.0],
                [0.991449, 0.115394, 0.060925, 0.124994, 0.055684, -0.796382, 0.602224, -0.002831, 0.118013, -0.593681, -0.795999, -1.2e-05, 0.0, 0.0, 0.0, 1.0],
                [0.991426, 0.114945, 0.062142, 0.124994, 0.055402, -0.800485, 0.596785, -0.002831, 0.118342, -0.588224, -0.799992, -1.2e-05, 0.0, 0.0, 0.0, 1.0],
                [0.991403, 0.114482, 0.063359, 0.124994, 0.055123, -0.80459, 0.591265, -0.002831, 0.118668, -0.582688, -0.803985, -1.2e-05, 0.0, 0.0, 0.0, 1.0],
                [0.991381, 0.114042, 0.064478, 0.124994, 0.054869, -0.808362, 0.586122, -0.002831, 0.118964, -0.577531, -0.807653, -1.2e-05, 0.0, 0.0, 0.0, 1.0],
                [0.991364, 0.11367, 0.065399, 0.124994, 0.054661, -0.811468, 0.581833, -0.002831, 0.119206, -0.573232, -0.810675, -1.2e-05, 0.0, 0.0, 0.0, 1.0],
                [0.991352, 0.113413, 0.066023, 0.124994, 0.054521, -0.813577, 0.578895, -0.002831, 0.119369, -0.570287, -0.812725, -1.2e-05, 0.0, 0.0, 0.0, 1.0],
                [0.991347, 0.113317, 0.066254, 0.124994, 0.05447, -0.814353, 0.577806, -0.002831, 0.119429, -0.569196, -0.813481, -1.2e-05, 0.0, 0.0, 0.0, 1.0],
                [0.991352, 0.113413, 0.066023, 0.124994, 0.054521, -0.813576, 0.578895, -0.002831, 0.119369, -0.570287, -0.812725, -1.2e-05, 0.0, 0.0, 0.0, 1.0],
                [0.991364, 0.11367, 0.065399, 0.124994, 0.054661, -0.811469, 0.581833, -0.002831, 0.119206, -0.573232, -0.810675, -1.2e-05, 0.0, 0.0, 0.0, 1.0],
                [0.991381, 0.114042, 0.064478, 0.124994, 0.054869, -0.808362, 0.586122, -0.002831, 0.118964, -0.577531, -0.807654, -1.2e-05, 0.0, 0.0, 0.0, 1.0],
                [0.991403, 0.114482, 0.06336, 0.124994, 0.055123, -0.80459, 0.591265, -0.002831, 0.118668, -0.582688, -0.803985, -1.2e-05, 0.0, 0.0, 0.0, 1.0],
                [0.991426, 0.114945, 0.062142, 0.124994, 0.055402, -0.800485, 0.596785, -0.002831, 0.118342, -0.588224, -0.799992, -1.2e-05, 0.0, 0.0, 0.0, 1.0],
                [0.991449, 0.115394, 0.060925, 0.124994, 0.055684, -0.796382, 0.602224, -0.002831, 0.118013, -0.593681, -0.795999, -1.2e-05, 0.0, 0.0, 0.0, 1.0],
                [0.991471, 0.115793, 0.059805, 0.124994, 0.055945, -0.79261, 0.607155, -0.002831, 0.117707, -0.59863, -0.79233, -1.2e-05, 0.0, 0.0, 0.0, 1.0],
                [0.991489, 0.116113, 0.058883, 0.124994, 0.056163, -0.789505, 0.611167, -0.002831, 0.117453, -0.602657, -0.789308, -1.2e-05, 0.0, 0.0, 0.0, 1.0],
                [0.991501, 0.116325, 0.058257, 0.124994, 0.056311, -0.787398, 0.613866, -0.002831, 0.11728, -0.605367, -0.787258, -1.2e-05, 0.0, 0.0, 0.0, 1.0],
                [0.991506, 0.116403, 0.058027, 0.124994, 0.056366, -0.786622, 0.614856, -0.002831, 0.117216, -0.606361, -0.786503, -1.2e-05, 0.0, 0.0, 0.0, 1.0],
                [0.991505, 0.116393, 0.058055, 0.124994, 0.056359, -0.786717, 0.614735, -0.002831, 0.117224, -0.606239, -0.786595, -1.2e-05, 0.0, 0.0, 0.0, 1.0],
                [0.991501, 0.116327, 0.058253, 0.124994, 0.056312, -0.787383, 0.613886, -0.002831, 0.117279, -0.605388, -0.787242, -1.2e-05, 0.0, 0.0, 0.0, 1.0],
                [0.991491, 0.116145, 0.058789, 0.124994, 0.056185, -0.789188, 0.611575, -0.002831, 0.117427, -0.603067, -0.788999, -1.2e-05, 0.0, 0.0, 0.0, 1.0],
                [0.991471, 0.115784, 0.059833, 0.124994, 0.055939, -0.792705, 0.607033, -0.002831, 0.117715, -0.598506, -0.792422, -1.2e-05, 0.0, 0.0, 0.0, 1.0],
                [0.991437, 0.115164, 0.061554, 0.124994, 0.055538, -0.798503, 0.599422, -0.002831, 0.118183, -0.590869, -0.798064, -1.2e-05, 0.0, 0.0, 0.0, 1.0],
                [0.991388, 0.114184, 0.06412, 0.124994, 0.05495, -0.807155, 0.587775, -0.002831, 0.118869, -0.579188, -0.80648, -1.2e-05, 0.0, 0.0, 0.0, 1.0],
                [0.99132, 0.112702, 0.0677, 0.124994, 0.05415, -0.819232, 0.570898, -0.002831, 0.119803, -0.562276, -0.818225, -1.2e-05, 0.0, 0.0, 0.0, 1.0],
                [0.991229, 0.110508, 0.072468, 0.124994, 0.05312, -0.835308, 0.547208, -0.002831, 0.121004, -0.538558, -0.833854, -1.2e-05, 0.0, 0.0, 0.0, 1.0],
                [0.991115, 0.107287, 0.078612, 0.124994, 0.051854, -0.855962, 0.514431, -0.002831, 0.12248, -0.505782, -0.853922, -1.2e-05, 0.0, 0.0, 0.0, 1.0],
                [0.990975, 0.10252, 0.086358, 0.124994, 0.050355, -0.881775, 0.468972, -0.002831, 0.124227, -0.46039, -0.878981, -1.2e-05, 0.0, 0.0, 0.0, 1.0],
                [0.990901, 0.097197, 0.093102, 0.124994, 0.04952, -0.906487, 0.419317, -0.002831, 0.125152, -0.410891, -0.903054, -1.2e-05, 0.0, 0.0, 0.0, 1.0],
                [0.990956, 0.093427, 0.096316, 0.124994, 0.0503, -0.924086, 0.378857, -0.002831, 0.1244, -0.370586, -0.92043, -1.2e-05, 0.0, 0.0, 0.0, 1.0],
                [0.991094, 0.091935, 0.096337, 0.124994, 0.052836, -0.935544, 0.349232, -0.002831, 0.122234, -0.341031, -0.932071, -1.2e-05, 0.0, 0.0, 0.0, 1.0],
                [0.991258, 0.093172, 0.093418, 0.124994, 0.05732, -0.941838, 0.331138, -0.002831, 0.118837, -0.322888, -0.938947, -1.2e-05, 0.0, 0.0, 0.0, 1.0],
                [0.991377, 0.097305, 0.087762, 0.124994, 0.063983, -0.943949, 0.323828, -0.002831, 0.114353, -0.31542, -0.942037, -1.2e-05, 0.0, 0.0, 0.0, 1.0],
                [0.991359, 0.104278, 0.079581, 0.124994, 0.073082, -0.942862, 0.325065, -0.002831, 0.108931, -0.31644, -0.942338, -1.2e-05, 0.0, 0.0, 0.0, 1.0],
                [0.991076, 0.113947, 0.069172, 0.124994, 0.084878, -0.939575, 0.331651, -0.002831, 0.102783, -0.32282, -0.940863, -1.2e-05, 0.0, 0.0, 0.0, 1.0],
                [0.990359, 0.126242, 0.05702, 0.124994, 0.099615, -0.935089, 0.340121, -0.002831, 0.096256, -0.331161, -0.938652, -1.2e-05, 0.0, 0.0, 0.0, 1.0],
                [0.988995, 0.141272, 0.043932, 0.124994, 0.117481, -0.930407, 0.347186, -0.002831, 0.089923, -0.338204, -0.936767, -1.2e-05, 0.0, 0.0, 0.0, 1.0],
                [0.986726, 0.159363, 0.031222, 0.124994, 0.138571, -0.926516, 0.349806, -0.002831, 0.084674, -0.340835, -0.936302, -1.2e-05, 0.0, 0.0, 0.0, 1.0],
                [0.982979, 0.182104, 0.024278, 0.124994, 0.161868, -0.920991, 0.35436, -0.002831, 0.08689, -0.344399, -0.934794, 0.001064, 0.0, 0.0, 0.0, 1.0],
                [0.977443, 0.209509, 0.02667, 0.124994, 0.185264, -0.911175, 0.368016, -0.002831, 0.101404, -0.354773, -0.929437, 0.003983, 0.0, 0.0, 0.0, 1.0],
                [0.97014, 0.239552, 0.037973, 0.124994, 0.206569, -0.898106, 0.388243, -0.002831, 0.127108, -0.368806, -0.920774, 0.008286, 0.0, 0.0, 0.0, 1.0],
                [0.961103, 0.270061, 0.057848, 0.124994, 0.223357, -0.883217, 0.412356, -0.002831, 0.162454, -0.383395, -0.909185, 0.01351, 0.0, 0.0, 0.0, 1.0],
                [0.950474, 0.298894, 0.085218, 0.124994, 0.233611, -0.867875, 0.438425, -0.002831, 0.205001, -0.396803, -0.894719, 0.019195, 0.0, 0.0, 0.0, 1.0],
                [0.938611, 0.324429, 0.117283, 0.124994, 0.236348, -0.852397, 0.466431, -0.002831, 0.251296, -0.410077, -0.876748, 0.024881, 0.0, 0.0, 0.0, 1.0],
                [0.926198, 0.346587, 0.148438, 0.124994, 0.232078, -0.834339, 0.500017, -0.002831, 0.297147, -0.428665, -0.8532, 0.030105, 0.0, 0.0, 0.0, 1.0],
                [0.91428, 0.367694, 0.169977, 0.124994, 0.2229, -0.807029, 0.546825, -0.002831, 0.338241, -0.462062, -0.819812, 0.034407, 0.0, 0.0, 0.0, 1.0],
                [0.904153, 0.390526, 0.173194, 0.124994, 0.212141, -0.762319, 0.611444, -0.002831, 0.370814, -0.516096, -0.772102, 0.037327, 0.0, 0.0, 0.0, 1.0],
                [0.897121, 0.414048, 0.154067, 0.124994, 0.203711, -0.697151, 0.687372, -0.002831, 0.392014, -0.58527, -0.709777, 0.038402, 0.0, 0.0, 0.0, 1.0],
                [0.892538, 0.432322, 0.128346, 0.124994, 0.198021, -0.631398, 0.749749, -0.002831, 0.405171, -0.643763, -0.649157, 0.038402, 0.0, 0.0, 0.0, 1.0],
                [0.888931, 0.444779, 0.10942, 0.124994, 0.193028, -0.580405, 0.791119, -0.002831, 0.415381, -0.682128, -0.601796, 0.038402, 0.0, 0.0, 0.0, 1.0],
                [0.886179, 0.453443, 0.095265, 0.124994, 0.188876, -0.541266, 0.819363, -0.002831, 0.423099, -0.708108, -0.565304, 0.038402, 0.0, 0.0, 0.0, 1.0],
                [0.884152, 0.45943, 0.084849, 0.124994, 0.185608, -0.512076, 0.838647, -0.002831, 0.428748, -0.72574, -0.538027, 0.038402, 0.0, 0.0, 0.0, 1.0],
                [0.882724, 0.46346, 0.077471, 0.124994, 0.183189, -0.491248, 0.851538, -0.002831, 0.432712, -0.73748, -0.518539, 0.038402, 0.0, 0.0, 0.0, 1.0],
                [0.88178, 0.466045, 0.072556, 0.124994, 0.181533, -0.477322, 0.859773, -0.002831, 0.435326, -0.744958, -0.505497, 0.038402, 0.0, 0.0, 0.0, 1.0],
                [0.881213, 0.467568, 0.069586, 0.124994, 0.180515, -0.468887, 0.864615, -0.002831, 0.436895, -0.749348, -0.497593, 0.038402, 0.0, 0.0, 0.0, 1.0],
                [0.880923, 0.468338, 0.068064, 0.124994, 0.179988, -0.464558, 0.867058, -0.002831, 0.437696, -0.75156, -0.493536, 0.038402, 0.0, 0.0, 0.0, 1.0],
                [0.880817, 0.468619, 0.067503, 0.124994, 0.179793, -0.462963, 0.867951, -0.002831, 0.43799, -0.752368, -0.492041, 0.038402, 0.0, 0.0, 0.0, 1.0],
                [0.880802, 0.468659, 0.067423, 0.124994, 0.179766, -0.462736, 0.868078, -0.002831, 0.438032, -0.752483, -0.491829, 0.038402, 0.0, 0.0, 0.0, 1.0]
            ]
        },
        {
            "name": "Leg_R",
            "time": [0.0, 0.0167, 0.0333, 0.05, 0.0667, 0.0833, 0.1, 0.1167, 0.1333, 0.15, 0.1667, 0.1833, 0.2, 0.2167, 0.2333, 0.25, 0.2667, 0.2833, 0.3, 0.3167, 0.3333, 0.35, 0.3667, 0.3833, 0.4, 0.4167, 0.4333, 0.45, 0.4667, 0.4833, 0.5, 0.5167, 0.5333, 0.55, 0.5667, 0.5833, 0.6, 0.6167, 0.6333, 0.65, 0.6667, 0.6833, 0.7, 0.7167, 0.7333, 0.75, 0.7667, 0.7833, 0.8, 0.8167, 0.8333, 0.85, 0.8667, 0.8833, 0.9, 0.9167, 0.9333, 0.95, 0.9667, 0.9833, 1.0, 1.0167, 1.0333, 1.05, 1.0667, 1.0833, 1.1, 1.1167, 1.1333, 1.15, 1.1667, 1.1833, 1.2, 1.2167, 1.2333, 1.25, 1.2667, 1.2833, 1.3, 1.3167, 1.3333, 1.35, 1.3667, 1.3833, 1.4, 1.4167, 1.4333, 1.45, 1.4667, 1.4833, 1.5, 1.5167, 1.5333, 1.55, 1.5667, 1.5833, 1.6, 1.6167, 1.6333, 1.65, 1.6667, 1.6833, 1.7, 1.7167, 1.7333, 1.75, 1.7667, 1.7833, 1.8, 1.8167, 1.8333],
            "transform": [
                [1.0, -0.0, 1e-06, -0.0, -0.0, 0.828198, 0.56044, 0.374726, -1e-06, -0.560443, 0.82819, 0.0, 0.0, 0.0, 0.0, 1.0],
                [1.0, -0.0, 1e-06, -0.0, -0.0, 0.824944, 0.565218, 0.374726, -1e-06, -0.565221, 0.824937, -0.0, 0.0, 0.0, 0.0, 1.0],
                [1.0, -0.0, 1e-06, -0.0, -0.0, 0.815576, 0.578653, 0.374726, -1e-06, -0.578656, 0.81557, -0.0, 0.0, 0.0, 0.0, 1.0],
                [1.0, -0.0, 1e-06, -0.0, -0.0, 0.800829, 0.598896, 0.374726, -1e-06, -0.598899, 0.800822, 0.0, 0.0, 0.0, 0.0, 1.0],
                [1.000001, -1e-06, 1e-06, -0.0, -0.0, 0.781371, 0.62407, 0.374726, -1e-06, -0.624073, 0.781364, 0.0, 0.0, 0.0, 0.0, 1.0],
                [1.000001, -1e-06, 1e-06, 0.0, -0.0, 0.757573, 0.652753, 0.374726, -1e-06, -0.652756, 0.757566, -0.0, 0.0, 0.0, 0.0, 1.0],
                [1.000001, -0.0, 1e-06, -0.0, -0.0, 0.729405, 0.684083, 0.374726, -1e-06, -0.684086, 0.7294, 0.0, 0.0, 0.0, 0.0, 1.0],
                [1.0, -1e-06, 1e-06, -0.0, -0.0, 0.69644, 0.717615, 0.374726, -1e-06, -0.717618, 0.696435, -0.0, 0.0, 0.0, 0.0, 1.0],
                [1.0, -1e-06, 1e-06, 0.0, -0.0, 0.657985, 0.753032, 0.374726, -1e-06, -0.753034, 0.657981, 0.0, 0.0, 0.0, 0.0, 1.0],
                [1.0, -1e-06, 1e-06, 0.0, -0.0, 0.613325, 0.789831, 0.374726, -1e-06, -0.789834, 0.61332, 0.0, 0.0, 0.0, 0.0, 1.0],
                [1.0, -1e-06, 1e-06, -0.0, -0.0, 0.56209, 0.827076, 0.374726, -1e-06, -0.827079, 0.562086, 0.0, 0.0, 0.0, 0.0, 1.0],
                [1.0, -1e-06, 1e-06, 0.0, -0.0, 0.512631, 0.858609, 0.374726, -1e-06, -0.858612, 0.512627, -0.0, 0.0, 0.0, 0.0, 1.0],
                [1.0, -1e-06, 1e-06, -0.0, -0.0, 0.473955, 0.880548, 0.374726, -1e-06, -0.880551, 0.473952, -0.0, 0.0, 0.0, 0.0, 1.0],
                [1.0, -1e-06, 1e-06, -0.0, -0.0, 0.448103, 0.893982, 0.374726, -1e-06, -0.893984, 0.4481, 0.0, 0.0, 0.0, 0.0, 1.0],
                [1.0, -1e-06, 1e-06, 0.0, -0.0, 0.436545, 0.899682, 0.374726, -1e-06, -0.899684, 0.436543, -0.0, 0.0, 0.0, 0.0, 1.0],
                [1.0, -1e-06, 1e-06, -0.0, -0.0, 0.438611, 0.898676, 0.374726, -1e-06, -0.898679, 0.438607, 0.0, 0.0, 0.0, 0.0, 1.0],
                [1.0, -1e-06, 1e-06, 0.0, -0.0, 0.4506, 0.892725, 0.374726, -1e-06, -0.892728, 0.450597, 0.0, 0.0, 0.0, 0.0, 1.0],
                [1.0, -1e-06, 1e-06, 0.0, -0.0, 0.46562, 0.884984, 0.374726, -1e-06, -0.884986, 0.465617, 0.0, 0.0, 0.0, 0.0, 1.0],
                [1.0, -1e-06, 1e-06, 0.0, -0.0, 0.474123, 0.880458, 0.374726, -1e-06, -0.880461, 0.47412, 0.0, 0.0, 0.0, 0.0, 1.0],
                [1.0, -1e-06, 1e-06, 0.0, -0.0, 0.465144, 0.885235, 0.374726, -1e-06, -0.885238, 0.46514, 0.0, 0.0, 0.0, 0.0, 1.0],
                [1.0, -1e-06, 1e-06, 0.0, -0.0, 0.428258, 0.903656, 0.374726, -1e-06, -0.903658, 0.428255, -0.0, 0.0, 0.0, 0.0, 1.0],
                [1.0, -1e-06, 1e-06, 0.0, -0.0, 0.380185, 0.92491, 0.374726, -1e-06, -0.924912, 0.380183, 0.0, 0.0, 0.0, 0.0, 1.0],
                [1.000001, -1e-06, 1e-06, 0.0, -0.0, 0.342288, 0.939594, 0.374726, -1e-06, -0.939597, 0.342285, -0.0, 0.0, 0.0, 0.0, 1.0],
                [1.0, -1e-06, 0.0, -0.0, -0.0, 0.313139, 0.949707, 0.374726, -1e-06, -0.949709, 0.313137, 0.0, 0.0, 0.0, 0.0, 1.0],
                [1.0, -1e-06, 0.0, 0.0, -0.0, 0.291445, 0.956587, 0.374726, -1e-06, -0.956589, 0.291444, 0.0, 0.0, 0.0, 0.0, 1.0],
                [1.0, -1e-06, 0.0, -0.0, -0.0, 0.276013, 0.961153, 0.374726, -1e-06, -0.961155, 0.276011, -0.0, 0.0, 0.0, 0.0, 1.0],
                [1.0, -1e-06, 0.0, -0.0, -0.0, 0.265721, 0.964049, 0.374726, -1e-06, -0.964051, 0.265719, -0.0, 0.0, 0.0, 0.0, 1.0],
                [1.0, -1e-06, 0.0, -0.0, -0.0, 0.259497, 0.965743, 0.374726, -1e-06, -0.965745, 0.259496, -0.0, 0.0, 0.0, 0.0, 1.0],
                [1.0, -1e-06, 0.0, -0.0, -0.0, 0.256308, 0.966594, 0.374726, -1e-06, -0.966596, 0.256306, 0.0, 0.0, 0.0, 0.0, 1.0],
                [1.0, -1e-06, 0.0, 0.0, -0.0, 0.255134, 0.966905, 0.374726, -1e-06, -0.966907, 0.255132, 0.0, 0.0, 0.0, 0.0, 1.0],
                [1.0, -1e-06, 0.0, -0.0, -0.0, 0.254966, 0.966949, 0.374726, -1e-06, -0.966951, 0.254964, -0.0, 0.0, 0.0, 0.0, 1.0],
                [1.0, -1e-06, 0.0, 0.0, -0.0, 0.257394, 0.966305, 0.374726, -1e-06, -0.966307, 0.257393, 0.0, 0.0, 0.0, 0.0, 1.0],
                [1.0, -1e-06, 0.0, 0.0, -0.0, 0.263997, 0.964522, 0.374726, -1e-06, -0.964524, 0.263995, 0.0, 0.0, 0.0, 0.0, 1.0],
                [1.0, -1e-06, 0.0, -0.0, -0.0, 0.273758, 0.961798, 0.374726, -1e-06, -0.9618, 0.273757, -0.0, 0.0, 0.0, 0.0, 1.0],
                [1.0, -1e-06, 0.0, -0.0, -0.0, 0.285664, 0.958328, 0.374726, -1e-06, -0.958331, 0.285662, -0.0, 0.0, 0.0, 0.0, 1.0],
                [1.0, -1e-06, 1e-06, -0.0, -0.0, 0.298681, 0.954352, 0.374726, -1e-06, -0.954354, 0.298679, 0.0, 0.0, 0.0, 0.0, 1.0],
                [1.0, -1e-06, 1e-06, 0.0, -0.0, 0.311764, 0.950159, 0.374726, -1e-06, -0.950161, 0.311762, 0.0, 0.0, 0.0, 0.0, 1.0],
                [1.0, -1e-06, 1e-06, 0.0, -0.0, 0.323845, 0.946109, 0.374726, -1e-06, -0.946112, 0.323843, -0.0, 0.0, 0.0, 0.0, 1.0],
                [1.0, -1e-06, 1e-06, 0.0, -0.0, 0.333835, 0.942631, 0.374726, -1e-06, -0.942633, 0.333833, -0.0, 0.0, 0.0, 0.0, 1.0],
                [1.000001, -1e-06, 1e-06, 0.0, -0.0, 0.340636, 0.940195, 0.374727, -1e-06, -0.940197, 0.340634, -0.0, 0.0, 0.0, 0.0, 1.0],
                [1.0, -1e-06, 1e-06, 0.0, -0.0, 0.343146, 0.939281, 0.374726, -1e-06, -0.939283, 0.343144, 0.0, 0.0, 0.0, 0.0, 1.0],
                [1.000001, -1e-06, 1e-06, -0.0, -0.0, 0.340636, 0.940195, 0.374727, -1e-06, -0.940197, 0.340634, -0.0, 0.0, 0.0, 0.0, 1.0],
                [1.0, -1e-06, 1e-06, -0.0, -0.0, 0.333835, 0.942631, 0.374726, -1e-06, -0.942633, 0.333833, -0.0, 0.0, 0.0, 0.0, 1.0],
                [1.000001, -1e-06, 1e-06, -0.0, -0.0, 0.323845, 0.94611, 0.374726, -1e-06, -0.946112, 0.323842, 0.0, 0.0, 0.0, 0.0, 1.0],
                [1.0, -1e-06, 1e-06, 0.0, -0.0, 0.311764, 0.950159, 0.374726, -1e-06, -0.950161, 0.311762, 0.0, 0.0, 0.0, 0.0, 1.0],
                [1.000001, -1e-06, 0.0, -0.0, -0.0, 0.298681, 0.954353, 0.374726, -1e-06, -0.954355, 0.298679, 0.0, 0.0, 0.0, 0.0, 1.0],
                [1.0, -1e-06, 0.0, 0.0, -0.0, 0.285663, 0.958329, 0.374726, -1e-06, -0.958331, 0.285661, 0.0, 0.0, 0.0, 0.0, 1.0],
                [1.0, -1e-06, 0.0, 0.0, -0.0, 0.273758, 0.961798, 0.374726, -1e-06, -0.9618, 0.273757, 0.0, 0.0, 0.0, 0.0, 1.0],
                [1.0, -1e-06, 0.0, -0.0, -0.0, 0.263997, 0.964522, 0.374726, -1e-06, -0.964524, 0.263996, 0.0, 0.0, 0.0, 0.0, 1.0],
                [1.0, -1e-06, 0.0, -0.0, -0.0, 0.257395, 0.966305, 0.374726, -1e-06, -0.966307, 0.257393, -0.0, 0.0, 0.0, 0.0, 1.0],
                [1.0, -1e-06, 0.0, 0.0, -0.0, 0.254966, 0.966949, 0.374726, -1e-06, -0.966951, 0.254964, 0.0, 0.0, 0.0, 0.0, 1.0],
                [1.0, -1e-06, 0.0, 0.0, -0.0, 0.257395, 0.966305, 0.374726, -1e-06, -0.966307, 0.257393, 0.0, 0.0, 0.0, 0.0, 1.0],
