{
    "animation": [
        {
            "name": "Root",
            "time": [0.0, 0.0167, 0.0333, 0.05, 0.0667, 0.0833, 0.1, 0.1167, 0.1333, 0.15, 0.1667, 0.1833, 0.2, 0.2167, 0.2333, 0.25, 0.2667, 0.2833, 0.3, 0.3167, 0.3333, 0.35, 0.3667, 0.3833, 0.4, 0.4167, 0.4333, 0.45, 0.4667, 0.4833, 0.5, 0.5167, 0.5333, 0.55, 0.5667, 0.5833, 0.6, 0.6167, 0.6333, 0.65, 0.6667],
            "transform": [
                [-0.999971, 0.0, 0.007627, 0.001191, 0.007532, -0.156794, 0.987603, -0.033353, 0.001196, 0.987631, 0.15679, 0.645564, 0.0, 0.0, 0.0, 1.0],
                [-0.999971, 0.0, 0.007627, 0.001191, 0.007506, -0.176942, 0.984193, 0.003061, 0.001349, 0.984221, 0.176937, 0.662931, 0.0, 0.0, 0.0, 1.0],
                [-0.999971, 0.0, 0.007627, 0.001191, 0.007424, -0.229039, 0.973389, 0.096184, 0.001747, 0.973417, 0.229033, 0.710024, 0.0, 0.0, 0.0, 1.0],
                [-0.999971, 0.0, 0.007627, 0.001191, 0.007275, -0.300188, 0.953852, 0.221835, 0.002289, 0.95388, 0.30018, 0.77933, 0.0, 0.0, 0.0, 1.0],
                [-0.999971, 0.0, 0.007627, 0.001191, 0.007064, -0.377139, 0.92613, 0.355835, 0.002876, 0.926157, 0.377128, 0.863336, 0.0, 0.0, 0.0, 1.0],
                [-0.999971, 0.0, 0.007627, 0.001191, 0.006822, -0.447174, 0.894421, 0.474002, 0.00341, 0.894447, 0.447161, 0.954528, 0.0, 0.0, 0.0, 1.0],
                [-0.999971, 0.0, 0.007627, 0.001191, 0.006609, -0.499156, 0.866486, 0.552158, 0.003807, 0.866512, 0.499142, 1.045394, 0.0, 0.0, 0.0, 1.0],
                [-0.999971, 0.0, 0.007627, 0.001191, 0.006481, -0.527154, 0.849745, 0.594362, 0.00402, 0.84977, 0.527139, 1.13105, 0.0, 0.0, 0.0, 1.0],
                [-0.999971, 0.0, 0.007627, 0.001191, 0.006421, -0.539585, 0.841907, 0.622654, 0.004115, 0.841931, 0.539569, 1.217125, 0.0, 0.0, 0.0, 1.0],
                [-0.999971, 0.0, 0.007627, 0.001191, 0.006382, -0.547472, 0.8368, 0.639814, 0.004175, 0.836824, 0.547456, 1.311878, 0.0, 0.0, 0.0, 1.0],
                [-0.99997, 0.0, 0.007627, 0.001191, 0.006312, -0.561348, 0.827556, 0.648626, 0.004281, 0.82758, 0.561331, 1.423568, 0.0, 0.0, 0.0, 1.0],
                [-0.999971, 0.0, 0.007627, 0.001191, 0.006152, -0.591116, 0.806564, 0.651872, 0.004508, 0.806587, 0.591098, 1.560454, 0.0, 0.0, 0.0, 1.0],
                [-0.999971, 0.0, 0.007627, 0.001191, 0.005829, -0.644807, 0.764323, 0.652336, 0.004918, 0.764345, 0.644788, 1.730794, 0.0, 0.0, 0.0, 1.0],
                [-0.999971, 7e-05, 0.007597, 0.001191, 0.005087, -0.736545, 0.676369, 0.647956, 0.005643, 0.676388, 0.736524, 1.938981, 0.0, 0.0, 0.0, 1.0],
                [-0.999971, 0.000234, 0.007553, 0.001191, 0.003756, -0.85186, 0.523755, 0.636605, 0.006557, 0.523769, 0.851835, 2.173943, 0.0, 0.0, 0.0, 1.0],
                [-0.999971, 0.000411, 0.007548, 0.001191, 0.001973, -0.949729, 0.313065, 0.620963, 0.007298, 0.313071, 0.949701, 2.420739, 0.0, 0.0, 0.0, 1.0],
                [-0.999971, 0.000495, 0.007594, 0.001191, 6.4e-05, -0.997304, 0.073382, 0.603712, 0.00761, 0.073381, 0.997275, 2.664432, 0.0, 0.0, 0.0, 1.0],
                [-0.999971, 0.000383, 0.007645, 0.001191, -0.001531, -0.988569, -0.15076, 0.587534, 0.007499, -0.150767, 0.988541, 2.890083, 0.0, 0.0, 0.0, 1.0],
                [-0.999971, 0.0, 0.007627, 0.001191, -0.002446, -0.947174, -0.320712, 0.575109, 0.007224, -0.320721, 0.947146, 3.082753, 0.0, 0.0, 0.0, 1.0],
                [-0.999948, -0.010214, -0.00019, 0.001466, 0.009315, -0.903966, -0.427504, 0.568048, 0.004195, -0.427484, 0.904014, 3.231742, 0.0, 0.0, 0.0, 1.0],
                [-0.999175, -0.035662, -0.019447, 0.002154, 0.040614, -0.869216, -0.492763, 0.563665, 0.000669, -0.493146, 0.869946, 3.343307, 0.0, 0.0, 0.0, 1.0],
                [-0.996479, -0.071932, -0.043085, 0.003049, 0.083819, -0.840889, -0.534678, 0.558205, 0.002231, -0.536406, 0.843957, 3.427943, 0.0, 0.0, 0.0, 1.0],
                [-0.991223, -0.115642, -0.064051, 0.003943, 0.131471, -0.811697, -0.56909, 0.547911, 0.013821, -0.572516, 0.819777, 3.496146, 0.0, 0.0, 0.0, 1.0],
                [-0.983571, -0.163691, -0.076107, 0.004631, 0.175748, -0.772027, -0.610808, 0.529026, 0.041227, -0.614149, 0.788112, 3.558411, 0.0, 0.0, 0.0, 1.0],
                [-0.974118, -0.213567, -0.07405, 0.004906, 0.206802, -0.709779, -0.673384, 0.497794, 0.091253, -0.67127, 0.735575, 3.625234, 0.0, 0.0, 0.0, 1.0],
                [-0.962372, -0.26531, -0.058736, 0.004769, 0.214946, -0.611014, -0.76188, 0.415931, 0.166246, -0.745837, 0.64505, 3.703853, 0.0, 0.0, 0.0, 1.0],
                [-0.947441, -0.317835, -0.036566, 0.00381, 0.191757, -0.472658, -0.86013, 0.260742, 0.256096, -0.821934, 0.508762, 3.788474, 0.0, 0.0, 0.0, 1.0],
                [-0.929942, -0.367573, -0.009897, 0.001206, 0.12932, -0.30174, -0.944579, 0.051857, 0.344216, -0.879683, 0.328135, 3.870046, 0.0, 0.0, 0.0, 1.0],
                [-0.911464, -0.410812, 0.021625, -0.003864, 0.027798, -0.113951, -0.993097, -0.191098, 0.41044, -0.904571, 0.115282, 3.939518, 0.0, 0.0, 0.0, 1.0],
                [-0.893622, -0.4446, 0.0614, -0.012224, -0.103094, 0.070189, -0.992192, -0.448492, 0.436819, -0.892975, -0.108558, 3.987839, 0.0, 0.0, 0.0, 1.0],
                [-0.876569, -0.467286, 0.1152, -0.024694, -0.247604, 0.232607, -0.940525, -0.700699, 0.412697, -0.852959, -0.319597, 4.005958, 0.0, 0.0, 0.0, 1.0],
                [-0.877556, -0.434836, 0.202025, -0.052971, -0.381283, 0.377395, -0.843917, -0.930488, 0.290723, -0.817613, -0.496981, 3.994121, 0.0, 0.0, 0.0, 1.0],
                [-0.882941, -0.321422, 0.342204, -0.100845, -0.467158, 0.529014, -0.708454, -1.13023, 0.046682, -0.785387, -0.617243, 3.940324, 0.0, 0.0, 0.0, 1.0],
                [-0.835827, -0.151317, 0.527728, -0.157285, -0.471613, 0.689969, -0.549113, -1.294692, -0.281026, -0.707847, -0.648057, 3.817133, 0.0, 0.0, 0.0, 1.0],
                [-0.686357, 0.03831, 0.726256, -0.211258, -0.370793, 0.840638, -0.394766, -1.418642, -0.625641, -0.540241, -0.562772, 3.597118, 0.0, 0.0, 0.0, 1.0],
                [-0.41663, 0.193036, 0.888345, -0.251733, -0.165118, 0.944872, -0.282759, -1.496848, -0.893955, -0.264488, -0.361788, 3.252846, 0.0, 0.0, 0.0, 1.0],
                [-0.054017, 0.253203, 0.965904, -0.267676, 0.114611, 0.962496, -0.2459, -1.52408, -0.991941, 0.097421, -0.081011, 2.756884, 0.0, 0.0, 0.0, 1.0],
                [0.37029, 0.295885, 0.880533, -0.221557, 0.393097, 0.808941, -0.437137, -1.501569, -0.841641, 0.508002, 0.183231, 2.113402, 0.0, 0.0, 0.0, 1.0],
                [0.795045, 0.256497, 0.549648, -0.120097, 0.430039, 0.400692, -0.80902, -1.452046, -0.42775, 0.879577, 0.208265, 1.45298, 0.0, 0.0, 0.0, 1.0],
                [0.983014, 0.051929, 0.176031, -0.018637, 0.177102, -0.016751, -0.98405, -1.402523, -0.048152, 0.99851, -0.025663, 0.937794, 0.0, 0.0, 0.0, 1.0],
                [0.997257, -0.066497, 0.032508, 0.027482, 0.020898, -0.168363, -0.985503, -1.380012, 0.071006, 0.98348, -0.166512, 0.730026, 0.0, 0.0, 0.0, 1.0]
            ]
        },
        {
            "name": "Thigh_R",
            "time": [0.0, 0.0167, 0.0333, 0.05, 0.0667, 0.0833, 0.1, 0.1167, 0.1333, 0.15, 0.1667, 0.1833, 0.2, 0.2167, 0.2333, 0.25, 0.2667, 0.2833, 0.3, 0.3167, 0.3333, 0.35, 0.3667, 0.3833, 0.4, 0.4167, 0.4333, 0.45, 0.4667, 0.4833, 0.5, 0.5167, 0.5333, 0.55, 0.5667, 0.5833, 0.6, 0.6167, 0.6333, 0.65, 0.6667],
            "transform": [
                [0.991187, 0.118391, -0.059425, 0.124994, 0.131699, -0.83244, 0.538235, -0.002831, 0.014255, -0.541317, -0.840697, -1.2e-05, 0.0, 0.0, 0.0, 1.0],
                [0.991315, 0.12171, -0.049797, 0.124994, 0.129331, -0.833786, 0.536724, -0.002831, 0.023805, -0.538502, -0.842288, -1.2e-05, 0.0, 0.0, 0.0, 1.0],
                [0.991191, 0.130205, -0.024204, 0.124994, 0.122493, -0.831859, 0.541299, -0.002831, 0.050345, -0.539495, -0.840481, -1.2e-05, 0.0, 0.0, 0.0, 1.0],
                [0.989416, 0.144282, 0.015467, 0.124994, 0.110851, -0.820311, 0.561071, -0.002831, 0.09364, -0.553416, -0.827624, -1.2e-05, 0.0, 0.0, 0.0, 1.0],
                [0.982593, 0.169953, 0.075014, 0.124994, 0.094379, -0.804488, 0.586422, -0.002831, 0.160012, -0.569133, -0.806525, -1.2e-05, 0.0, 0.0, 0.0, 1.0],
                [0.959905, 0.218443, 0.175683, 0.124994, 0.076135, -0.806308, 0.586574, -0.002831, 0.269788, -0.549679, -0.790612, -1.2e-05, 0.0, 0.0, 0.0, 1.0],
                [0.883489, 0.299221, 0.360434, 0.124994, 0.075212, -0.850039, 0.521321, -0.002831, 0.462374, -0.433472, -0.773506, -1.2e-05, 0.0, 0.0, 0.0, 1.0],
                [0.787916, 0.352078, 0.505202, 0.124994, 0.153192, -0.906701, 0.392968, -0.002831, 0.596423, -0.232232, -0.768341, -1.2e-05, 0.0, 0.0, 0.0, 1.0],
                [0.864594, 0.310282, 0.395224, 0.124994, 0.258938, -0.949209, 0.178753, -0.002831, 0.430614, -0.052211, -0.901026, -1.2e-05, 0.0, 0.0, 0.0, 1.0],
                [0.93103, 0.25917, 0.256929, 0.124994, 0.28967, -0.953041, -0.088317, -0.00283, 0.221975, 0.15665, -0.962386, -1.2e-05, 0.0, 0.0, 0.0, 1.0],
                [0.950767, 0.233515, 0.203745, 0.124994, 0.29117, -0.898224, -0.329259, -0.00283, 0.106122, 0.372372, -0.921996, -1.1e-05, 0.0, 0.0, 0.0, 1.0],
                [0.954279, 0.220624, 0.201685, 0.124994, 0.294702, -0.807315, -0.511265, -0.002831, 0.050026, 0.547325, -0.835423, -1.2e-05, 0.0, 0.0, 0.0, 1.0],
                [0.950961, 0.224463, 0.212811, 0.124994, 0.307987, -0.750697, -0.584461, -0.002831, 0.028567, 0.621342, -0.783017, -1.2e-05, 0.0, 0.0, 0.0, 1.0],
                [0.94208, 0.253213, 0.219928, 0.124994, 0.333231, -0.780942, -0.528284, -0.002831, 0.037983, 0.570971, -0.82009, -1.2e-05, 0.0, 0.0, 0.0, 1.0],
                [0.928477, 0.290809, 0.230996, 0.124994, 0.363767, -0.837466, -0.407825, -0.002831, 0.074852, 0.462685, -0.883357, -1.2e-05, 0.0, 0.0, 0.0, 1.0],
                [0.914005, 0.324608, 0.243359, 0.124994, 0.385431, -0.88201, -0.271109, -0.002831, 0.126642, 0.341592, -0.931277, -1.2e-05, 0.0, 0.0, 0.0, 1.0],
                [0.907919, 0.339311, 0.246069, 0.124994, 0.383572, -0.909295, -0.16141, -0.002831, 0.168981, 0.240932, -0.955719, -1.2e-05, 0.0, 0.0, 0.0, 1.0],
                [0.916677, 0.324594, 0.233113, 0.124994, 0.357125, -0.927155, -0.113327, -0.002831, 0.179347, 0.187134, -0.965825, -1.2e-05, 0.0, 0.0, 0.0, 1.0],
                [0.931732, 0.287852, 0.221396, 0.124994, 0.323226, -0.935257, -0.144281, -0.00283, 0.165531, 0.205992, -0.964452, -1.1e-05, 0.0, 0.0, 0.0, 1.0],
                [0.951328, 0.225674, 0.20987, 0.124994, 0.279476, -0.918746, -0.278918, -0.00283, 0.129872, 0.323995, -0.937102, -1.2e-05, 0.0, 0.0, 0.0, 1.0],
                [0.972118, 0.161437, 0.170073, 0.124994, 0.222031, -0.866978, -0.44615, -0.002831, 0.075424, 0.47147, -0.878651, -1.2e-05, 0.0, 0.0, 0.0, 1.0],
                [0.985852, 0.129879, 0.105955, 0.124994, 0.164952, -0.864005, -0.475693, -0.002832, 0.029764, 0.486439, -0.873207, -1.2e-05, 0.0, 0.0, 0.0, 1.0],
                [0.993002, 0.093165, 0.072567, 0.124994, 0.117332, -0.847978, -0.51688, -0.00283, 0.01338, 0.521776, -0.852978, -1.2e-05, 0.0, 0.0, 0.0, 1.0],
                [0.996072, 0.058728, 0.066269, 0.124994, 0.082155, -0.892129, -0.444246, -0.00283, 0.033031, 0.447944, -0.893451, -1.1e-05, 0.0, 0.0, 0.0, 1.0],
                [0.995179, 0.019279, 0.096151, 0.124994, 0.057683, -0.908004, -0.414969, -0.002831, 0.079305, 0.418513, -0.904741, -1.2e-05, 0.0, 0.0, 0.0, 1.0],
                [0.991859, -0.036107, 0.122115, 0.124994, 0.038822, -0.827568, -0.560019, -0.002832, 0.121279, 0.560199, -0.819431, -1.2e-05, 0.0, 0.0, 0.0, 1.0],
                [0.990313, -0.099587, 0.096755, 0.124994, 0.024572, -0.560136, -0.828036, -0.00283, 0.136658, 0.822391, -0.552264, -1.2e-05, 0.0, 0.0, 0.0, 1.0],
                [0.991612, -0.095125, 0.087495, 0.124994, 0.020096, -0.55526, -0.831434, -0.002831, 0.127673, 0.826216, -0.548692, -1.2e-05, 0.0, 0.0, 0.0, 1.0],
                [0.994297, -0.062344, 0.086528, 0.124994, 0.029403, -0.619644, -0.784332, -0.002831, 0.102515, 0.7824, -0.614278, -1.2e-05, 0.0, 0.0, 0.0, 1.0],
                [0.996233, -0.015473, 0.085319, 0.124994, 0.048595, -0.715281, -0.697145, -0.002831, 0.071814, 0.698663, -0.711836, -1.2e-05, 0.0, 0.0, 0.0, 1.0],
                [0.996952, 0.042482, 0.065444, 0.124994, 0.064975, -0.916407, -0.394934, -0.00283, 0.043196, 0.397981, -0.916376, -1.2e-05, 0.0, 0.0, 0.0, 1.0],
                [0.998068, 0.041896, 0.045882, 0.124994, 0.048879, -0.985324, -0.163541, -0.002831, 0.038357, 0.165467, -0.985469, -1.1e-05, 0.0, 0.0, 0.0, 1.0],
                [0.995442, 0.01846, 0.093563, 0.124994, 0.025185, -0.997141, -0.071212, -0.002831, 0.091982, 0.073244, -0.993064, -1.2e-05, 0.0, 0.0, 0.0, 1.0],
                [0.979992, 0.061565, 0.18928, 0.124994, 0.079095, -0.993106, -0.086497, -0.002831, 0.18265, 0.099737, -0.978107, -1.2e-05, 0.0, 0.0, 0.0, 1.0],
                [0.960926, 0.162566, 0.224038, 0.124994, 0.194858, -0.972126, -0.130374, -0.002832, 0.196599, 0.168935, -0.965821, -1.2e-05, 0.0, 0.0, 0.0, 1.0],
                [0.973434, 0.211442, 0.087856, 0.124994, 0.223783, -0.959761, -0.169637, -0.002831, 0.048453, 0.184791, -0.981583, -1.2e-05, 0.0, 0.0, 0.0, 1.0],
                [0.967236, 0.164598, -0.193292, 0.124994, 0.116132, -0.963881, -0.239675, -0.002831, -0.225761, 0.209374, -0.951417, -1.2e-05, 0.0, 0.0, 0.0, 1.0],
                [0.973166, 0.199154, -0.115266, 0.123218, 0.199029, -0.97991, -0.012708, -0.004271, -0.115481, -0.010574, -0.993254, 0.005882, 0.0, 0.0, 0.0, 1.0],
                [0.970257, 0.238087, 0.043781, 0.119312, 0.20189, -0.895626, 0.39635, -0.00744, 0.133577, -0.375721, -0.917056, 0.018849, 0.0, 0.0, 0.0, 1.0],
                [0.996989, -0.076957, -0.009442, 0.115405, -0.066055, -0.906817, 0.416313, -0.010609, -0.0406, -0.414435, -0.909172, 0.031817, 0.0, 0.0, 0.0, 1.0],
                [0.974152, -0.195512, 0.113146, 0.113629, -0.211618, -0.965091, 0.154319, -0.012049, 0.079025, -0.174274, -0.981522, 0.037711, 0.0, 0.0, 0.0, 1.0]
            ]
        },
        {
            "name": "Leg_R",
            "time": [0.0, 0.0167, 0.0333, 0.05, 0.0667, 0.0833, 0.1, 0.1167, 0.1333, 0.15, 0.1667, 0.1833, 0.2, 0.2167, 0.2333, 0.25, 0.2667, 0.2833, 0.3, 0.3167, 0.3333, 0.35, 0.3667, 0.3833, 0.4, 0.4167, 0.4333, 0.45, 0.4667, 0.4833, 0.5, 0.5167, 0.5333, 0.55, 0.5667, 0.5833, 0.6, 0.6167, 0.6333, 0.65, 0.6667],
            "transform": [
                [1.0, -0.0, 1e-06, 0.0, -0.0, 0.899021, 0.437911, 0.374726, -1e-06, -0.437913, 0.899014, 0.0, 0.0, 0.0, 0.0, 1.0],
                [1.0, -0.0, 1e-06, -0.0, -0.0, 0.90865, 0.417568, 0.374726, -1e-06, -0.417571, 0.90864, -0.0, 0.0, 0.0, 0.0, 1.0],
                [1.0, -0.0, 1e-06, 0.0, -0.0, 0.91934, 0.393469, 0.374726, -1e-06, -0.393471, 0.919333, -0.0, 0.0, 0.0, 0.0, 1.0],
                [1.000001, -0.0, 1e-06, 0.0, -0.0, 0.910498, 0.413521, 0.374726, -1e-06, -0.413524, 0.91049, 0.0, 0.0, 0.0, 0.0, 1.0],
                [1.0, -0.0, 1e-06, 0.0, -0.0, 0.873814, 0.486265, 0.374726, -1e-06, -0.486268, 0.873807, -0.0, 0.0, 0.0, 0.0, 1.0],
                [1.0, -0.0, 1e-06, 0.0, -0.0, 0.820087, 0.572243, 0.374726, -1e-06, -0.572247, 0.820078, -0.0, 0.0, 0.0, 0.0, 1.0],
                [1.0, -0.0, 1e-06, 0.0, -0.0, 0.789065, 0.614312, 0.374726, -1e-06, -0.614314, 0.78906, -0.0, 0.0, 0.0, 0.0, 1.0],
                [1.0, -1e-06, 1e-06, 0.0, -0.0, 0.800822, 0.598906, 0.374726, -1e-06, -0.598908, 0.800816, -0.0, 0.0, 0.0, 0.0, 1.0],
                [1.0, -0.0, 1e-06, 0.0, -0.0, 0.830999, 0.556277, 0.374726, -1e-06, -0.55628, 0.830992, 0.0, 0.0, 0.0, 0.0, 1.0],
                [1.0, -0.0, 1e-06, 0.0, -0.0, 0.877402, 0.479761, 0.374726, -1e-06, -0.479764, 0.877394, 0.0, 0.0, 0.0, 0.0, 1.0],
                [1.0, -0.0, 1e-06, -0.0, -0.0, 0.929578, 0.368633, 0.374726, -1e-06, -0.368634, 0.92957, 0.0, 0.0, 0.0, 0.0, 1.0],
                [1.0, -0.0, 1e-06, -0.0, -0.0, 0.968181, 0.25027, 0.374726, -1e-06, -0.250272, 0.968171, 0.0, 0.0, 0.0, 0.0, 1.0],
                [1.0, -0.0, 1e-06, -0.0, -0.0, 0.966864, 0.255311, 0.374726, -1e-06, -0.255313, 0.966854, 0.0, 0.0, 0.0, 0.0, 1.0],
                [1.0, -0.0, 1e-06, 0.0, -0.0, 0.902735, 0.430206, 0.374726, -1e-06, -0.430209, 0.902726, -0.0, 0.0, 0.0, 0.0, 1.0],
                [1.0, -0.0, 1e-06, 0.0, -0.0, 0.802483, 0.596677, 0.374726, -1e-06, -0.59668, 0.802477, -0.0, 0.0, 0.0, 0.0, 1.0],
                [1.0, -0.0, 1e-06, 0.0, -0.0, 0.71261, 0.701561, 0.374726, -1e-06, -0.701564, 0.712605, -0.0, 0.0, 0.0, 0.0, 1.0],
                [1.0, -1e-06, 1e-06, -0.0, -0.0, 0.67031, 0.742082, 0.374726, -1e-06, -0.742085, 0.670304, -0.0, 0.0, 0.0, 0.0, 1.0],
                [1.0, -1e-06, 1e-06, 0.0, -0.0, 0.696757, 0.717309, 0.374726, -1e-06, -0.717312, 0.696751, 0.0, 0.0, 0.0, 0.0, 1.0],
                [1.0, -1e-06, 1e-06, 0.0, -0.0, 0.797136, 0.603802, 0.374726, -1e-06, -0.603805, 0.797129, -1e-06, 0.0, 0.0, 0.0, 1.0],
                [1.0, -0.0, 1e-06, -0.0, -0.0, 0.942795, 0.333384, 0.374726, -1e-06, -0.333386, 0.942786, 0.0, 0.0, 0.0, 0.0, 1.0],
                [1.0, 0.0, 1e-06, 0.0, 0.0, 0.999995, 0.004698, 0.374726, -1e-06, -0.004698, 0.999983, -0.0, 0.0, 0.0, 0.0, 1.0],
                [1.0, 0.0, 1e-06, -0.0, 0.0, 0.999994, 0.004712, 0.374726, -1e-06, -0.004713, 0.999983, 0.0, 0.0, 0.0, 0.0, 1.0],
                [1.0, 0.0, 1e-06, 0.0, 0.0, 0.999996, 0.004702, 0.374726, -1e-06, -0.004702, 0.999982, -0.0, 0.0, 0.0, 0.0, 1.0],
                [1.0, -0.0, 1e-06, -0.0, -0.0, 0.949748, 0.313027, 0.374726, -1e-06, -0.313028, 0.94974, -0.0, 0.0, 0.0, 0.0, 1.0],
                [1.0, -0.0, 1e-06, -0.0, -0.0, 0.812127, 0.583484, 0.374726, -1e-06, -0.583487, 0.812119, 0.0, 0.0, 0.0, 0.0, 1.0],
                [1.0, -0.0, 1e-06, -0.0, -0.0, 0.835321, 0.549766, 0.374726, -1e-06, -0.549769, 0.835313, 0.0, 0.0, 0.0, 0.0, 1.0],
                [1.0, -0.0, 1e-06, -0.0, 0.0, 0.999994, 0.004693, 0.374726, -1e-06, -0.004693, 0.999984, -0.0, 0.0, 0.0, 0.0, 1.0],
                [1.0, -0.0, 1e-06, 0.0, 0.0, 0.999994, 0.004742, 0.374726, -1e-06, -0.004742, 0.999983, 0.0, 0.0, 0.0, 0.0, 1.0],
                [1.0, -0.0, 1e-06, -0.0, -0.0, 0.999994, 0.004743, 0.374726, -1e-06, -0.004743, 0.999983, -0.0, 0.0, 0.0, 0.0, 1.0],
                [1.000001, 0.0, 1e-06, 0.0, 0.0, 0.999995, 0.004708, 0.374726, -1e-06, -0.004708, 0.999984, 0.0, 0.0, 0.0, 0.0, 1.0],
                [1.0, -0.0, 1e-06, -0.0, -0.0, 0.888355, 0.459165, 0.374726, -1e-06, -0.459168, 0.888346, -0.0, 0.0, 0.0, 0.0, 1.0],
                [1.0, -1e-06, 1e-06, 0.0, -0.0, 0.688887, 0.724869, 0.374726, -1e-06, -0.724872, 0.688882, -0.0, 0.0, 0.0, 0.0, 1.0],
                [1.0, -1e-06, 1e-06, -0.0, -0.0, 0.530512, 0.847677, 0.374726, -1e-06, -0.84768, 0.530508, 0.0, 0.0, 0.0, 0.0, 1.0],
                [1.0, -1e-06, 1e-06, 0.0, -0.0, 0.434837, 0.900509, 0.374726, -1e-06, -0.900512, 0.434834, -0.0, 0.0, 0.0, 0.0, 1.0],
                [1.0, -1e-06, 1e-06, -0.0, -0.0, 0.42263, 0.906301, 0.374726, -1e-06, -0.906304, 0.422627, -0.0, 0.0, 0.0, 0.0, 1.0],
                [1.0, -1e-06, 1e-06, -1e-06, -0.0, 0.525877, 0.85056, 0.374726, -1e-06, -0.850563, 0.525874, -0.0, 0.0, 0.0, 0.0, 1.0],
                [1.0, -0.0, 1e-06, -0.0, -0.0, 0.788685, 0.614799, 0.374726, -1e-06, -0.614802, 0.788679, -0.0, 0.0, 0.0, 0.0, 1.0],
                [1.0, -0.0, 1e-06, -0.0, -0.0, 0.694534, 0.719461, 0.374726, -1e-06, -0.719464, 0.694529, -0.0, 0.0, 0.0, 0.0, 1.0],
                [1.0, -1e-06, 1e-06, 0.0, -0.0, 0.432427, 0.901669, 0.374726, -1e-06, -0.901671, 0.432423, 0.0, 0.0, 0.0, 0.0, 1.0],
                [1.0, -1e-06, 1e-06, 0.0, -0.0, 0.685097, 0.728452, 0.374726, -1e-06, -0.728455, 0.685091, -0.0, 0.0, 0.0, 0.0, 1.0],
                [1.0, -0.0, 1e-06, 0.0, -0.0, 0.968826, 0.247762, 0.374726, -1e-06, -0.247764, 0.968815, -0.0, 0.0, 0.0, 0.0, 1.0]
            ]
        },
        {
            "name": "Knee_R",
            "time": [0.0, 0.6667],
            "transform": [
                [1.0, 0.0, -0.0, 0.0, -0.0, 0.00567, -0.999984, 0.374726, -0.0, 0.999984, 0.00567, -0.0, 0.0, 0.0, 0.0, 1.0],
                [1.0, 0.0, -0.0, 0.0, -0.0, 0.00567, -0.999984, 0.374726, -0.0, 0.999984, 0.00567, -0.0, 0.0, 0.0, 0.0, 1.0]
            ]
        },
        {
            "name": "Thigh_L",
            "time": [0.0, 0.0167, 0.0333, 0.05, 0.0667, 0.0833, 0.1, 0.1167, 0.1333, 0.15, 0.1667, 0.1833, 0.2, 0.2167, 0.2333, 0.25, 0.2667, 0.2833, 0.3, 0.3167, 0.3333, 0.35, 0.3667, 0.3833, 0.4, 0.4167, 0.4333, 0.45, 0.4667, 0.4833, 0.5, 0.5167, 0.5333, 0.55, 0.5667, 0.5833, 0.6, 0.6167, 0.6333, 0.65, 0.6667],
            "transform": [
                [0.972909, -0.229557, -0.027414, -0.125006, -0.159335, -0.751716, 0.63995, -0.002831, -0.167512, -0.618244, -0.767928, -1.2e-05, 0.0, 0.0, 0.0, 1.0],
                [0.973034, -0.229674, -0.021313, -0.125006, -0.156446, -0.725035, 0.670707, -0.002831, -0.169496, -0.649286, -0.741416, -1.2e-05, 0.0, 0.0, 0.0, 1.0],
                [0.973419, -0.228902, -0.007585, -0.125006, -0.148757, -0.657085, 0.738993, -0.002831, -0.174141, -0.718222, -0.67367, -1.2e-05, 0.0, 0.0, 0.0, 1.0],
                [0.974081, -0.226077, 0.007532, -0.125006, -0.137688, -0.566172, 0.812707, -0.002831, -0.17947, -0.792678, -0.582625, -1.2e-05, 0.0, 0.0, 0.0, 1.0],
                [0.975002, -0.221366, 0.019149, -0.125006, -0.124523, -0.473006, 0.872215, -0.002831, -0.184021, -0.852797, -0.488747, -1.2e-05, 0.0, 0.0, 0.0, 1.0],
                [0.976135, -0.215922, 0.023189, -0.125006, -0.110338, -0.401155, 0.909341, -0.002831, -0.187044, -0.890198, -0.415406, -1.2e-05, 0.0, 0.0, 0.0, 1.0],
                [0.977405, -0.210711, 0.016666, -0.125006, -0.096539, -0.374876, 0.922035, -0.002831, -0.188035, -0.902811, -0.386748, -1.2e-05, 0.0, 0.0, 0.0, 1.0],
                [0.978843, -0.20461, -0.001323, -0.125006, -0.079399, -0.385786, 0.919165, -0.002831, -0.188581, -0.899612, -0.39387, -1.2e-05, 0.0, 0.0, 0.0, 1.0],
                [0.980307, -0.195939, -0.024608, -0.125006, -0.058966, -0.409358, 0.910467, -0.002831, -0.188469, -0.891086, -0.41285, -1.2e-05, 0.0, 0.0, 0.0, 1.0],
                [0.981523, -0.185127, -0.048368, -0.125006, -0.040743, -0.449196, 0.892503, -0.00283, -0.186954, -0.874042, -0.44844, -1.2e-05, 0.0, 0.0, 0.0, 1.0],
                [0.982276, -0.174066, -0.069523, -0.125006, -0.028255, -0.504187, 0.863133, -0.002831, -0.185294, -0.84587, -0.500168, -1.2e-05, 0.0, 0.0, 0.0, 1.0],
                [0.982407, -0.165403, -0.086709, -0.125006, -0.023556, -0.570342, 0.82107, -0.002831, -0.185261, -0.804582, -0.564204, -1.2e-05, 0.0, 0.0, 0.0, 1.0],
                [0.981842, -0.157724, -0.105395, -0.125006, -0.02765, -0.668654, 0.743058, -0.002831, -0.187671, -0.726652, -0.660875, -1.2e-05, 0.0, 0.0, 0.0, 1.0],
                [0.980338, -0.132808, -0.145941, -0.125006, -0.049455, -0.881363, 0.469843, -0.002831, -0.191026, -0.453387, -0.870602, -1.2e-05, 0.0, 0.0, 0.0, 1.0],
                [0.978182, -0.147231, -0.146572, -0.125006, -0.080997, -0.91996, 0.383551, -0.002831, -0.191311, -0.363311, -0.911814, -1.2e-05, 0.0, 0.0, 0.0, 1.0],
                [0.973822, -0.186442, -0.130038, -0.125006, -0.131629, -0.928918, 0.346098, -0.002831, -0.185322, -0.319921, -0.929142, -1.1e-05, 0.0, 0.0, 0.0, 1.0],
                [0.960827, -0.276899, 0.011747, -0.125006, -0.213718, -0.713273, 0.667508, -0.002831, -0.176454, -0.643869, -0.74451, -1.2e-05, 0.0, 0.0, 0.0, 1.0],
                [0.959847, -0.280504, 0.003364, -0.125006, -0.217476, -0.736494, 0.640531, -0.002831, -0.177194, -0.615544, -0.767925, -1.2e-05, 0.0, 0.0, 0.0, 1.0],
                [0.964346, -0.261899, -0.038029, -0.125006, -0.192747, -0.793532, 0.577196, -0.00283, -0.181344, -0.549286, -0.815719, -1.2e-05, 0.0, 0.0, 0.0, 1.0],
                [0.967125, -0.253435, -0.020962, -0.125006, -0.179437, -0.738501, 0.649937, -0.00283, -0.180198, -0.624809, -0.759698, -1.2e-05, 0.0, 0.0, 0.0, 1.0],
                [0.971347, -0.236304, -0.025391, -0.125006, -0.167261, -0.755591, 0.633329, -0.00283, -0.168843, -0.610936, -0.773466, -1.3e-05, 0.0, 0.0, 0.0, 1.0],
                [0.976883, -0.207134, -0.052863, -0.125006, -0.160128, -0.872842, 0.460982, -0.002831, -0.141627, -0.441861, -0.885833, -1.2e-05, 0.0, 0.0, 0.0, 1.0],
                [0.986035, -0.157407, -0.054382, -0.125006, -0.148247, -0.978408, 0.144013, -0.002831, -0.075877, -0.13394, -0.98808, -1.2e-05, 0.0, 0.0, 0.0, 1.0],
                [0.99414, -0.107972, 0.005159, -0.125006, -0.104683, -0.973552, -0.203067, -0.00283, 0.026948, 0.201337, -0.979151, -1.1e-05, 0.0, 0.0, 0.0, 1.0],
                [0.992479, -0.083217, 0.089771, -0.125006, -0.041144, -0.917489, -0.395626, -0.002831, 0.115287, 0.388956, -0.914014, -1.2e-05, 0.0, 0.0, 0.0, 1.0],
                [0.985378, -0.099898, 0.138022, -0.125006, -0.000389, -0.811391, -0.584502, -0.002831, 0.17038, 0.575901, -0.799567, -1.3e-05, 0.0, 0.0, 0.0, 1.0],
                [0.979539, -0.168839, 0.109528, -0.125006, 0.007995, -0.511152, -0.859453, -0.00283, 0.201095, 0.842743, -0.499343, -1.2e-05, 0.0, 0.0, 0.0, 1.0],
                [0.979128, -0.177362, 0.099254, -0.125006, -0.007258, -0.518549, -0.855017, -0.002832, 0.203115, 0.83645, -0.509013, -1.2e-05, 0.0, 0.0, 0.0, 1.0],
                [0.978251, -0.188915, 0.085648, -0.125006, -0.039808, -0.57623, -0.816318, -0.002831, 0.203568, 0.795154, -0.571218, -1.2e-05, 0.0, 0.0, 0.0, 1.0],
                [0.970593, -0.224432, 0.087047, -0.125006, -0.070641, -0.611239, -0.788288, -0.002831, 0.230124, 0.758957, -0.609119, -1.2e-05, 0.0, 0.0, 0.0, 1.0],
                [0.966358, -0.211052, 0.147003, -0.125006, -0.058506, -0.736939, -0.673422, -0.002831, 0.250459, 0.642165, -0.724495, -1.2e-05, 0.0, 0.0, 0.0, 1.0],
                [0.968919, -0.204184, 0.139657, -0.125006, -0.027771, -0.650762, -0.758774, -0.002832, 0.245813, 0.731311, -0.636207, -1.2e-05, 0.0, 0.0, 0.0, 1.0],
                [0.968761, -0.190446, 0.158841, -0.125006, -0.008113, -0.664503, -0.747242, -0.002831, 0.247859, 0.72261, -0.645291, -1.2e-05, 0.0, 0.0, 0.0, 1.0],
                [0.96364, -0.191224, 0.186633, -0.125006, 0.011313, -0.668639, -0.743502, -0.002831, 0.266965, 0.718579, -0.642164, -1.2e-05, 0.0, 0.0, 0.0, 1.0],
                [0.952342, -0.20645, 0.224548, -0.125006, 0.034238, -0.659148, -0.751233, -0.002831, 0.303103, 0.723119, -0.620666, -1.1e-05, 0.0, 0.0, 0.0, 1.0],
                [0.944398, -0.233281, 0.231716, -0.125006, 0.030603, -0.639301, -0.768347, -0.002831, 0.327378, 0.732716, -0.596616, -1.2e-05, 0.0, 0.0, 0.0, 1.0],
                [0.946475, -0.275459, 0.16825, -0.125006, -0.066711, -0.67694, -0.733009, -0.002831, 0.315809, 0.68255, -0.659082, -1.2e-05, 0.0, 0.0, 0.0, 1.0],
                [0.962643, -0.269856, 0.02227, -0.123248, -0.267036, -0.959757, -0.086933, -0.003019, 0.044834, 0.077739, -0.995965, 5.7e-05, 0.0, 0.0, 0.0, 1.0],
                [0.695777, -0.463879, -0.54837, -0.119378, -0.507532, -0.857757, 0.081635, -0.003433, -0.508237, 0.221516, -0.832242, 0.00021, 0.0, 0.0, 0.0, 1.0],
                [0.544919, -0.305358, -0.780909, -0.115509, -0.479811, -0.877332, 0.00825, -0.003846, -0.687636, 0.370193, -0.62459, 0.000362, 0.0, 0.0, 0.0, 1.0],
                [0.964636, -0.041357, -0.260322, -0.11375, -0.093325, -0.977228, -0.190567, -0.004034, -0.246513, 0.208122, -0.946529, 0.000432, 0.0, 0.0, 0.0, 1.0]
            ]
        },
        {
            "name": "Leg_L",
            "time": [0.0, 0.0167, 0.0333, 0.05, 0.0667, 0.0833, 0.1, 0.1167, 0.1333, 0.15, 0.1667, 0.1833, 0.2, 0.2167, 0.2333, 0.25, 0.2667, 0.2833, 0.3, 0.3167, 0.3333, 0.35, 0.3667, 0.3833, 0.4, 0.4167, 0.4333, 0.45, 0.4667, 0.4833, 0.5, 0.5167, 0.5333, 0.55, 0.5667, 0.5833, 0.6, 0.6167, 0.6333, 0.65, 0.6667],
            "transform": [
                [1.0, -0.0, 1e-06, -0.0, -0.0, 0.862468, 0.506112, 0.374726, -1e-06, -0.506113, 0.862467, 0.0, 0.0, 0.0, 0.0, 1.0],
                [1.0, -0.0, 1e-06, -0.0, -0.0, 0.83854, 0.544841, 0.374726, -1e-06, -0.544841, 0.838539, -0.0, 0.0, 0.0, 0.0, 1.0],
                [1.0, -0.0, 1e-06, 0.0, -0.0, 0.778047, 0.628205, 0.374726, -1e-06, -0.628205, 0.778048, -0.0, 0.0, 0.0, 0.0, 1.0],
                [1.0, -0.0, 1e-06, -0.0, -0.0, 0.698364, 0.715742, 0.374726, -1e-06, -0.715743, 0.698363, 0.0, 0.0, 0.0, 0.0, 1.0],
                [1.0, -1e-06, 1e-06, 0.0, -0.0, 0.616794, 0.787124, 0.374726, -1e-06, -0.787124, 0.616795, -0.0, 0.0, 0.0, 0.0, 1.0],
                [1.0, -1e-06, 1e-06, -0.0, -0.0, 0.550429, 0.834882, 0.374726, -1e-06, -0.834882, 0.550429, 0.0, 0.0, 0.0, 0.0, 1.0],
                [1.0, -1e-06, 1e-06, 0.0, -0.0, 0.516871, 0.856064, 0.374726, -1e-06, -0.856064, 0.516871, -0.0, 0.0, 0.0, 0.0, 1.0],
                [1.0, -1e-06, 1e-06, -0.0, -0.0, 0.538683, 0.842509, 0.374726, -1e-06, -0.842509, 0.538683, 0.0, 0.0, 0.0, 0.0, 1.0],
                [1.0, -1e-06, 1e-06, -0.0, -0.0, 0.605268, 0.796022, 0.374726, -1e-06, -0.796022, 0.605268, 0.0, 0.0, 0.0, 0.0, 1.0],
                [1.0, -0.0, 1e-06, -0.0, -0.0, 0.692722, 0.721205, 0.374726, -1e-06, -0.721205, 0.692721, 0.0, 0.0, 0.0, 0.0, 1.0],
                [1.0, -0.0, 1e-06, -0.0, -0.0, 0.77587, 0.630893, 0.374726, -1e-06, -0.630893, 0.775871, -0.0, 0.0, 0.0, 0.0, 1.0],
                [1.0, -0.0, 1e-06, -0.0, -0.0, 0.836347, 0.548201, 0.374726, -1e-06, -0.548201, 0.836346, -0.0, 0.0, 0.0, 0.0, 1.0],
                [1.0, -0.0, 1e-06, 0.0, -0.0, 0.896259, 0.443531, 0.374726, -1e-06, -0.443532, 0.896258, -0.0, 0.0, 0.0, 0.0, 1.0],
                [1.0, 0.0, 1e-06, 0.0, 0.0, 0.999989, 0.004701, 0.374726, -1e-06, -0.0047, 0.999988, -0.0, 0.0, 0.0, 0.0, 1.0],
                [1.000001, -0.0, 1e-06, 0.0, -0.0, 0.999989, 0.004758, 0.374726, -1e-06, -0.004758, 0.999988, 0.0, 0.0, 0.0, 0.0, 1.0],
                [1.0, 0.0, 1e-06, 0.0, 0.0, 0.999989, 0.004691, 0.374726, -1e-06, -0.004691, 0.99999, 0.0, 0.0, 0.0, 0.0, 1.0],
                [1.0, -1e-06, 1e-06, 0.0, -0.0, 0.533883, 0.845559, 0.374726, -1e-06, -0.845558, 0.533883, 0.0, 0.0, 0.0, 0.0, 1.0],
                [1.0, -1e-06, 1e-06, 0.0, -0.0, 0.711526, 0.70266, 0.374726, -1e-06, -0.70266, 0.711525, 0.0, 0.0, 0.0, 0.0, 1.0],
                [1.0, -0.0, 1e-06, 0.0, -0.0, 0.960925, 0.276807, 0.374726, -1e-06, -0.276807, 0.960926, 0.0, 0.0, 0.0, 0.0, 1.0],
                [1.000001, -0.0, 1e-06, 0.0, -0.0, 0.901654, 0.432457, 0.374726, -1e-06, -0.432457, 0.901655, -0.0, 0.0, 0.0, 0.0, 1.0],
                [1.0, -0.0, 1e-06, -0.0, -0.0, 0.768211, 0.640195, 0.374726, -1e-06, -0.640195, 0.768212, 0.0, 0.0, 0.0, 0.0, 1.0],
                [0.999999, -0.0, 1e-06, 0.0, -0.0, 0.718261, 0.695773, 0.374726, -1e-06, -0.695772, 0.718262, 1e-06, 0.0, 0.0, 0.0, 1.0],
                [1.0, -0.0, 1e-06, -0.0, -0.0, 0.791834, 0.610736, 0.374726, -1e-06, -0.610737, 0.791832, -0.0, 0.0, 0.0, 0.0, 1.0],
                [1.0, -0.0, 1e-06, 0.0, -0.0, 0.882708, 0.469925, 0.374726, -1e-06, -0.469925, 0.882705, 0.0, 0.0, 0.0, 0.0, 1.0],
                [1.0, -0.0, 1e-06, 0.0, -0.0, 0.833753, 0.552137, 0.374726, -1e-06, -0.552138, 0.833752, -0.0, 0.0, 0.0, 0.0, 1.0],
                [1.0, -0.0, 1e-06, -0.0, -0.0, 0.829708, 0.558198, 0.374726, -1e-06, -0.558198, 0.829707, -0.0, 0.0, 0.0, 0.0, 1.0],
                [1.000001, -0.0, 1e-06, -0.0, -0.0, 0.99999, 0.004697, 0.374727, -1e-06, -0.004697, 0.999988, 0.0, 0.0, 0.0, 0.0, 1.0],
                [1.0, -0.0, 1e-06, -0.0, -0.0, 0.999989, 0.004768, 0.374726, -1e-06, -0.004768, 0.999988, 0.0, 0.0, 0.0, 0.0, 1.0],
                [1.0, -0.0, 1e-06, -0.0, -0.0, 0.999989, 0.004765, 0.374725, -1e-06, -0.004766, 0.999987, -0.0, 0.0, 0.0, 0.0, 1.0],
                [1.0, 0.0, 1e-06, 0.0, 0.0, 0.99999, 0.004709, 0.374726, -1e-06, -0.004709, 0.999988, 0.0, 0.0, 0.0, 0.0, 1.0],
                [1.0, -0.0, 1e-06, 0.0, 0.0, 0.95526, 0.29577, 0.374726, -1e-06, -0.29577, 0.955258, 1e-06, 0.0, 0.0, 0.0, 1.0],
                [1.0, 0.0, 1e-06, 0.0, 0.0, 0.999991, 0.004681, 0.374726, -1e-06, -0.004681, 0.999988, 0.0, 0.0, 0.0, 0.0, 1.0],
                [1.0, -0.0, 1e-06, -0.0, 0.0, 0.999991, 0.004729, 0.374726, -1e-06, -0.004729, 0.999987, 0.0, 0.0, 0.0, 0.0, 1.0],
                [1.0, 0.0, 1e-06, 0.0, 0.0, 0.99999, 0.004774, 0.374726, -1e-06, -0.004774, 0.999987, 0.0, 0.0, 0.0, 0.0, 1.0],
                [1.0, -0.0, 1e-06, 0.0, 0.0, 0.99999, 0.004794, 0.374726, -1e-06, -0.004794, 0.999987, -0.0, 0.0, 0.0, 0.0, 1.0],
                [1.0, -0.0, 1e-06, 0.0, -0.0, 0.99999, 0.004771, 0.374726, -1e-06, -0.004771, 0.999988, 0.0, 0.0, 0.0, 0.0, 1.0],
                [1.000001, -0.0, 1e-06, -1e-06, -0.0, 0.987545, 0.157338, 0.374726, -1e-06, -0.157338, 0.987545, 0.0, 0.0, 0.0, 0.0, 1.0],
                [1.0, -1e-06, 0.0, -0.0, -0.0, 0.316682, 0.948532, 0.374726, -1e-06, -0.948531, 0.316683, 0.0, 0.0, 0.0, 0.0, 1.0],
                [1.0, -1e-06, 1e-06, -0.0, -0.0, 0.709116, 0.705092, 0.374726, -1e-06, -0.705092, 0.709115, 0.0, 0.0, 0.0, 0.0, 1.0],
                [1.0, -0.0, 1e-06, -0.0, -0.0, 0.852654, 0.522476, 0.374726, -1e-06, -0.522476, 0.852653, 0.0, 0.0, 0.0, 0.0, 1.0],
                [1.0, -0.0, 1e-06, 0.0, -0.0, 0.933816, 0.357758, 0.374726, -1e-06, -0.357758, 0.933813, 0.0, 0.0, 0.0, 0.0, 1.0]
            ]
        },
        {
            "name": "Knee_L",
            "time": [0.0, 0.6667],
            "transform": [
                [1.0, 0.0, -0.0, -0.0, -0.0, 0.00567, -0.999984, 0.374726, -0.0, 0.999984, 0.00567, 0.0, 0.0, 0.0, 0.0, 1.0],
                [1.0, 0.0, -0.0, 0.0, -0.0, 0.00567, -0.999984, 0.374726, -0.0, 0.999984, 0.00567, 0.0, 0.0, 0.0, 0.0, 1.0]
            ]
        },
        {
            "name": "Torso",
            "time": [0.0, 0.0167, 0.0333, 0.05, 0.0667, 0.0833, 0.1, 0.1167, 0.1333, 0.15, 0.1667, 0.1833, 0.2, 0.2167, 0.2333, 0.25, 0.2667, 0.2833, 0.3, 0.3167, 0.3333, 0.35, 0.3667, 0.3833, 0.4, 0.4167, 0.4333, 0.45, 0.4667, 0.4833, 0.5, 0.5167, 0.5333, 0.55, 0.5667, 0.5833, 0.6, 0.6167, 0.6333, 0.65, 0.6667],
            "transform": [
                [0.992489, -0.034763, 0.117293, 0.0, 0.017338, 0.989069, 0.146433, 0.05, -0.121101, -0.1433, 0.982242, 0.0, 0.0, 0.0, 0.0, 1.0],
                [0.992682, -0.03647, 0.115121, -0.0, 0.01902, 0.988627, 0.149179, 0.05, -0.119252, -0.145898, 0.982086, 0.0, 0.0, 0.0, 0.0, 1.0],
                [0.99318, -0.041158, 0.109088, 0.0, 0.0237, 0.987354, 0.156747, 0.05, -0.11416, -0.153093, 0.981596, 0.0, 0.0, 0.0, 0.0, 1.0],
                [0.993832, -0.048159, 0.099892, -0.0, 0.030847, 0.985285, 0.168114, 0.05, -0.106519, -0.163995, 0.980693, 0.0, 0.0, 0.0, 0.0, 1.0],
                [0.99448, -0.056789, 0.088234, 0.0, 0.039932, 0.982443, 0.182242, 0.05, -0.097034, -0.177712, 0.979287, -0.0, 0.0, 0.0, 0.0, 1.0],
                [0.994984, -0.06638, 0.074836, -0.0, 0.050406, 0.978885, 0.198101, 0.05, -0.086406, -0.193336, 0.977321, 0.0, 0.0, 0.0, 0.0, 1.0],
                [0.99525, -0.076297, 0.060457, -0.0, 0.061683, 0.974733, 0.214686, 0.05, -0.07531, -0.209938, 0.97481, 0.0, 0.0, 0.0, 0.0, 1.0],
                [0.995241, -0.085953, 0.045904, 0.0, 0.073134, 0.970194, 0.231031, 0.05, -0.064393, -0.226574, 0.971863, -0.0, 0.0, 0.0, 0.0, 1.0],
                [0.994979, -0.094822, 0.032019, -0.0, 0.084094, 0.965556, 0.24623, 0.05, -0.054264, -0.242302, 0.968682, 0.0, 0.0, 0.0, 0.0, 1.0],
                [0.994545, -0.102437, 0.019676, -0.0, 0.093869, 0.961187, 0.259438, 0.05, -0.045488, -0.256176, 0.965559, 0.0, 0.0, 0.0, 0.0, 1.0],
                [0.994062, -0.108381, 0.00976, 0.0, 0.101746, 0.95751, 0.269857, 0.05, -0.038593, -0.267262, 0.962851, 0.0, 0.0, 0.0, 0.0, 1.0],
                [0.993674, -0.112259, 0.003164, -0.0, 0.107006, 0.954975, 0.276718, 0.05, -0.034085, -0.274629, 0.960946, -0.0, 0.0, 0.0, 0.0, 1.0],
                [0.993518, -0.113674, 0.000768, 0.0, 0.108939, 0.954019, 0.279248, 0.05, -0.032476, -0.277354, 0.960219, -0.0, 0.0, 0.0, 0.0, 1.0],
                [0.994977, -0.099588, 0.010143, 0.0, 0.092794, 0.955582, 0.279737, 0.05, -0.037551, -0.27739, 0.960023, -0.0, 0.0, 0.0, 0.0, 1.0],
                [0.997366, -0.064186, 0.03378, 0.0, 0.052205, 0.958574, 0.280019, 0.05, -0.050354, -0.277518, 0.9594, -0.0, 0.0, 0.0, 0.0, 1.0],
                [0.997735, -0.018009, 0.064815, 0.0, -0.000766, 0.960398, 0.278631, 0.05, -0.067266, -0.278049, 0.958209, 0.0, 0.0, 0.0, 0.0, 1.0],
                [0.99496, 0.028122, 0.096244, 0.0, -0.05374, 0.959922, 0.275066, 0.05, -0.084652, -0.278852, 0.956596, -0.0, 0.0, 0.0, 0.0, 1.0],
                [0.990604, 0.063403, 0.121175, -0.0, -0.094382, 0.958157, 0.270234, 0.05, -0.098971, -0.279132, 0.955139, 0.0, 0.0, 0.0, 0.0, 1.0],
                [0.988092, 0.07731, 0.133033, 0.0, -0.110742, 0.95758, 0.266041, 0.05, -0.106822, -0.277606, 0.954738, 0.0, 0.0, 0.0, 0.0, 1.0],
                [0.987774, 0.076878, 0.13562, 0.0, -0.110584, 0.958722, 0.26196, 0.05, -0.109883, -0.273755, 0.955502, -0.0, 0.0, 0.0, 0.0, 1.0],
                [0.987613, 0.076188, 0.137171, -0.0, -0.10973, 0.960242, 0.256698, 0.05, -0.11216, -0.26857, 0.956708, -1e-06, 0.0, 0.0, 0.0, 1.0],
                [0.987567, 0.075389, 0.137941, -0.0, -0.108501, 0.961859, 0.251109, 0.05, -0.113749, -0.262954, 0.95808, -0.0, 0.0, 0.0, 0.0, 1.0],
                [0.987591, 0.07463, 0.138184, 0.0, -0.107223, 0.963309, 0.246049, 0.050001, -0.114751, -0.257812, 0.959357, -0.0, 0.0, 0.0, 0.0, 1.0],
                [0.987639, 0.074062, 0.138148, 0.0, -0.106219, 0.964349, 0.24238, 0.05, -0.115272, -0.254058, 0.960295, -0.0, 0.0, 0.0, 0.0, 1.0],
                [0.987665, 0.073838, 0.138081, 0.0, -0.105813, 0.964749, 0.240965, 0.05, -0.115421, -0.252603, 0.960661, 0.0, 0.0, 0.0, 0.0, 1.0],
                [0.987665, 0.073838, 0.138081, 0.0, -0.105813, 0.964749, 0.240965, 0.05, -0.115421, -0.252603, 0.960661, -0.0, 0.0, 0.0, 0.0, 1.0],
                [0.987665, 0.073838, 0.138081, 0.0, -0.105813, 0.964749, 0.240965, 0.05, -0.115421, -0.252603, 0.960661, -0.0, 0.0, 0.0, 0.0, 1.0],
                [0.987665, 0.073838, 0.138081, -0.0, -0.105813, 0.964749, 0.240965, 0.05, -0.115421, -0.252603, 0.960661, -0.0, 0.0, 0.0, 0.0, 1.0],
                [0.987665, 0.073838, 0.138081, 0.0, -0.105813, 0.964749, 0.240965, 0.05, -0.115421, -0.252603, 0.960661, 0.0, 0.0, 0.0, 0.0, 1.0],
                [0.987665, 0.073838, 0.138081, -0.0, -0.105813, 0.964749, 0.240965, 0.05, -0.115421, -0.252603, 0.960661, -0.0, 0.0, 0.0, 0.0, 1.0],
                [0.987665, 0.073838, 0.138081, -0.0, -0.105813, 0.964749, 0.240965, 0.05, -0.115421, -0.252603, 0.960661, -0.0, 0.0, 0.0, 0.0, 1.0],
                [0.987665, 0.073838, 0.138081, -0.0, -0.105812, 0.964749, 0.240965, 0.05, -0.115421, -0.252603, 0.960661, 0.0, 0.0, 0.0, 0.0, 1.0],
                [0.987665, 0.073838, 0.138081, 0.0, -0.105813, 0.964749, 0.240965, 0.05, -0.115421, -0.252603, 0.960661, -0.0, 0.0, 0.0, 0.0, 1.0],
                [0.987665, 0.073838, 0.138081, -0.0, -0.105813, 0.964749, 0.240965, 0.05, -0.115421, -0.252603, 0.960661, -0.0, 0.0, 0.0, 0.0, 1.0],
                [0.987665, 0.073838, 0.138081, 0.0, -0.105812, 0.964749, 0.240965, 0.05, -0.115421, -0.252603, 0.960661, 0.0, 0.0, 0.0, 0.0, 1.0],
                [0.987665, 0.073838, 0.138081, -0.0, -0.105813, 0.964749, 0.240965, 0.05, -0.115421, -0.252603, 0.960661, 0.0, 0.0, 0.0, 0.0, 1.0],
                [0.987665, 0.073838, 0.138081, 0.0, -0.105813, 0.964749, 0.240965, 0.05, -0.115421, -0.252603, 0.960661, 0.0, 0.0, 0.0, 0.0, 1.0],
                [0.988837, 0.074237, 0.129191, -0.0, -0.103283, 0.966448, 0.235184, 0.05, -0.107397, -0.245902, 0.963327, -0.0, 0.0, 0.0, 0.0, 1.0],
                [0.991151, 0.074898, 0.109589, 0.0, -0.097887, 0.970041, 0.222349, 0.05, -0.089652, -0.231109, 0.968788, -0.0, 0.0, 0.0, 0.0, 1.0],
                [0.9931, 0.075258, 0.089939, -0.0, -0.092728, 0.973431, 0.209363, 0.05, -0.071793, -0.216258, 0.973693, 0.0, 0.0, 0.0, 0.0, 1.0],
