{
    "animation": [
        {
            "name": "Root",
            "time": [0.0, 0.0167, 0.0333, 0.05, 0.0667, 0.0833, 0.1, 0.1167, 0.1333, 0.15, 0.1667, 0.1833, 0.2, 0.2167, 0.2333, 0.25, 0.2667, 0.2833, 0.3, 0.3167, 0.3333, 0.35, 0.3667, 0.3833, 0.4, 0.4167, 0.4333, 0.45, 0.4667, 0.4833, 0.5, 0.5167, 0.5333, 0.55, 0.5667, 0.5833, 0.6, 0.6167, 0.6333, 0.65, 0.6667, 0.6833, 0.7, 0.7167, 0.7333, 0.75, 0.7667, 0.7833, 0.8, 0.8167, 0.8333, 0.85, 0.8667, 0.8833, 0.9, 0.9167, 0.9333, 0.95, 0.9667, 0.9833, 1.0, 1.0167, 1.0333, 1.05, 1.0667, 1.0833, 1.1, 1.1167, 1.1333, 1.15, 1.1667, 1.1833, 1.2, 1.2167, 1.2333, 1.25, 1.2667, 1.2833, 1.3, 1.3167, 1.3333, 1.35, 1.3667, 1.3833, 1.4, 1.4167, 1.4333, 1.45, 1.4667, 1.4833, 1.5, 1.5167, 1.5333, 1.55, 1.5667, 1.5833, 1.6, 1.6167, 1.6333, 1.65, 1.6667, 1.6833, 1.7, 1.7167, 1.7333, 1.75, 1.7667, 1.7833, 1.8, 1.8167, 1.8333, 1.85, 1.8667, 1.8833, 1.9, 1.9167, 1.9333, 1.95, 1.9667, 1.9833, 2.0],
            "transform": [
                [0.190708, 0.0, -0.981647, 0.002802, -0.981647, 0.0, -0.190708, 0.000475, 0.0, 1.0, 0.0, 0.737055, 0.0, 0.0, 0.0, 1.0],
                [0.190708, 0.0, -0.981647, 0.002802, -0.981647, 0.0, -0.190708, 0.000475, 0.0, 1.0, 0.0, 0.737056, 0.0, 0.0, 0.0, 1.0],
                [0.190708, 0.0, -0.981647, 0.002802, -0.981647, 0.0, -0.190708, 0.000475, 0.0, 1.0, 0.0, 0.73706, 0.0, 0.0, 0.0, 1.0],
                [0.190708, 0.0, -0.981647, 0.002802, -0.981647, 0.0, -0.190708, 0.000475, 0.0, 1.0, 0.0, 0.737067, 0.0, 0.0, 0.0, 1.0],
                [0.190708, 0.0, -0.981647, 0.002802, -0.981647, 0.0, -0.190708, 0.000475, 0.0, 1.0, 0.0, 0.737076, 0.0, 0.0, 0.0, 1.0],
                [0.190708, 0.0, -0.981647, 0.002802, -0.981647, 0.0, -0.190708, 0.000475, 0.0, 1.0, 0.0, 0.737088, 0.0, 0.0, 0.0, 1.0],
                [0.190708, 0.0, -0.981647, 0.002802, -0.981647, 0.0, -0.190708, 0.000475, 0.0, 1.0, 0.0, 0.737102, 0.0, 0.0, 0.0, 1.0],
                [0.190708, 0.0, -0.981647, 0.002802, -0.981647, 0.0, -0.190708, 0.000475, 0.0, 1.0, 0.0, 0.737118, 0.0, 0.0, 0.0, 1.0],
                [0.190708, 0.0, -0.981647, 0.002802, -0.981647, 0.0, -0.190708, 0.000475, 0.0, 1.0, 0.0, 0.737136, 0.0, 0.0, 0.0, 1.0],
                [0.190708, 0.0, -0.981647, 0.002802, -0.981647, 0.0, -0.190708, 0.000475, 0.0, 1.0, 0.0, 0.737156, 0.0, 0.0, 0.0, 1.0],
                [0.190708, 0.0, -0.981647, 0.002802, -0.981647, 0.0, -0.190708, 0.000475, 0.0, 1.0, 0.0, 0.737179, 0.0, 0.0, 0.0, 1.0],
                [0.190708, 0.0, -0.981647, 0.002802, -0.981647, 0.0, -0.190708, 0.000475, 0.0, 1.0, 0.0, 0.737203, 0.0, 0.0, 0.0, 1.0],
                [0.190708, 0.0, -0.981647, 0.002802, -0.981647, 0.0, -0.190708, 0.000475, 0.0, 1.0, 0.0, 0.737229, 0.0, 0.0, 0.0, 1.0],
                [0.190708, 0.0, -0.981647, 0.002802, -0.981647, 0.0, -0.190708, 0.000475, 0.0, 1.0, 0.0, 0.737256, 0.0, 0.0, 0.0, 1.0],
                [0.190708, 0.0, -0.981647, 0.002802, -0.981647, 0.0, -0.190708, 0.000475, 0.0, 1.0, 0.0, 0.737285, 0.0, 0.0, 0.0, 1.0],
                [0.190708, 0.0, -0.981647, 0.002802, -0.981647, 0.0, -0.190708, 0.000475, 0.0, 1.0, 0.0, 0.737316, 0.0, 0.0, 0.0, 1.0],
                [0.190708, 0.0, -0.981647, 0.002802, -0.981647, 0.0, -0.190708, 0.000475, 0.0, 1.0, 0.0, 0.737348, 0.0, 0.0, 0.0, 1.0],
                [0.190708, 0.0, -0.981647, 0.002802, -0.981647, 0.0, -0.190708, 0.000475, 0.0, 1.0, 0.0, 0.737381, 0.0, 0.0, 0.0, 1.0],
                [0.190708, 0.0, -0.981647, 0.002802, -0.981647, 0.0, -0.190708, 0.000475, 0.0, 1.0, 0.0, 0.737416, 0.0, 0.0, 0.0, 1.0],
                [0.190708, 0.0, -0.981647, 0.002802, -0.981647, 0.0, -0.190708, 0.000475, 0.0, 1.0, 0.0, 0.737451, 0.0, 0.0, 0.0, 1.0],
                [0.190708, 0.0, -0.981647, 0.002802, -0.981647, 0.0, -0.190708, 0.000475, 0.0, 1.0, 0.0, 0.737488, 0.0, 0.0, 0.0, 1.0],
                [0.190708, 0.0, -0.981647, 0.002802, -0.981647, 0.0, -0.190708, 0.000475, 0.0, 1.0, 0.0, 0.737526, 0.0, 0.0, 0.0, 1.0],
                [0.190708, 0.0, -0.981647, 0.002802, -0.981647, 0.0, -0.190708, 0.000475, 0.0, 1.0, 0.0, 0.737564, 0.0, 0.0, 0.0, 1.0],
                [0.190708, 0.0, -0.981647, 0.002802, -0.981647, 0.0, -0.190708, 0.000475, 0.0, 1.0, 0.0, 0.737603, 0.0, 0.0, 0.0, 1.0],
                [0.190708, 0.0, -0.981647, 0.002802, -0.981647, 0.0, -0.190708, 0.000475, 0.0, 1.0, 0.0, 0.737643, 0.0, 0.0, 0.0, 1.0],
                [0.190708, 0.0, -0.981647, 0.002802, -0.981647, 0.0, -0.190708, 0.000475, 0.0, 1.0, 0.0, 0.737683, 0.0, 0.0, 0.0, 1.0],
                [0.190708, 0.0, -0.981647, 0.002802, -0.981647, 0.0, -0.190708, 0.000475, 0.0, 1.0, 0.0, 0.737724, 0.0, 0.0, 0.0, 1.0],
                [0.190708, 0.0, -0.981647, 0.002802, -0.981647, 0.0, -0.190708, 0.000475, 0.0, 1.0, 0.0, 0.737765, 0.0, 0.0, 0.0, 1.0],
                [0.190708, 0.0, -0.981647, 0.002802, -0.981647, 0.0, -0.190708, 0.000475, 0.0, 1.0, 0.0, 0.737807, 0.0, 0.0, 0.0, 1.0],
                [0.190708, 0.0, -0.981647, 0.002802, -0.981647, 0.0, -0.190708, 0.000475, 0.0, 1.0, 0.0, 0.737849, 0.0, 0.0, 0.0, 1.0],
                [0.190708, 0.0, -0.981647, 0.002802, -0.981647, 0.0, -0.190708, 0.000475, 0.0, 1.0, 0.0, 0.73789, 0.0, 0.0, 0.0, 1.0],
                [0.190708, 0.0, -0.981647, 0.002802, -0.981647, 0.0, -0.190708, 0.000475, 0.0, 1.0, 0.0, 0.737932, 0.0, 0.0, 0.0, 1.0],
                [0.190708, 0.0, -0.981647, 0.002802, -0.981647, 0.0, -0.190708, 0.000475, 0.0, 1.0, 0.0, 0.737974, 0.0, 0.0, 0.0, 1.0],
                [0.190708, 0.0, -0.981647, 0.002802, -0.981647, 0.0, -0.190708, 0.000475, 0.0, 1.0, 0.0, 0.738015, 0.0, 0.0, 0.0, 1.0],
                [0.190708, 0.0, -0.981647, 0.002802, -0.981647, 0.0, -0.190708, 0.000475, 0.0, 1.0, 0.0, 0.738056, 0.0, 0.0, 0.0, 1.0],
                [0.190708, 0.0, -0.981647, 0.002802, -0.981647, 0.0, -0.190708, 0.000475, 0.0, 1.0, 0.0, 0.738097, 0.0, 0.0, 0.0, 1.0],
                [0.190708, 0.0, -0.981647, 0.002802, -0.981647, 0.0, -0.190708, 0.000475, 0.0, 1.0, 0.0, 0.738138, 0.0, 0.0, 0.0, 1.0],
                [0.190708, 0.0, -0.981647, 0.002802, -0.981647, 0.0, -0.190708, 0.000475, 0.0, 1.0, 0.0, 0.738177, 0.0, 0.0, 0.0, 1.0],
                [0.190708, 0.0, -0.981647, 0.002802, -0.981647, 0.0, -0.190708, 0.000475, 0.0, 1.0, 0.0, 0.738217, 0.0, 0.0, 0.0, 1.0],
                [0.190708, 0.0, -0.981647, 0.002802, -0.981647, 0.0, -0.190708, 0.000475, 0.0, 1.0, 0.0, 0.738255, 0.0, 0.0, 0.0, 1.0],
                [0.190708, 0.0, -0.981647, 0.002802, -0.981647, 0.0, -0.190708, 0.000475, 0.0, 1.0, 0.0, 0.738293, 0.0, 0.0, 0.0, 1.0],
                [0.190708, 0.0, -0.981647, 0.002802, -0.981647, 0.0, -0.190708, 0.000475, 0.0, 1.0, 0.0, 0.738329, 0.0, 0.0, 0.0, 1.0],
                [0.190708, 0.0, -0.981647, 0.002802, -0.981647, 0.0, -0.190708, 0.000475, 0.0, 1.0, 0.0, 0.738365, 0.0, 0.0, 0.0, 1.0],
                [0.190708, 0.0, -0.981647, 0.002802, -0.981647, 0.0, -0.190708, 0.000475, 0.0, 1.0, 0.0, 0.738399, 0.0, 0.0, 0.0, 1.0],
                [0.190708, 0.0, -0.981647, 0.002802, -0.981647, 0.0, -0.190708, 0.000475, 0.0, 1.0, 0.0, 0.738433, 0.0, 0.0, 0.0, 1.0],
                [0.190708, 0.0, -0.981647, 0.002802, -0.981647, 0.0, -0.190708, 0.000475, 0.0, 1.0, 0.0, 0.738465, 0.0, 0.0, 0.0, 1.0],
                [0.190708, 0.0, -0.981647, 0.002802, -0.981647, 0.0, -0.190708, 0.000475, 0.0, 1.0, 0.0, 0.738495, 0.0, 0.0, 0.0, 1.0],
                [0.190708, 0.0, -0.981647, 0.002802, -0.981647, 0.0, -0.190708, 0.000475, 0.0, 1.0, 0.0, 0.738524, 0.0, 0.0, 0.0, 1.0],
                [0.190708, 0.0, -0.981647, 0.002802, -0.981647, 0.0, -0.190708, 0.000475, 0.0, 1.0, 0.0, 0.738552, 0.0, 0.0, 0.0, 1.0],
                [0.190708, 0.0, -0.981647, 0.002802, -0.981647, 0.0, -0.190708, 0.000475, 0.0, 1.0, 0.0, 0.738578, 0.0, 0.0, 0.0, 1.0],
                [0.190708, 0.0, -0.981647, 0.002802, -0.981647, 0.0, -0.190708, 0.000475, 0.0, 1.0, 0.0, 0.738602, 0.0, 0.0, 0.0, 1.0],
                [0.190708, 0.0, -0.981647, 0.002802, -0.981647, 0.0, -0.190708, 0.000475, 0.0, 1.0, 0.0, 0.738624, 0.0, 0.0, 0.0, 1.0],
                [0.190708, 0.0, -0.981647, 0.002802, -0.981647, 0.0, -0.190708, 0.000475, 0.0, 1.0, 0.0, 0.738645, 0.0, 0.0, 0.0, 1.0],
                [0.190708, 0.0, -0.981647, 0.002802, -0.981647, 0.0, -0.190708, 0.000475, 0.0, 1.0, 0.0, 0.738663, 0.0, 0.0, 0.0, 1.0],
                [0.190708, 0.0, -0.981647, 0.002802, -0.981647, 0.0, -0.190708, 0.000475, 0.0, 1.0, 0.0, 0.738679, 0.0, 0.0, 0.0, 1.0],
                [0.190708, 0.0, -0.981647, 0.002802, -0.981647, 0.0, -0.190708, 0.000475, 0.0, 1.0, 0.0, 0.738693, 0.0, 0.0, 0.0, 1.0],
                [0.190708, 0.0, -0.981647, 0.002802, -0.981647, 0.0, -0.190708, 0.000475, 0.0, 1.0, 0.0, 0.738705, 0.0, 0.0, 0.0, 1.0],
                [0.190708, 0.0, -0.981647, 0.002802, -0.981647, 0.0, -0.190708, 0.000475, 0.0, 1.0, 0.0, 0.738714, 0.0, 0.0, 0.0, 1.0],
                [0.190708, 0.0, -0.981647, 0.002802, -0.981647, 0.0, -0.190708, 0.000475, 0.0, 1.0, 0.0, 0.73872, 0.0, 0.0, 0.0, 1.0],
                [0.190708, 0.0, -0.981647, 0.002802, -0.981647, 0.0, -0.190708, 0.000475, 0.0, 1.0, 0.0, 0.738724, 0.0, 0.0, 0.0, 1.0],
                [0.190708, 0.0, -0.981647, 0.002802, -0.981647, 0.0, -0.190708, 0.000475, 0.0, 1.0, 0.0, 0.738726, 0.0, 0.0, 0.0, 1.0],
                [0.190708, 0.0, -0.981647, 0.002802, -0.981647, 0.0, -0.190708, 0.000475, 0.0, 1.0, 0.0, 0.738724, 0.0, 0.0, 0.0, 1.0],
                [0.190708, 0.0, -0.981647, 0.002802, -0.981647, 0.0, -0.190708, 0.000475, 0.0, 1.0, 0.0, 0.73872, 0.0, 0.0, 0.0, 1.0],
                [0.190708, 0.0, -0.981647, 0.002802, -0.981647, 0.0, -0.190708, 0.000475, 0.0, 1.0, 0.0, 0.738714, 0.0, 0.0, 0.0, 1.0],
                [0.190708, 0.0, -0.981647, 0.002802, -0.981647, 0.0, -0.190708, 0.000475, 0.0, 1.0, 0.0, 0.738705, 0.0, 0.0, 0.0, 1.0],
                [0.190708, 0.0, -0.981647, 0.002802, -0.981647, 0.0, -0.190708, 0.000475, 0.0, 1.0, 0.0, 0.738693, 0.0, 0.0, 0.0, 1.0],
                [0.190708, 0.0, -0.981647, 0.002802, -0.981647, 0.0, -0.190708, 0.000475, 0.0, 1.0, 0.0, 0.738679, 0.0, 0.0, 0.0, 1.0],
                [0.190708, 0.0, -0.981647, 0.002802, -0.981647, 0.0, -0.190708, 0.000475, 0.0, 1.0, 0.0, 0.738663, 0.0, 0.0, 0.0, 1.0],
                [0.190708, 0.0, -0.981647, 0.002802, -0.981647, 0.0, -0.190708, 0.000475, 0.0, 1.0, 0.0, 0.738645, 0.0, 0.0, 0.0, 1.0],
                [0.190708, 0.0, -0.981647, 0.002802, -0.981647, 0.0, -0.190708, 0.000475, 0.0, 1.0, 0.0, 0.738624, 0.0, 0.0, 0.0, 1.0],
                [0.190708, 0.0, -0.981647, 0.002802, -0.981647, 0.0, -0.190708, 0.000475, 0.0, 1.0, 0.0, 0.738602, 0.0, 0.0, 0.0, 1.0],
                [0.190708, 0.0, -0.981647, 0.002802, -0.981647, 0.0, -0.190708, 0.000475, 0.0, 1.0, 0.0, 0.738578, 0.0, 0.0, 0.0, 1.0],
                [0.190708, 0.0, -0.981647, 0.002802, -0.981647, 0.0, -0.190708, 0.000475, 0.0, 1.0, 0.0, 0.738552, 0.0, 0.0, 0.0, 1.0],
                [0.190708, 0.0, -0.981647, 0.002802, -0.981647, 0.0, -0.190708, 0.000475, 0.0, 1.0, 0.0, 0.738524, 0.0, 0.0, 0.0, 1.0],
                [0.190708, 0.0, -0.981647, 0.002802, -0.981647, 0.0, -0.190708, 0.000475, 0.0, 1.0, 0.0, 0.738495, 0.0, 0.0, 0.0, 1.0],
                [0.190708, 0.0, -0.981647, 0.002802, -0.981647, 0.0, -0.190708, 0.000475, 0.0, 1.0, 0.0, 0.738465, 0.0, 0.0, 0.0, 1.0],
                [0.190708, 0.0, -0.981647, 0.002802, -0.981647, 0.0, -0.190708, 0.000475, 0.0, 1.0, 0.0, 0.738433, 0.0, 0.0, 0.0, 1.0],
                [0.190708, 0.0, -0.981647, 0.002802, -0.981647, 0.0, -0.190708, 0.000475, 0.0, 1.0, 0.0, 0.738399, 0.0, 0.0, 0.0, 1.0],
                [0.190708, 0.0, -0.981647, 0.002802, -0.981647, 0.0, -0.190708, 0.000475, 0.0, 1.0, 0.0, 0.738365, 0.0, 0.0, 0.0, 1.0],
                [0.190708, 0.0, -0.981647, 0.002802, -0.981647, 0.0, -0.190708, 0.000475, 0.0, 1.0, 0.0, 0.738329, 0.0, 0.0, 0.0, 1.0],
                [0.190708, 0.0, -0.981647, 0.002802, -0.981647, 0.0, -0.190708, 0.000475, 0.0, 1.0, 0.0, 0.738293, 0.0, 0.0, 0.0, 1.0],
                [0.190708, 0.0, -0.981647, 0.002802, -0.981647, 0.0, -0.190708, 0.000475, 0.0, 1.0, 0.0, 0.738255, 0.0, 0.0, 0.0, 1.0],
                [0.190708, 0.0, -0.981647, 0.002802, -0.981647, 0.0, -0.190708, 0.000475, 0.0, 1.0, 0.0, 0.738217, 0.0, 0.0, 0.0, 1.0],
                [0.190708, 0.0, -0.981647, 0.002802, -0.981647, 0.0, -0.190708, 0.000475, 0.0, 1.0, 0.0, 0.738177, 0.0, 0.0, 0.0, 1.0],
                [0.190708, 0.0, -0.981647, 0.002802, -0.981647, 0.0, -0.190708, 0.000475, 0.0, 1.0, 0.0, 0.738138, 0.0, 0.0, 0.0, 1.0],
                [0.190708, 0.0, -0.981647, 0.002802, -0.981647, 0.0, -0.190708, 0.000475, 0.0, 1.0, 0.0, 0.738097, 0.0, 0.0, 0.0, 1.0],
                [0.190708, 0.0, -0.981647, 0.002802, -0.981647, 0.0, -0.190708, 0.000475, 0.0, 1.0, 0.0, 0.738056, 0.0, 0.0, 0.0, 1.0],
                [0.190708, 0.0, -0.981647, 0.002802, -0.981647, 0.0, -0.190708, 0.000475, 0.0, 1.0, 0.0, 0.738015, 0.0, 0.0, 0.0, 1.0],
                [0.190708, 0.0, -0.981647, 0.002802, -0.981647, 0.0, -0.190708, 0.000475, 0.0, 1.0, 0.0, 0.737974, 0.0, 0.0, 0.0, 1.0],
                [0.190708, 0.0, -0.981647, 0.002802, -0.981647, 0.0, -0.190708, 0.000475, 0.0, 1.0, 0.0, 0.737932, 0.0, 0.0, 0.0, 1.0],
                [0.190708, 0.0, -0.981647, 0.002802, -0.981647, 0.0, -0.190708, 0.000475, 0.0, 1.0, 0.0, 0.73789, 0.0, 0.0, 0.0, 1.0],
                [0.190708, 0.0, -0.981647, 0.002802, -0.981647, 0.0, -0.190708, 0.000475, 0.0, 1.0, 0.0, 0.737849, 0.0, 0.0, 0.0, 1.0],
                [0.190708, 0.0, -0.981647, 0.002802, -0.981647, 0.0, -0.190708, 0.000475, 0.0, 1.0, 0.0, 0.737807, 0.0, 0.0, 0.0, 1.0],
                [0.190708, 0.0, -0.981647, 0.002802, -0.981647, 0.0, -0.190708, 0.000475, 0.0, 1.0, 0.0, 0.737765, 0.0, 0.0, 0.0, 1.0],
                [0.190708, 0.0, -0.981647, 0.002802, -0.981647, 0.0, -0.190708, 0.000475, 0.0, 1.0, 0.0, 0.737724, 0.0, 0.0, 0.0, 1.0],
                [0.190708, 0.0, -0.981647, 0.002802, -0.981647, 0.0, -0.190708, 0.000475, 0.0, 1.0, 0.0, 0.737683, 0.0, 0.0, 0.0, 1.0],
                [0.190708, 0.0, -0.981647, 0.002802, -0.981647, 0.0, -0.190708, 0.000475, 0.0, 1.0, 0.0, 0.737643, 0.0, 0.0, 0.0, 1.0],
                [0.190708, 0.0, -0.981647, 0.002802, -0.981647, 0.0, -0.190708, 0.000475, 0.0, 1.0, 0.0, 0.737603, 0.0, 0.0, 0.0, 1.0],
                [0.190708, 0.0, -0.981647, 0.002802, -0.981647, 0.0, -0.190708, 0.000475, 0.0, 1.0, 0.0, 0.737564, 0.0, 0.0, 0.0, 1.0],
                [0.190708, 0.0, -0.981647, 0.002802, -0.981647, 0.0, -0.190708, 0.000475, 0.0, 1.0, 0.0, 0.737526, 0.0, 0.0, 0.0, 1.0],
                [0.190708, 0.0, -0.981647, 0.002802, -0.981647, 0.0, -0.190708, 0.000475, 0.0, 1.0, 0.0, 0.737488, 0.0, 0.0, 0.0, 1.0],
                [0.190708, 0.0, -0.981647, 0.002802, -0.981647, 0.0, -0.190708, 0.000475, 0.0, 1.0, 0.0, 0.737451, 0.0, 0.0, 0.0, 1.0],
                [0.190708, 0.0, -0.981647, 0.002802, -0.981647, 0.0, -0.190708, 0.000475, 0.0, 1.0, 0.0, 0.737416, 0.0, 0.0, 0.0, 1.0],
                [0.190708, 0.0, -0.981647, 0.002802, -0.981647, 0.0, -0.190708, 0.000475, 0.0, 1.0, 0.0, 0.737381, 0.0, 0.0, 0.0, 1.0],
                [0.190708, 0.0, -0.981647, 0.002802, -0.981647, 0.0, -0.190708, 0.000475, 0.0, 1.0, 0.0, 0.737348, 0.0, 0.0, 0.0, 1.0],
                [0.190708, 0.0, -0.981647, 0.002802, -0.981647, 0.0, -0.190708, 0.000475, 0.0, 1.0, 0.0, 0.737316, 0.0, 0.0, 0.0, 1.0],
                [0.190708, 0.0, -0.981647, 0.002802, -0.981647, 0.0, -0.190708, 0.000475, 0.0, 1.0, 0.0, 0.737285, 0.0, 0.0, 0.0, 1.0],
                [0.190708, 0.0, -0.981647, 0.002802, -0.981647, 0.0, -0.190708, 0.000475, 0.0, 1.0, 0.0, 0.737256, 0.0, 0.0, 0.0, 1.0],
                [0.190708, 0.0, -0.981647, 0.002802, -0.981647, 0.0, -0.190708, 0.000475, 0.0, 1.0, 0.0, 0.737229, 0.0, 0.0, 0.0, 1.0],
                [0.190708, 0.0, -0.981647, 0.002802, -0.981647, 0.0, -0.190708, 0.000475, 0.0, 1.0, 0.0, 0.737203, 0.0, 0.0, 0.0, 1.0],
                [0.190708, 0.0, -0.981647, 0.002802, -0.981647, 0.0, -0.190708, 0.000475, 0.0, 1.0, 0.0, 0.737179, 0.0, 0.0, 0.0, 1.0],
                [0.190708, 0.0, -0.981647, 0.002802, -0.981647, 0.0, -0.190708, 0.000475, 0.0, 1.0, 0.0, 0.737156, 0.0, 0.0, 0.0, 1.0],
                [0.190708, 0.0, -0.981647, 0.002802, -0.981647, 0.0, -0.190708, 0.000475, 0.0, 1.0, 0.0, 0.737136, 0.0, 0.0, 0.0, 1.0],
                [0.190708, 0.0, -0.981647, 0.002802, -0.981647, 0.0, -0.190708, 0.000475, 0.0, 1.0, 0.0, 0.737118, 0.0, 0.0, 0.0, 1.0],
                [0.190708, 0.0, -0.981647, 0.002802, -0.981647, 0.0, -0.190708, 0.000475, 0.0, 1.0, 0.0, 0.737102, 0.0, 0.0, 0.0, 1.0],
                [0.190708, 0.0, -0.981647, 0.002802, -0.981647, 0.0, -0.190708, 0.000475, 0.0, 1.0, 0.0, 0.737088, 0.0, 0.0, 0.0, 1.0],
                [0.190708, 0.0, -0.981647, 0.002802, -0.981647, 0.0, -0.190708, 0.000475, 0.0, 1.0, 0.0, 0.737076, 0.0, 0.0, 0.0, 1.0],
                [0.190708, 0.0, -0.981647, 0.002802, -0.981647, 0.0, -0.190708, 0.000475, 0.0, 1.0, 0.0, 0.737067, 0.0, 0.0, 0.0, 1.0],
                [0.190708, 0.0, -0.981647, 0.002802, -0.981647, 0.0, -0.190708, 0.000475, 0.0, 1.0, 0.0, 0.73706, 0.0, 0.0, 0.0, 1.0],
                [0.190708, 0.0, -0.981647, 0.002802, -0.981647, 0.0, -0.190708, 0.000475, 0.0, 1.0, 0.0, 0.737056, 0.0, 0.0, 0.0, 1.0],
                [0.190708, 0.0, -0.981647, 0.002802, -0.981647, 0.0, -0.190708, 0.000475, 0.0, 1.0, 0.0, 0.737055, 0.0, 0.0, 0.0, 1.0]
            ]
        },
        {
            "name": "Thigh_R",
            "time": [0.0, 0.0167, 0.0333, 0.05, 0.0667, 0.0833, 0.1, 0.1167, 0.1333, 0.15, 0.1667, 0.1833, 0.2, 0.2167, 0.2333, 0.25, 0.2667, 0.2833, 0.3, 0.3167, 0.3333, 0.35, 0.3667, 0.3833, 0.4, 0.4167, 0.4333, 0.45, 0.4667, 0.4833, 0.5, 0.5167, 0.5333, 0.55, 0.5667, 0.5833, 0.6, 0.6167, 0.6333, 0.65, 0.6667, 0.6833, 0.7, 0.7167, 0.7333, 0.75, 0.7667, 0.7833, 0.8, 0.8167, 0.8333, 0.85, 0.8667, 0.8833, 0.9, 0.9167, 0.9333, 0.95, 0.9667, 0.9833, 1.0, 1.0167, 1.0333, 1.05, 1.0667, 1.0833, 1.1, 1.1167, 1.1333, 1.15, 1.1667, 1.1833, 1.2, 1.2167, 1.2333, 1.25, 1.2667, 1.2833, 1.3, 1.3167, 1.3333, 1.35, 1.3667, 1.3833, 1.4, 1.4167, 1.4333, 1.45, 1.4667, 1.4833, 1.5, 1.5167, 1.5333, 1.55, 1.5667, 1.5833, 1.6, 1.6167, 1.6333, 1.65, 1.6667, 1.6833, 1.7, 1.7167, 1.7333, 1.75, 1.7667, 1.7833, 1.8, 1.8167, 1.8333, 1.85, 1.8667, 1.8833, 1.9, 1.9167, 1.9333, 1.95, 1.9667, 1.9833, 2.0],
            "transform": [
                [0.940279, 0.089964, -0.328299, 0.108479, 0.203522, -0.921656, 0.330343, -0.008013, -0.27286, -0.377431, -0.884925, -0.041995, 0.0, 0.0, 0.0, 1.0],
                [0.940279, 0.089967, -0.328299, 0.108479, 0.203522, -0.921659, 0.330334, -0.008013, -0.272861, -0.377422, -0.884929, -0.041995, 0.0, 0.0, 0.0, 1.0],
                [0.940279, 0.089975, -0.328297, 0.108479, 0.203521, -0.921668, 0.330309, -0.008013, -0.272862, -0.377398, -0.884939, -0.041995, 0.0, 0.0, 0.0, 1.0],
                [0.940279, 0.089988, -0.328295, 0.108479, 0.20352, -0.921684, 0.330267, -0.008013, -0.272864, -0.377357, -0.884956, -0.041995, 0.0, 0.0, 0.0, 1.0],
                [0.940278, 0.090005, -0.328291, 0.108479, 0.203518, -0.921705, 0.330209, -0.008013, -0.272867, -0.377301, -0.884979, -0.041995, 0.0, 0.0, 0.0, 1.0],
                [0.940278, 0.090027, -0.328287, 0.108479, 0.203515, -0.921731, 0.330136, -0.008013, -0.272871, -0.377231, -0.885008, -0.041995, 0.0, 0.0, 0.0, 1.0],
                [0.940277, 0.090054, -0.328282, 0.108479, 0.203512, -0.921764, 0.330048, -0.008013, -0.272876, -0.377145, -0.885043, -0.041995, 0.0, 0.0, 0.0, 1.0],
                [0.940276, 0.090086, -0.328275, 0.108479, 0.203508, -0.921801, 0.329945, -0.008013, -0.272882, -0.377046, -0.885083, -0.041995, 0.0, 0.0, 0.0, 1.0],
                [0.940275, 0.090121, -0.328268, 0.108479, 0.203504, -0.921844, 0.32983, -0.008013, -0.272888, -0.376934, -0.885129, -0.041995, 0.0, 0.0, 0.0, 1.0],
                [0.940274, 0.09016, -0.328261, 0.108479, 0.203499, -0.921891, 0.329701, -0.008013, -0.272895, -0.37681, -0.88518, -0.041995, 0.0, 0.0, 0.0, 1.0],
                [0.940273, 0.090203, -0.328252, 0.108479, 0.203494, -0.921942, 0.32956, -0.008013, -0.272902, -0.376673, -0.885235, -0.041995, 0.0, 0.0, 0.0, 1.0],
                [0.940272, 0.090249, -0.328243, 0.108479, 0.203489, -0.921998, 0.329408, -0.008013, -0.27291, -0.376526, -0.885296, -0.041995, 0.0, 0.0, 0.0, 1.0],
                [0.940271, 0.090299, -0.328232, 0.108479, 0.203483, -0.922058, 0.329243, -0.008013, -0.272919, -0.376367, -0.885361, -0.041995, 0.0, 0.0, 0.0, 1.0],
                [0.940269, 0.090352, -0.328222, 0.108479, 0.203477, -0.922122, 0.329068, -0.008013, -0.272929, -0.376198, -0.88543, -0.041995, 0.0, 0.0, 0.0, 1.0],
                [0.940268, 0.090409, -0.32821, 0.108479, 0.203471, -0.922189, 0.328883, -0.008013, -0.272938, -0.376019, -0.885503, -0.041995, 0.0, 0.0, 0.0, 1.0],
                [0.940266, 0.090468, -0.328198, 0.108479, 0.203464, -0.92226, 0.328688, -0.008013, -0.272949, -0.37583, -0.885579, -0.041995, 0.0, 0.0, 0.0, 1.0],
                [0.940265, 0.090531, -0.328186, 0.108479, 0.203456, -0.922335, 0.328483, -0.008013, -0.27296, -0.375632, -0.88566, -0.041995, 0.0, 0.0, 0.0, 1.0],
                [0.940263, 0.090595, -0.328173, 0.108479, 0.203449, -0.922412, 0.32827, -0.008013, -0.272971, -0.375426, -0.885744, -0.041995, 0.0, 0.0, 0.0, 1.0],
                [0.940261, 0.090663, -0.328159, 0.108479, 0.203441, -0.922493, 0.328049, -0.008013, -0.272983, -0.375212, -0.885831, -0.041995, 0.0, 0.0, 0.0, 1.0],
                [0.940259, 0.090732, -0.328145, 0.108479, 0.203433, -0.922575, 0.327822, -0.008013, -0.272995, -0.374993, -0.88592, -0.041995, 0.0, 0.0, 0.0, 1.0],
                [0.940258, 0.090803, -0.32813, 0.108479, 0.203425, -0.92266, 0.327587, -0.008013, -0.273007, -0.374766, -0.886012, -0.041995, 0.0, 0.0, 0.0, 1.0],
                [0.940256, 0.090877, -0.328115, 0.108479, 0.203417, -0.922748, 0.327345, -0.008013, -0.27302, -0.374532, -0.886107, -0.041995, 0.0, 0.0, 0.0, 1.0],
                [0.940254, 0.090952, -0.3281, 0.108479, 0.203408, -0.922837, 0.327099, -0.008013, -0.273033, -0.374294, -0.886204, -0.041995, 0.0, 0.0, 0.0, 1.0],
                [0.940252, 0.091029, -0.328084, 0.108479, 0.203399, -0.922929, 0.326847, -0.008013, -0.273046, -0.37405, -0.886303, -0.041995, 0.0, 0.0, 0.0, 1.0],
                [0.94025, 0.091107, -0.328068, 0.108479, 0.20339, -0.923021, 0.326591, -0.008013, -0.27306, -0.373802, -0.886403, -0.041995, 0.0, 0.0, 0.0, 1.0],
                [0.940248, 0.091187, -0.328052, 0.108479, 0.203381, -0.923116, 0.326329, -0.008013, -0.273073, -0.373549, -0.886505, -0.041995, 0.0, 0.0, 0.0, 1.0],
                [0.940246, 0.091267, -0.328036, 0.108479, 0.203372, -0.923211, 0.326066, -0.008013, -0.273087, -0.373295, -0.886608, -0.041995, 0.0, 0.0, 0.0, 1.0],
                [0.940244, 0.091348, -0.328019, 0.108479, 0.203363, -0.923307, 0.325799, -0.008013, -0.273101, -0.373037, -0.886713, -0.041995, 0.0, 0.0, 0.0, 1.0],
                [0.940242, 0.09143, -0.328002, 0.108479, 0.203354, -0.923403, 0.325531, -0.008013, -0.273115, -0.372778, -0.886817, -0.041995, 0.0, 0.0, 0.0, 1.0],
                [0.94024, 0.091512, -0.327985, 0.108479, 0.203344, -0.923501, 0.32526, -0.008013, -0.27313, -0.372516, -0.886923, -0.041995, 0.0, 0.0, 0.0, 1.0],
                [0.940238, 0.091595, -0.327968, 0.108479, 0.203335, -0.923599, 0.324989, -0.008013, -0.273144, -0.372254, -0.887029, -0.041995, 0.0, 0.0, 0.0, 1.0],
                [0.940235, 0.091678, -0.327951, 0.108479, 0.203326, -0.923696, 0.324717, -0.008013, -0.273158, -0.371991, -0.887135, -0.041995, 0.0, 0.0, 0.0, 1.0],
                [0.940234, 0.091761, -0.327934, 0.108479, 0.203316, -0.923794, 0.324446, -0.008013, -0.273172, -0.371728, -0.88724, -0.041995, 0.0, 0.0, 0.0, 1.0],
                [0.940231, 0.091843, -0.327917, 0.108479, 0.203307, -0.923891, 0.324175, -0.008013, -0.273186, -0.371466, -0.887346, -0.041995, 0.0, 0.0, 0.0, 1.0],
                [0.940229, 0.091925, -0.327899, 0.108479, 0.203298, -0.923987, 0.323906, -0.008013, -0.2732, -0.371206, -0.88745, -0.041995, 0.0, 0.0, 0.0, 1.0],
                [0.940228, 0.092007, -0.327882, 0.108479, 0.203289, -0.924083, 0.323638, -0.008013, -0.273214, -0.370948, -0.887554, -0.041995, 0.0, 0.0, 0.0, 1.0],
                [0.940225, 0.092088, -0.327865, 0.108479, 0.203279, -0.924178, 0.323372, -0.008013, -0.273228, -0.370691, -0.887657, -0.041995, 0.0, 0.0, 0.0, 1.0],
                [0.940223, 0.092168, -0.327849, 0.108479, 0.203271, -0.924271, 0.323112, -0.008013, -0.273241, -0.370438, -0.887758, -0.041995, 0.0, 0.0, 0.0, 1.0],
                [0.940221, 0.092246, -0.327832, 0.108479, 0.203262, -0.924363, 0.322854, -0.008013, -0.273254, -0.370189, -0.887858, -0.041995, 0.0, 0.0, 0.0, 1.0],
                [0.940219, 0.092323, -0.327816, 0.108479, 0.203253, -0.924453, 0.322602, -0.008013, -0.273267, -0.369945, -0.887956, -0.041995, 0.0, 0.0, 0.0, 1.0],
                [0.940217, 0.092399, -0.3278, 0.108479, 0.203245, -0.924542, 0.322352, -0.008013, -0.27328, -0.369704, -0.888052, -0.041995, 0.0, 0.0, 0.0, 1.0],
                [0.940216, 0.092473, -0.327784, 0.108479, 0.203236, -0.924628, 0.322109, -0.008013, -0.273292, -0.369469, -0.888146, -0.041995, 0.0, 0.0, 0.0, 1.0],
                [0.940214, 0.092545, -0.327769, 0.108479, 0.203228, -0.924712, 0.321875, -0.008013, -0.273305, -0.369242, -0.888237, -0.041995, 0.0, 0.0, 0.0, 1.0],
                [0.940212, 0.092615, -0.327754, 0.108479, 0.203221, -0.924793, 0.321645, -0.008013, -0.273316, -0.369021, -0.888325, -0.041995, 0.0, 0.0, 0.0, 1.0],
                [0.940211, 0.092682, -0.32774, 0.108479, 0.203213, -0.924872, 0.321425, -0.008013, -0.273328, -0.368808, -0.888411, -0.041995, 0.0, 0.0, 0.0, 1.0],
                [0.940209, 0.092747, -0.327727, 0.108479, 0.203206, -0.924947, 0.321213, -0.008013, -0.273338, -0.368603, -0.888492, -0.041995, 0.0, 0.0, 0.0, 1.0],
                [0.940207, 0.092809, -0.327713, 0.108479, 0.203199, -0.925019, 0.321009, -0.008013, -0.273349, -0.368406, -0.888571, -0.041995, 0.0, 0.0, 0.0, 1.0],
                [0.940206, 0.092869, -0.327701, 0.108479, 0.203193, -0.925088, 0.320814, -0.008013, -0.273358, -0.368217, -0.888646, -0.041995, 0.0, 0.0, 0.0, 1.0],
                [0.940205, 0.092925, -0.327689, 0.108479, 0.203187, -0.925153, 0.320631, -0.008013, -0.273368, -0.36804, -0.888717, -0.041995, 0.0, 0.0, 0.0, 1.0],
                [0.940203, 0.092977, -0.327677, 0.108479, 0.203181, -0.925214, 0.320459, -0.008013, -0.273376, -0.367873, -0.888783, -0.041995, 0.0, 0.0, 0.0, 1.0],
                [0.940202, 0.093027, -0.327667, 0.108479, 0.203175, -0.925271, 0.320297, -0.008013, -0.273385, -0.367717, -0.888845, -0.041995, 0.0, 0.0, 0.0, 1.0],
                [0.940201, 0.093073, -0.327657, 0.108479, 0.20317, -0.925324, 0.320148, -0.008013, -0.273392, -0.367573, -0.888902, -0.041995, 0.0, 0.0, 0.0, 1.0],
                [0.9402, 0.093114, -0.327648, 0.108479, 0.203166, -0.925372, 0.320013, -0.008013, -0.273399, -0.367442, -0.888954, -0.041995, 0.0, 0.0, 0.0, 1.0],
                [0.940199, 0.093151, -0.32764, 0.108479, 0.203162, -0.925415, 0.31989, -0.008013, -0.273405, -0.367324, -0.889001, -0.041995, 0.0, 0.0, 0.0, 1.0],
                [0.940198, 0.093184, -0.327633, 0.108479, 0.203158, -0.925453, 0.319783, -0.008013, -0.273411, -0.36722, -0.889042, -0.041995, 0.0, 0.0, 0.0, 1.0],
                [0.940198, 0.093212, -0.327627, 0.108479, 0.203155, -0.925486, 0.319689, -0.008013, -0.273416, -0.36713, -0.889078, -0.041995, 0.0, 0.0, 0.0, 1.0],
                [0.940197, 0.093236, -0.327622, 0.108479, 0.203152, -0.925513, 0.319611, -0.008013, -0.273419, -0.367054, -0.889108, -0.041995, 0.0, 0.0, 0.0, 1.0],
                [0.940196, 0.093255, -0.327618, 0.108479, 0.20315, -0.925535, 0.319549, -0.008013, -0.273422, -0.366994, -0.889132, -0.041995, 0.0, 0.0, 0.0, 1.0],
                [0.940196, 0.093269, -0.327615, 0.108479, 0.203149, -0.925551, 0.319505, -0.008013, -0.273425, -0.366951, -0.889149, -0.041995, 0.0, 0.0, 0.0, 1.0],
                [0.940196, 0.093277, -0.327614, 0.108479, 0.203148, -0.92556, 0.319478, -0.008013, -0.273426, -0.366926, -0.889159, -0.041995, 0.0, 0.0, 0.0, 1.0],
                [0.940196, 0.09328, -0.327613, 0.108479, 0.203148, -0.925564, 0.319469, -0.008013, -0.273427, -0.366916, -0.889163, -0.041995, 0.0, 0.0, 0.0, 1.0],
                [0.940196, 0.093277, -0.327613, 0.108479, 0.203148, -0.92556, 0.319479, -0.008013, -0.273426, -0.366926, -0.889159, -0.041995, 0.0, 0.0, 0.0, 1.0],
                [0.940196, 0.093269, -0.327615, 0.108479, 0.203149, -0.925551, 0.319505, -0.008013, -0.273425, -0.366951, -0.889149, -0.041995, 0.0, 0.0, 0.0, 1.0],
                [0.940196, 0.093255, -0.327618, 0.108479, 0.20315, -0.925535, 0.319549, -0.008013, -0.273423, -0.366994, -0.889132, -0.041995, 0.0, 0.0, 0.0, 1.0],
                [0.940197, 0.093237, -0.327622, 0.108479, 0.203152, -0.925513, 0.319611, -0.008013, -0.273419, -0.367054, -0.889108, -0.041995, 0.0, 0.0, 0.0, 1.0],
                [0.940198, 0.093213, -0.327627, 0.108479, 0.203155, -0.925486, 0.319689, -0.008013, -0.273416, -0.367129, -0.889078, -0.041995, 0.0, 0.0, 0.0, 1.0],
                [0.940198, 0.093184, -0.327633, 0.108479, 0.203158, -0.925453, 0.319782, -0.008013, -0.273411, -0.36722, -0.889042, -0.041995, 0.0, 0.0, 0.0, 1.0],
                [0.940199, 0.093151, -0.32764, 0.108479, 0.203162, -0.925415, 0.319889, -0.008013, -0.273405, -0.367323, -0.889001, -0.041995, 0.0, 0.0, 0.0, 1.0],
                [0.9402, 0.093114, -0.327648, 0.108479, 0.203166, -0.925372, 0.320013, -0.008013, -0.273399, -0.367442, -0.888954, -0.041995, 0.0, 0.0, 0.0, 1.0],
                [0.940201, 0.093072, -0.327657, 0.108479, 0.20317, -0.925324, 0.320148, -0.008013, -0.273392, -0.367573, -0.888902, -0.041995, 0.0, 0.0, 0.0, 1.0],
                [0.940202, 0.093027, -0.327667, 0.108479, 0.203175, -0.925271, 0.320297, -0.008013, -0.273385, -0.367717, -0.888845, -0.041995, 0.0, 0.0, 0.0, 1.0],
                [0.940203, 0.092977, -0.327678, 0.108479, 0.203181, -0.925214, 0.320459, -0.008013, -0.273376, -0.367874, -0.888783, -0.041995, 0.0, 0.0, 0.0, 1.0],
                [0.940205, 0.092925, -0.327689, 0.108479, 0.203187, -0.925153, 0.320631, -0.008013, -0.273368, -0.36804, -0.888717, -0.041995, 0.0, 0.0, 0.0, 1.0],
                [0.940206, 0.092869, -0.327701, 0.108479, 0.203193, -0.925088, 0.320814, -0.008013, -0.273358, -0.368217, -0.888646, -0.041995, 0.0, 0.0, 0.0, 1.0],
                [0.940207, 0.092809, -0.327713, 0.108479, 0.203199, -0.925019, 0.321009, -0.008013, -0.273349, -0.368406, -0.888571, -0.041995, 0.0, 0.0, 0.0, 1.0],
                [0.940209, 0.092747, -0.327727, 0.108479, 0.203206, -0.924947, 0.321213, -0.008013, -0.273338, -0.368603, -0.888492, -0.041995, 0.0, 0.0, 0.0, 1.0],
                [0.940211, 0.092683, -0.32774, 0.108479, 0.203213, -0.924872, 0.321424, -0.008013, -0.273328, -0.368807, -0.888411, -0.041995, 0.0, 0.0, 0.0, 1.0],
                [0.940212, 0.092615, -0.327754, 0.108479, 0.203221, -0.924793, 0.321645, -0.008013, -0.273316, -0.369021, -0.888326, -0.041995, 0.0, 0.0, 0.0, 1.0],
                [0.940214, 0.092545, -0.327769, 0.108479, 0.203228, -0.924712, 0.321875, -0.008013, -0.273305, -0.369243, -0.888237, -0.041995, 0.0, 0.0, 0.0, 1.0],
                [0.940216, 0.092474, -0.327784, 0.108479, 0.203236, -0.924628, 0.322109, -0.008013, -0.273292, -0.369469, -0.888146, -0.041995, 0.0, 0.0, 0.0, 1.0],
                [0.940217, 0.092399, -0.3278, 0.108479, 0.203245, -0.924542, 0.322352, -0.008013, -0.27328, -0.369704, -0.888052, -0.041995, 0.0, 0.0, 0.0, 1.0],
                [0.940219, 0.092323, -0.327816, 0.108479, 0.203253, -0.924453, 0.322601, -0.008013, -0.273267, -0.369945, -0.887956, -0.041995, 0.0, 0.0, 0.0, 1.0],
                [0.940221, 0.092246, -0.327832, 0.108479, 0.203262, -0.924363, 0.322854, -0.008013, -0.273254, -0.370189, -0.887858, -0.041995, 0.0, 0.0, 0.0, 1.0],
                [0.940223, 0.092168, -0.327849, 0.108479, 0.203271, -0.924271, 0.323111, -0.008013, -0.273241, -0.370438, -0.887759, -0.041995, 0.0, 0.0, 0.0, 1.0],
                [0.940225, 0.092088, -0.327865, 0.108479, 0.203279, -0.924178, 0.323372, -0.008013, -0.273228, -0.370691, -0.887657, -0.041995, 0.0, 0.0, 0.0, 1.0],
                [0.940227, 0.092007, -0.327882, 0.108479, 0.203288, -0.924083, 0.323638, -0.008013, -0.273214, -0.370947, -0.887554, -0.041995, 0.0, 0.0, 0.0, 1.0],
                [0.940229, 0.091925, -0.327899, 0.108479, 0.203298, -0.923987, 0.323905, -0.008013, -0.2732, -0.371206, -0.88745, -0.041995, 0.0, 0.0, 0.0, 1.0],
                [0.940231, 0.091843, -0.327917, 0.108479, 0.203307, -0.923891, 0.324175, -0.008013, -0.273186, -0.371467, -0.887346, -0.041995, 0.0, 0.0, 0.0, 1.0],
                [0.940234, 0.09176, -0.327934, 0.108479, 0.203316, -0.923793, 0.324446, -0.008013, -0.273172, -0.371729, -0.88724, -0.041995, 0.0, 0.0, 0.0, 1.0],
                [0.940236, 0.091678, -0.327951, 0.108479, 0.203326, -0.923696, 0.324718, -0.008013, -0.273158, -0.371991, -0.887134, -0.041995, 0.0, 0.0, 0.0, 1.0],
                [0.940238, 0.091595, -0.327968, 0.108479, 0.203335, -0.923599, 0.324989, -0.008013, -0.273144, -0.372254, -0.887029, -0.041995, 0.0, 0.0, 0.0, 1.0],
                [0.94024, 0.091512, -0.327985, 0.108479, 0.203344, -0.923501, 0.325261, -0.008013, -0.27313, -0.372516, -0.886923, -0.041995, 0.0, 0.0, 0.0, 1.0],
                [0.940242, 0.09143, -0.328002, 0.108479, 0.203354, -0.923404, 0.325531, -0.008013, -0.273116, -0.372778, -0.886817, -0.041995, 0.0, 0.0, 0.0, 1.0],
                [0.940244, 0.091348, -0.328019, 0.108479, 0.203363, -0.923307, 0.325799, -0.008013, -0.273101, -0.373037, -0.886713, -0.041995, 0.0, 0.0, 0.0, 1.0],
                [0.940246, 0.091267, -0.328036, 0.108479, 0.203372, -0.923211, 0.326066, -0.008013, -0.273087, -0.373295, -0.886608, -0.041995, 0.0, 0.0, 0.0, 1.0],
                [0.940248, 0.091187, -0.328052, 0.108479, 0.203381, -0.923116, 0.326329, -0.008013, -0.273073, -0.373549, -0.886505, -0.041995, 0.0, 0.0, 0.0, 1.0],
                [0.94025, 0.091107, -0.328069, 0.108479, 0.20339, -0.923021, 0.326591, -0.008013, -0.27306, -0.373802, -0.886403, -0.041995, 0.0, 0.0, 0.0, 1.0],
                [0.940252, 0.091029, -0.328084, 0.108479, 0.203399, -0.922929, 0.326847, -0.008013, -0.273046, -0.37405, -0.886303, -0.041995, 0.0, 0.0, 0.0, 1.0],
                [0.940254, 0.090952, -0.3281, 0.108479, 0.203408, -0.922837, 0.327099, -0.008013, -0.273033, -0.374294, -0.886204, -0.041995, 0.0, 0.0, 0.0, 1.0],
                [0.940256, 0.090877, -0.328115, 0.108479, 0.203417, -0.922748, 0.327346, -0.008013, -0.27302, -0.374532, -0.886107, -0.041995, 0.0, 0.0, 0.0, 1.0],
                [0.940258, 0.090803, -0.328131, 0.108479, 0.203425, -0.92266, 0.327588, -0.008013, -0.273007, -0.374766, -0.886012, -0.041995, 0.0, 0.0, 0.0, 1.0],
                [0.94026, 0.090732, -0.328145, 0.108479, 0.203433, -0.922575, 0.327821, -0.008013, -0.272995, -0.374992, -0.88592, -0.041995, 0.0, 0.0, 0.0, 1.0],
                [0.940261, 0.090663, -0.328159, 0.108479, 0.203441, -0.922493, 0.328049, -0.008013, -0.272983, -0.375212, -0.885831, -0.041995, 0.0, 0.0, 0.0, 1.0],
                [0.940263, 0.090595, -0.328173, 0.108479, 0.203449, -0.922412, 0.32827, -0.008013, -0.272971, -0.375426, -0.885744, -0.041995, 0.0, 0.0, 0.0, 1.0],
                [0.940265, 0.09053, -0.328186, 0.108479, 0.203457, -0.922335, 0.328483, -0.008013, -0.27296, -0.375632, -0.88566, -0.041995, 0.0, 0.0, 0.0, 1.0],
                [0.940266, 0.090468, -0.328198, 0.108479, 0.203464, -0.92226, 0.328687, -0.008013, -0.272949, -0.37583, -0.88558, -0.041995, 0.0, 0.0, 0.0, 1.0],
                [0.940268, 0.090409, -0.32821, 0.108479, 0.203471, -0.922189, 0.328883, -0.008013, -0.272938, -0.376018, -0.885503, -0.041995, 0.0, 0.0, 0.0, 1.0],
                [0.940269, 0.090352, -0.328222, 0.108479, 0.203477, -0.922122, 0.329068, -0.008013, -0.272929, -0.376198, -0.88543, -0.041995, 0.0, 0.0, 0.0, 1.0],
                [0.940271, 0.090299, -0.328232, 0.108479, 0.203483, -0.922058, 0.329243, -0.008013, -0.272919, -0.376367, -0.885361, -0.041995, 0.0, 0.0, 0.0, 1.0],
                [0.940272, 0.090249, -0.328243, 0.108479, 0.203489, -0.921998, 0.329408, -0.008013, -0.272911, -0.376526, -0.885296, -0.041995, 0.0, 0.0, 0.0, 1.0],
                [0.940273, 0.090203, -0.328252, 0.108479, 0.203495, -0.921942, 0.32956, -0.008013, -0.272902, -0.376673, -0.885235, -0.041995, 0.0, 0.0, 0.0, 1.0],
                [0.940274, 0.09016, -0.328261, 0.108479, 0.2035, -0.92189, 0.329702, -0.008013, -0.272895, -0.37681, -0.88518, -0.041995, 0.0, 0.0, 0.0, 1.0],
                [0.940275, 0.090121, -0.328268, 0.108479, 0.203504, -0.921844, 0.32983, -0.008013, -0.272888, -0.376934, -0.885129, -0.041995, 0.0, 0.0, 0.0, 1.0],
                [0.940276, 0.090086, -0.328275, 0.108479, 0.203508, -0.921801, 0.329945, -0.008013, -0.272882, -0.377046, -0.885083, -0.041995, 0.0, 0.0, 0.0, 1.0],
                [0.940277, 0.090054, -0.328282, 0.108479, 0.203512, -0.921764, 0.330048, -0.008013, -0.272876, -0.377145, -0.885043, -0.041995, 0.0, 0.0, 0.0, 1.0],
                [0.940278, 0.090027, -0.328287, 0.108479, 0.203515, -0.921731, 0.330136, -0.008013, -0.272871, -0.377231, -0.885008, -0.041995, 0.0, 0.0, 0.0, 1.0],
                [0.940278, 0.090005, -0.328291, 0.108479, 0.203517, -0.921705, 0.330209, -0.008013, -0.272867, -0.377301, -0.884979, -0.041995, 0.0, 0.0, 0.0, 1.0],
                [0.940279, 0.089988, -0.328295, 0.108479, 0.20352, -0.921684, 0.330267, -0.008013, -0.272864, -0.377357, -0.884956, -0.041995, 0.0, 0.0, 0.0, 1.0],
                [0.940279, 0.089975, -0.328297, 0.108479, 0.203521, -0.921668, 0.330309, -0.008013, -0.272862, -0.377397, -0.884939, -0.041995, 0.0, 0.0, 0.0, 1.0],
                [0.940279, 0.089967, -0.328299, 0.108479, 0.203522, -0.921659, 0.330334, -0.008013, -0.272861, -0.377422, -0.884929, -0.041995, 0.0, 0.0, 0.0, 1.0],
                [0.940279, 0.089965, -0.328299, 0.108479, 0.203522, -0.921656, 0.330343, -0.008013, -0.27286, -0.37743, -0.884926, -0.041995, 0.0, 0.0, 0.0, 1.0]
            ]
        },
        {
            "name": "Leg_R",
            "time": [0.0, 0.0167, 0.0333, 0.05, 0.0667, 0.0833, 0.1, 0.1167, 0.1333, 0.15, 0.1667, 0.1833, 0.2, 0.2167, 0.2333, 0.25, 0.2667, 0.2833, 0.3, 0.3167, 0.3333, 0.35, 0.3667, 0.3833, 0.4, 0.4167, 0.4333, 0.45, 0.4667, 0.4833, 0.5, 0.5167, 0.5333, 0.55, 0.5667, 0.5833, 0.6, 0.6167, 0.6333, 0.65, 0.6667, 0.6833, 0.7, 0.7167, 0.7333, 0.75, 0.7667, 0.7833, 0.8, 0.8167, 0.8333, 0.85, 0.8667, 0.8833, 0.9, 0.9167, 0.9333, 0.95, 0.9667, 0.9833, 1.0, 1.0167, 1.0333, 1.05, 1.0667, 1.0833, 1.1, 1.1167, 1.1333, 1.15, 1.1667, 1.1833, 1.2, 1.2167, 1.2333, 1.25, 1.2667, 1.2833, 1.3, 1.3167, 1.3333, 1.35, 1.3667, 1.3833, 1.4, 1.4167, 1.4333, 1.45, 1.4667, 1.4833, 1.5, 1.5167, 1.5333, 1.55, 1.5667, 1.5833, 1.6, 1.6167, 1.6333, 1.65, 1.6667, 1.6833, 1.7, 1.7167, 1.7333, 1.75, 1.7667, 1.7833, 1.8, 1.8167, 1.8333, 1.85, 1.8667, 1.8833, 1.9, 1.9167, 1.9333, 1.95, 1.9667, 1.9833, 2.0],
            "transform": [
                [1.0, -0.0, 1e-06, -0.0, -0.0, 0.923514, 0.383572, 0.374726, -1e-06, -0.383574, 0.923506, 0.0, 0.0, 0.0, 0.0, 1.0],
                [1.0, -0.0, 1e-06, 0.0, -0.0, 0.923522, 0.383555, 0.374726, -1e-06, -0.383557, 0.923514, 0.0, 0.0, 0.0, 0.0, 1.0],
                [1.0, -0.0, 1e-06, -0.0, 0.0, 0.923542, 0.383506, 0.374726, -1e-06, -0.383508, 0.923533, 0.0, 0.0, 0.0, 0.0, 1.0],
                [1.0, -0.0, 1e-06, -0.0, -0.0, 0.923576, 0.383424, 0.374726, -1e-06, -0.383426, 0.923567, -0.0, 0.0, 0.0, 0.0, 1.0],
                [1.0, -0.0, 1e-06, 0.0, -0.0, 0.923622, 0.383312, 0.374726, -1e-06, -0.383315, 0.923614, -0.0, 0.0, 0.0, 0.0, 1.0],
