{
    "animation": [
        {
            "name": "Root",
            "time": [0.0, 0.0167, 0.0333, 0.05, 0.0667, 0.0833, 0.1, 0.1167, 0.1333, 0.15, 0.1667, 0.1833, 0.2, 0.2167, 0.2333, 0.25, 0.2667, 0.2833, 0.3, 0.3167, 0.3333, 0.35, 0.3667, 0.3833, 0.4],
            "transform": [
                [0.190708, 0.0, -0.981647, 0.002802, -0.981647, 0.0, -0.190708, 0.000475, 0.0, 1.0, 0.0, 0.737055, 0.0, 0.0, 0.0, 1.0],
                [0.198083, 0.0, -0.980185, 0.003114, -0.980185, 0.0, -0.198083, 0.006062, 0.0, 1.0, 0.0, 0.737055, 0.0, 0.0, 0.0, 1.0],
                [0.219473, 0.0, -0.975619, 0.004019, -0.975619, 0.0, -0.219473, 0.022183, 0.0, 1.0, 0.0, 0.737055, 0.0, 0.0, 0.0, 1.0],
                [0.253835, 0.0, -0.967248, 0.005469, -0.967248, 0.0, -0.253835, 0.047883, 0.0, 1.0, 0.0, 0.737055, 0.0, 0.0, 0.0, 1.0],
                [0.30011, 0.0, -0.953904, 0.007418, -0.953904, 0.0, -0.30011, 0.082204, 0.0, 1.0, 0.0, 0.737055, 0.0, 0.0, 0.0, 1.0],
                [0.35707, 0.0, -0.934078, 0.009816, -0.934078, 0.0, -0.35707, 0.124192, 0.0, 1.0, 0.0, 0.737055, 0.0, 0.0, 0.0, 1.0],
                [0.423163, 0.0, -0.906054, 0.012618, -0.906054, 0.0, -0.423163, 0.172889, 0.0, 1.0, 0.0, 0.737055, 0.0, 0.0, 0.0, 1.0],
                [0.496382, 0.0, -0.868104, 0.015774, -0.868104, 0.0, -0.496382, 0.227338, 0.0, 1.0, 0.0, 0.737055, 0.0, 0.0, 0.0, 1.0],
                [0.574185, 0.0, -0.818726, 0.019238, -0.818726, 0.0, -0.574185, 0.286585, 0.0, 1.0, 0.0, 0.737055, 0.0, 0.0, 0.0, 1.0],
                [0.653507, 0.0, -0.756921, 0.022963, -0.756921, 0.0, -0.653507, 0.349671, 0.0, 1.0, 0.0, 0.737055, 0.0, 0.0, 0.0, 1.0],
                [0.730902, 0.0, -0.682482, 0.0269, -0.682482, 0.0, -0.730902, 0.415641, 0.0, 1.0, 0.0, 0.737055, 0.0, 0.0, 0.0, 1.0],
                [0.802831, 0.0, -0.596207, 0.031002, -0.596207, 0.0, -0.802831, 0.483538, 0.0, 1.0, 0.0, 0.737055, 0.0, 0.0, 0.0, 1.0],
                [0.866037, 0.0, -0.499979, 0.035222, -0.499979, 0.0, -0.866037, 0.552407, 0.0, 1.0, 0.0, 0.737055, 0.0, 0.0, 0.0, 1.0],
                [0.917958, 0.0, -0.396677, 0.039508, -0.396677, 0.0, -0.917958, 0.621289, 0.0, 1.0, 0.0, 0.737055, 0.0, 0.0, 0.0, 1.0],
                [0.957044, 0.0, -0.289944, 0.043794, -0.289944, 0.0, -0.957044, 0.689224, 0.0, 1.0, 0.0, 0.737055, 0.0, 0.0, 0.0, 1.0],
                [0.982984, 0.0, -0.18369, 0.048007, -0.18369, 0.0, -0.982984, 0.755251, 0.0, 1.0, 0.0, 0.737055, 0.0, 0.0, 0.0, 1.0],
                [0.996664, 0.0, -0.08162, 0.052078, -0.08162, 0.0, -0.996664, 0.818409, 0.0, 1.0, 0.0, 0.737055, 0.0, 0.0, 0.0, 1.0],
                [0.999914, 0.0, 0.013123, 0.055936, 0.013123, 0.0, -0.999914, 0.877737, 0.0, 1.0, 0.0, 0.737055, 0.0, 0.0, 0.0, 1.0],
                [0.995172, 0.0, 0.098144, 0.059509, 0.098144, 0.0, -0.995172, 0.932272, 0.0, 1.0, 0.0, 0.737055, 0.0, 0.0, 0.0, 1.0],
                [0.98513, 0.0, 0.171811, 0.062728, 0.171811, 0.0, -0.98513, 0.981055, 0.0, 1.0, 0.0, 0.737055, 0.0, 0.0, 0.0, 1.0],
                [0.972446, 0.0, 0.233128, 0.065519, 0.233128, 0.0, -0.972446, 1.023124, 0.0, 1.0, 0.0, 0.737055, 0.0, 0.0, 0.0, 1.0],
                [0.959548, 0.0, 0.281545, 0.067814, 0.281545, 0.0, -0.959548, 1.057518, 0.0, 1.0, 0.0, 0.737055, 0.0, 0.0, 0.0, 1.0],
                [0.948519, 0.0, 0.31672, 0.069541, 0.31672, 0.0, -0.948519, 1.083275, 0.0, 1.0, 0.0, 0.737055, 0.0, 0.0, 0.0, 1.0],
                [0.94104, 0.0, 0.338296, 0.07063, 0.338296, 0.0, -0.94104, 1.099434, 0.0, 1.0, 0.0, 0.737055, 0.0, 0.0, 0.0, 1.0],
                [0.93835, 0.0, 0.345685, 0.071008, 0.345685, 0.0, -0.93835, 1.105034, 0.0, 1.0, 0.0, 0.737055, 0.0, 0.0, 0.0, 1.0]
            ]
        },
        {
            "name": "Thigh_R",
            "time": [0.0, 0.0167, 0.0333, 0.05, 0.0667, 0.0833, 0.1, 0.1167, 0.1333, 0.15, 0.1667, 0.1833, 0.2, 0.2167, 0.2333, 0.25, 0.2667, 0.2833, 0.3, 0.3167, 0.3333, 0.35, 0.3667, 0.3833, 0.4],
            "transform": [
                [0.940279, 0.089964, -0.328299, 0.108479, 0.203522, -0.921656, 0.330343, -0.008013, -0.27286, -0.377431, -0.884925, -0.041995, 0.0, 0.0, 0.0, 1.0],
                [0.932452, 0.081568, -0.351966, 0.108479, 0.212775, -0.911299, 0.352503, -0.008013, -0.291993, -0.403581, -0.8671, -0.041995, 0.0, 0.0, 0.0, 1.0],
                [0.913745, 0.06449, -0.401139, 0.108479, 0.231808, -0.893601, 0.38437, -0.008013, -0.33367, -0.444202, -0.831474, -0.041995, 0.0, 0.0, 0.0, 1.0],
                [0.893023, 0.048333, -0.44741, 0.108479, 0.247978, -0.882499, 0.399626, -0.008013, -0.375524, -0.467821, -0.800079, -0.041995, 0.0, 0.0, 0.0, 1.0],
                [0.880747, 0.040739, -0.471832, 0.108479, 0.252045, -0.883798, 0.394172, -0.008013, -0.400947, -0.466087, -0.788672, -0.041995, 0.0, 0.0, 0.0, 1.0],
                [0.882953, 0.037814, -0.467935, 0.108479, 0.24131, -0.891549, 0.383285, -0.008013, -0.402694, -0.451339, -0.796323, -0.041995, 0.0, 0.0, 0.0, 1.0],
                [0.896245, 0.031577, -0.442434, 0.108479, 0.219964, -0.897812, 0.381505, -0.008013, -0.385176, -0.439241, -0.811607, -0.041995, 0.0, 0.0, 0.0, 1.0],
                [0.915813, 0.023168, -0.400936, 0.108479, 0.191778, -0.902381, 0.385911, -0.008013, -0.352857, -0.430312, -0.830858, -0.041995, 0.0, 0.0, 0.0, 1.0],
                [0.937243, 0.014239, -0.348386, 0.108479, 0.160059, -0.905239, 0.393601, -0.008013, -0.309768, -0.424661, -0.85071, -0.041995, 0.0, 0.0, 0.0, 1.0],
                [0.956912, 0.006237, -0.290307, 0.108479, 0.127999, -0.906453, 0.402439, -0.008013, -0.260641, -0.422257, -0.868196, -0.041995, 0.0, 0.0, 0.0, 1.0],
                [0.972399, 6.5e-05, -0.233324, 0.108479, 0.098805, -0.906025, 0.411526, -0.008013, -0.211371, -0.42322, -0.881027, -0.041995, 0.0, 0.0, 0.0, 1.0],
                [0.98275, -0.00391, -0.184899, 0.108479, 0.075695, -0.903695, 0.421431, -0.008013, -0.168741, -0.428156, -0.887811, -0.041995, 0.0, 0.0, 0.0, 1.0],
                [0.988369, -0.005586, -0.151968, 0.108479, 0.061665, -0.898754, 0.434093, -0.008013, -0.139007, -0.438415, -0.887958, -0.041995, 0.0, 0.0, 0.0, 1.0],
                [0.99073, -0.002437, -0.135821, 0.107779, 0.059043, -0.892731, 0.446702, -0.008013, -0.122341, -0.45058, -0.884313, -0.042253, 0.0, 0.0, 0.0, 1.0],
                [0.991433, 0.008251, -0.130359, 0.105843, 0.067218, -0.887938, 0.455022, -0.008013, -0.111996, -0.459885, -0.880887, -0.042966, 0.0, 0.0, 0.0, 1.0],
                [0.991425, 0.0269, -0.127877, 0.102918, 0.083225, -0.884428, 0.459193, -0.008013, -0.100746, -0.465897, -0.879084, -0.044044, 0.0, 0.0, 0.0, 1.0],
                [0.991179, 0.053106, -0.121418, 0.099252, 0.103552, -0.882113, 0.459512, -0.008013, -0.082701, -0.468031, -0.879833, -0.045394, 0.0, 0.0, 0.0, 1.0],
                [0.990577, 0.085139, -0.107274, 0.095092, 0.125157, -0.880792, 0.456661, -0.008013, -0.055606, -0.465783, -0.88315, -0.046927, 0.0, 0.0, 0.0, 1.0],
                [0.989073, 0.120227, -0.085318, 0.090685, 0.145946, -0.880253, 0.4515, -0.008013, -0.020819, -0.459018, -0.888183, -0.048551, 0.0, 0.0, 0.0, 1.0],
                [0.986182, 0.155242, -0.057844, 0.086277, 0.164673, -0.880338, 0.444843, -0.008013, 0.018136, -0.44822, -0.893739, -0.050174, 0.0, 0.0, 0.0, 1.0],
                [0.981891, 0.187332, -0.028217, 0.082117, 0.18064, -0.880921, 0.437431, -0.008013, 0.057088, -0.434606, -0.89881, -0.051707, 0.0, 0.0, 0.0, 1.0],
                [0.976771, 0.214282, 1.9e-05, 0.078451, 0.193447, -0.881831, 0.430058, -0.008013, 0.092171, -0.420064, -0.902802, -0.053058, 0.0, 0.0, 0.0, 1.0],
                [0.971809, 0.234586, 0.023559, 0.075527, 0.202836, -0.882823, 0.423649, -0.008013, 0.120181, -0.406927, -0.905521, -0.054135, 0.0, 0.0, 0.0, 1.0],
                [0.968135, 0.247297, 0.039469, 0.073591, 0.208611, -0.88359, 0.419224, -0.008013, 0.138547, -0.397631, -0.907025, -0.054848, 0.0, 0.0, 0.0, 1.0],
                [0.966745, 0.251704, 0.045247, 0.07289, 0.210581, -0.883873, 0.417639, -0.008013, 0.145114, -0.394221, -0.907486, -0.055106, 0.0, 0.0, 0.0, 1.0]
            ]
        },
        {
            "name": "Leg_R",
            "time": [0.0, 0.0167, 0.0333, 0.05, 0.0667, 0.0833, 0.1, 0.1167, 0.1333, 0.15, 0.1667, 0.1833, 0.2, 0.2167, 0.2333, 0.25, 0.2667, 0.2833, 0.3, 0.3167, 0.3333, 0.35, 0.3667, 0.3833, 0.4],
            "transform": [
                [1.0, -0.0, 1e-06, -0.0, -0.0, 0.923514, 0.383572, 0.374726, -1e-06, -0.383574, 0.923506, 0.0, 0.0, 0.0, 0.0, 1.0],
                [1.0, -0.0, 1e-06, -0.0, -0.0, 0.894294, 0.447485, 0.374726, -1e-06, -0.447488, 0.894287, 0.0, 0.0, 0.0, 0.0, 1.0],
                [1.0, -0.0, 1e-06, -0.0, -0.0, 0.830555, 0.556941, 0.374726, -1e-06, -0.556944, 0.830547, 0.0, 0.0, 0.0, 0.0, 1.0],
                [1.0, -0.0, 1e-06, -0.0, -0.0, 0.766789, 0.641902, 0.374726, -1e-06, -0.641905, 0.766782, 0.0, 0.0, 0.0, 0.0, 1.0],
                [1.0, -0.0, 1e-06, -0.0, -0.0, 0.733965, 0.679189, 0.374726, -1e-06, -0.679192, 0.73396, -0.0, 0.0, 0.0, 0.0, 1.0],
                [1.000001, -1e-06, 1e-06, 0.0, -0.0, 0.728472, 0.685077, 0.374726, -1e-06, -0.68508, 0.728466, 0.0, 0.0, 0.0, 0.0, 1.0],
                [1.000001, -0.0, 1e-06, 0.0, -0.0, 0.727171, 0.686458, 0.374726, -1e-06, -0.68646, 0.727166, -0.0, 0.0, 0.0, 0.0, 1.0],
                [1.0, -1e-06, 1e-06, -0.0, -0.0, 0.730744, 0.682654, 0.374726, -1e-06, -0.682657, 0.730737, 0.0, 0.0, 0.0, 0.0, 1.0],
                [1.0, -1e-06, 1e-06, 0.0, -0.0, 0.739797, 0.672833, 0.374726, -1e-06, -0.672836, 0.73979, 0.0, 0.0, 0.0, 0.0, 1.0],
                [1.0, -1e-06, 1e-06, 0.0, -0.0, 0.754026, 0.656847, 0.374726, -1e-06, -0.65685, 0.75402, 0.0, 0.0, 0.0, 0.0, 1.0],
                [1.0, -0.0, 1e-06, -0.0, -0.0, 0.771749, 0.63593, 0.374726, -1e-06, -0.635933, 0.771743, 0.0, 0.0, 0.0, 0.0, 1.0],
                [1.0, -1e-06, 1e-06, -0.0, -0.0, 0.789759, 0.61342, 0.374726, -1e-06, -0.613423, 0.789753, -0.0, 0.0, 0.0, 0.0, 1.0],
                [1.0, -0.0, 1e-06, 0.0, -0.0, 0.803446, 0.595381, 0.374726, -1e-06, -0.595384, 0.803439, -0.0, 0.0, 0.0, 0.0, 1.0],
                [1.0, -0.0, 1e-06, 0.0, -0.0, 0.814049, 0.580799, 0.374726, -1e-06, -0.580801, 0.814043, 0.0, 0.0, 0.0, 0.0, 1.0],
                [1.0, -0.0, 1e-06, -0.0, -0.0, 0.825728, 0.564072, 0.374726, -1e-06, -0.564074, 0.825722, -0.0, 0.0, 0.0, 0.0, 1.0],
                [1.000001, -0.0, 1e-06, -0.0, -0.0, 0.837929, 0.545783, 0.374726, -1e-06, -0.545785, 0.837923, -0.0, 0.0, 0.0, 0.0, 1.0],
                [1.0, -0.0, 1e-06, 0.0, -0.0, 0.850553, 0.525892, 0.374726, -1e-06, -0.525895, 0.850548, -0.0, 0.0, 0.0, 0.0, 1.0],
                [1.0, -0.0, 1e-06, 0.0, -0.0, 0.863636, 0.50412, 0.374726, -1e-06, -0.504122, 0.863629, 0.0, 0.0, 0.0, 0.0, 1.0],
                [1.0, -0.0, 1e-06, -0.0, -0.0, 0.877087, 0.480336, 0.374726, -1e-06, -0.480338, 0.87708, 0.0, 0.0, 0.0, 0.0, 1.0],
                [1.0, -0.0, 1e-06, -0.0, -0.0, 0.890561, 0.454871, 0.374726, -1e-06, -0.454873, 0.890552, -0.0, 0.0, 0.0, 0.0, 1.0],
                [1.000001, -0.0, 1e-06, 0.0, -0.0, 0.903432, 0.42874, 0.374726, -1e-06, -0.428742, 0.903424, -0.0, 0.0, 0.0, 0.0, 1.0],
                [1.0, -0.0, 1e-06, -0.0, -0.0, 0.914852, 0.403796, 0.374726, -1e-06, -0.403799, 0.914844, 0.0, 0.0, 0.0, 0.0, 1.0],
                [1.0, -0.0, 1e-06, 0.0, -0.0, 0.923902, 0.382638, 0.374726, -1e-06, -0.38264, 0.923893, -0.0, 0.0, 0.0, 0.0, 1.0],
                [1.0, -0.0, 1e-06, -0.0, -0.0, 0.929732, 0.368248, 0.374726, -1e-06, -0.36825, 0.929724, -0.0, 0.0, 0.0, 0.0, 1.0],
                [1.0, -0.0, 1e-06, -0.0, 0.0, 0.931744, 0.363126, 0.374726, -1e-06, -0.363127, 0.931736, -0.0, 0.0, 0.0, 0.0, 1.0]
            ]
        },
        {
            "name": "Knee_R",
            "time": [0.0, 0.4],
            "transform": [
                [1.0, 0.0, -0.0, -0.0, -0.0, 0.00567, -0.999984, 0.374726, -0.0, 0.999984, 0.00567, 0.0, 0.0, 0.0, 0.0, 1.0],
                [1.0, 0.0, -0.0, 0.0, -0.0, 0.00567, -0.999984, 0.374726, -0.0, 0.999984, 0.00567, 0.0, 0.0, 0.0, 0.0, 1.0]
            ]
        },
        {
            "name": "Thigh_L",
            "time": [0.0, 0.0167, 0.0333, 0.05, 0.0667, 0.0833, 0.1, 0.1167, 0.1333, 0.15, 0.1667, 0.1833, 0.2, 0.2167, 0.2333, 0.25, 0.2667, 0.2833, 0.3, 0.3167, 0.3333, 0.35, 0.3667, 0.3833, 0.4],
            "transform": [
                [0.342554, -0.340977, -0.875438, -0.110446, -0.128334, -0.940062, 0.315931, -0.002831, -0.930691, 0.004125, -0.365782, 0.032522, 0.0, 0.0, 0.0, 1.0],
                [0.345088, -0.342291, -0.873929, -0.110446, -0.12664, -0.939593, 0.318003, -0.002831, -0.929987, 0.000935, -0.36759, 0.032522, 0.0, 0.0, 0.0, 1.0],
                [0.352385, -0.344913, -0.869977, -0.110446, -0.121912, -0.938603, 0.32274, -0.002831, -0.927881, -0.007668, -0.372798, 0.032522, 0.0, 0.0, 0.0, 1.0],
                [0.363868, -0.346598, -0.864564, -0.110446, -0.11483, -0.937801, 0.327631, -0.002831, -0.924346, -0.019937, -0.381036, 0.032522, 0.0, 0.0, 0.0, 1.0],
                [0.378983, -0.345627, -0.858436, -0.110446, -0.106228, -0.937751, 0.330664, -0.002831, -0.919286, -0.034126, -0.392107, 0.032522, 0.0, 0.0, 0.0, 1.0],
                [0.397451, -0.341196, -0.851832, -0.110447, -0.097018, -0.938724, 0.330733, -0.002831, -0.91248, -0.048807, -0.406199, 0.032522, 0.0, 0.0, 0.0, 1.0],
                [0.419513, -0.333271, -0.844357, -0.110447, -0.088081, -0.940721, 0.327544, -0.002831, -0.903466, -0.063037, -0.424, 0.032522, 0.0, 0.0, 0.0, 1.0],
                [0.44611, -0.322315, -0.834924, -0.110447, -0.080109, -0.943535, 0.321441, -0.002831, -0.891385, -0.076513, -0.446741, 0.032522, 0.0, 0.0, 0.0, 1.0],
                [0.478827, -0.308939, -0.821755, -0.110447, -0.073442, -0.946851, 0.313176, -0.002831, -0.874832, -0.089606, -0.476067, 0.032522, 0.0, 0.0, 0.0, 1.0],
                [0.518361, -0.294309, -0.802922, -0.110447, -0.067822, -0.950103, 0.304473, -0.002831, -0.852468, -0.103371, -0.512457, 0.032522, 0.0, 0.0, 0.0, 1.0],
                [0.561981, -0.279949, -0.778335, -0.110446, -0.063625, -0.952827, 0.296771, -0.002831, -0.824699, -0.117258, -0.553282, 0.032522, 0.0, 0.0, 0.0, 1.0],
                [0.605687, -0.267339, -0.749448, -0.110446, -0.061935, -0.954851, 0.290555, -0.002831, -0.793288, -0.129569, -0.594899, 0.032522, 0.0, 0.0, 0.0, 1.0],
                [0.645048, -0.258555, -0.71907, -0.110446, -0.063967, -0.955984, 0.28636, -0.002831, -0.761459, -0.13872, -0.633195, 0.032522, 0.0, 0.0, 0.0, 1.0],
                [0.676031, -0.25497, -0.691355, -0.110447, -0.070187, -0.956243, 0.284028, -0.002831, -0.733523, -0.143488, -0.664345, 0.032522, 0.0, 0.0, 0.0, 1.0],
                [0.698256, -0.256457, -0.668332, -0.110446, -0.079909, -0.955712, 0.283246, -0.002831, -0.711373, -0.144372, -0.687826, 0.032522, 0.0, 0.0, 0.0, 1.0],
                [0.712938, -0.262672, -0.65017, -0.110446, -0.092398, -0.954295, 0.284221, -0.002831, -0.695112, -0.142558, -0.704625, 0.032522, 0.0, 0.0, 0.0, 1.0],
                [0.721526, -0.272634, -0.63645, -0.110446, -0.106652, -0.952005, 0.286898, -0.002831, -0.684122, -0.139126, -0.715974, 0.032522, 0.0, 0.0, 0.0, 1.0],
                [0.725576, -0.284961, -0.626367, -0.110446, -0.121565, -0.948993, 0.290919, -0.002831, -0.677318, -0.13494, -0.723208, 0.032522, 0.0, 0.0, 0.0, 1.0],
                [0.726567, -0.298166, -0.61903, -0.110446, -0.136098, -0.945538, 0.295694, -0.002831, -0.673482, -0.130593, -0.727576, 0.032522, 0.0, 0.0, 0.0, 1.0],
                [0.725738, -0.310921, -0.613704, -0.110446, -0.149412, -0.941989, 0.300552, -0.002831, -0.671551, -0.126427, -0.730092, 0.032522, 0.0, 0.0, 0.0, 1.0],
                [0.72401, -0.322216, -0.609907, -0.110446, -0.16091, -0.938692, 0.304902, -0.002831, -0.670759, -0.122612, -0.73147, 0.032522, 0.0, 0.0, 0.0, 1.0],
                [0.722001, -0.331403, -0.60736, -0.110446, -0.170205, -0.935922, 0.308351, -0.002831, -0.67063, -0.119254, -0.732143, 0.032522, 0.0, 0.0, 0.0, 1.0],
                [0.720116, -0.338148, -0.605879, -0.110446, -0.177058, -0.933854, 0.310753, -0.002831, -0.670883, -0.116503, -0.732355, 0.032522, 0.0, 0.0, 0.0, 1.0],
                [0.718677, -0.342305, -0.605253, -0.110446, -0.181299, -0.932573, 0.312149, -0.002831, -0.671293, -0.114602, -0.732278, 0.032522, 0.0, 0.0, 0.0, 1.0],
                [0.718076, -0.343745, -0.605149, -0.110447, -0.18276, -0.932131, 0.312617, -0.002831, -0.67154, -0.113886, -0.732164, 0.032522, 0.0, 0.0, 0.0, 1.0]
            ]
        },
        {
            "name": "Leg_L",
            "time": [0.0, 0.0167, 0.0333, 0.05, 0.0667, 0.0833, 0.1, 0.1167, 0.1333, 0.15, 0.1667, 0.1833, 0.2, 0.2167, 0.2333, 0.25, 0.2667, 0.2833, 0.3, 0.3167, 0.3333, 0.35, 0.3667, 0.3833, 0.4],
            "transform": [
                [1.0, -0.0, 1e-06, 0.0, -0.0, 0.917099, 0.39866, 0.374726, -1e-06, -0.39866, 0.917098, 0.0, 0.0, 0.0, 0.0, 1.0],
                [1.0, -0.0, 1e-06, -0.0, -0.0, 0.913127, 0.407675, 0.374726, -1e-06, -0.407675, 0.913127, 0.0, 0.0, 0.0, 0.0, 1.0],
                [1.0, -0.0, 1e-06, 0.0, -0.0, 0.902633, 0.43041, 0.374726, -1e-06, -0.43041, 0.902633, 0.0, 0.0, 0.0, 0.0, 1.0],
                [1.0, -0.0, 1e-06, 0.0, -0.0, 0.888001, 0.459843, 0.374726, -1e-06, -0.459843, 0.887999, -0.0, 0.0, 0.0, 0.0, 1.0],
                [1.0, -0.0, 1e-06, -0.0, -0.0, 0.871675, 0.490083, 0.374726, -1e-06, -0.490083, 0.871676, -0.0, 0.0, 0.0, 0.0, 1.0],
                [1.0, -0.0, 1e-06, 0.0, -0.0, 0.855884, 0.517169, 0.374726, -1e-06, -0.517169, 0.855883, -0.0, 0.0, 0.0, 0.0, 1.0],
                [1.0, -0.0, 1e-06, 0.0, -0.0, 0.842461, 0.538757, 0.374726, -1e-06, -0.538757, 0.842461, 0.0, 0.0, 0.0, 0.0, 1.0],
                [1.0, -0.0, 1e-06, -0.0, -0.0, 0.832763, 0.55363, 0.374726, -1e-06, -0.55363, 0.832762, -0.0, 0.0, 0.0, 0.0, 1.0],
                [1.0, -0.0, 1e-06, -0.0, -0.0, 0.827688, 0.561189, 0.374726, -1e-06, -0.56119, 0.827687, 0.0, 0.0, 0.0, 0.0, 1.0],
                [1.0, -0.0, 1e-06, 0.0, -0.0, 0.826493, 0.562947, 0.374726, -1e-06, -0.562948, 0.826493, 0.0, 0.0, 0.0, 0.0, 1.0],
                [1.0, -0.0, 1e-06, -0.0, -0.0, 0.82721, 0.561893, 0.374726, -1e-06, -0.561893, 0.82721, -0.0, 0.0, 0.0, 0.0, 1.0],
                [1.0, -0.0, 1e-06, 0.0, -0.0, 0.828732, 0.559646, 0.374726, -1e-06, -0.559646, 0.828732, 0.0, 0.0, 0.0, 0.0, 1.0],
                [1.0, -0.0, 1e-06, -0.0, -0.0, 0.830115, 0.557593, 0.374726, -1e-06, -0.557593, 0.830114, 0.0, 0.0, 0.0, 0.0, 1.0],
                [1.0, -0.0, 1e-06, 0.0, -0.0, 0.831486, 0.555546, 0.374726, -1e-06, -0.555546, 0.831486, 0.0, 0.0, 0.0, 0.0, 1.0],
                [1.0, -0.0, 1e-06, -0.0, -0.0, 0.833634, 0.552319, 0.374726, -1e-06, -0.552319, 0.833633, 0.0, 0.0, 0.0, 0.0, 1.0],
                [1.0, -0.0, 1e-06, 0.0, -0.0, 0.836797, 0.547514, 0.374726, -1e-06, -0.547514, 0.836796, 0.0, 0.0, 0.0, 0.0, 1.0],
                [1.0, -1e-06, 1e-06, 0.0, -0.0, 0.841176, 0.540761, 0.374726, -1e-06, -0.540761, 0.841176, -0.0, 0.0, 0.0, 0.0, 1.0],
                [1.0, -0.0, 1e-06, -0.0, -0.0, 0.846864, 0.53181, 0.374726, -1e-06, -0.53181, 0.846863, 0.0, 0.0, 0.0, 0.0, 1.0],
                [1.0, -0.0, 1e-06, 0.0, -0.0, 0.853766, 0.520657, 0.374726, -1e-06, -0.520657, 0.853766, -0.0, 0.0, 0.0, 0.0, 1.0],
                [1.0, -0.0, 1e-06, 0.0, -0.0, 0.861564, 0.50765, 0.374726, -1e-06, -0.50765, 0.861563, -0.0, 0.0, 0.0, 0.0, 1.0],
                [1.0, -0.0, 1e-06, 0.0, -0.0, 0.869709, 0.493565, 0.374726, -1e-06, -0.493565, 0.869708, -0.0, 0.0, 0.0, 0.0, 1.0],
                [1.0, -0.0, 1e-06, 0.0, -0.0, 0.87747, 0.479633, 0.374726, -1e-06, -0.479633, 0.877469, -0.0, 0.0, 0.0, 0.0, 1.0],
                [1.0, -0.0, 1e-06, 0.0, -0.0, 0.883999, 0.467489, 0.374726, -1e-06, -0.467489, 0.883998, 0.0, 0.0, 0.0, 0.0, 1.0],
                [1.0, -0.0, 1e-06, -0.0, -0.0, 0.888442, 0.458988, 0.374726, -1e-06, -0.458988, 0.888442, 0.0, 0.0, 0.0, 0.0, 1.0],
                [1.0, -0.0, 1e-06, 0.0, -0.0, 0.890054, 0.455854, 0.374726, -1e-06, -0.455854, 0.890055, 0.0, 0.0, 0.0, 0.0, 1.0]
            ]
        },
        {
            "name": "Knee_L",
            "time": [0.0, 0.4],
            "transform": [
                [1.0, 0.0, -0.0, 0.0, -0.0, 0.00567, -0.999984, 0.374726, -0.0, 0.999984, 0.00567, 0.0, 0.0, 0.0, 0.0, 1.0],
                [1.0, 0.0, -0.0, 0.0, -0.0, 0.00567, -0.999984, 0.374726, -0.0, 0.999984, 0.00567, -0.0, 0.0, 0.0, 0.0, 1.0]
            ]
        },
        {
            "name": "Torso",
            "time": [0.0, 0.0167, 0.0333, 0.05, 0.0667, 0.0833, 0.1, 0.1167, 0.1333, 0.15, 0.1667, 0.1833, 0.2, 0.2167, 0.2333, 0.25, 0.2667, 0.2833, 0.3, 0.3167, 0.3333, 0.35, 0.3667, 0.3833, 0.4],
            "transform": [
                [0.980381, 0.0, -0.197114, 0.0, 0.0, 1.0, 0.0, 0.05, 0.197114, 0.0, 0.980381, 0.0, 0.0, 0.0, 0.0, 1.0],
                [0.983877, 0.0, -0.178848, -0.0, 0.0, 1.0, 0.0, 0.05, 0.178848, 0.0, 0.983877, 0.0, 0.0, 0.0, 0.0, 1.0],
                [0.991556, 0.0, -0.129677, -0.0, 0.0, 1.0, 0.0, 0.05, 0.129677, 0.0, 0.991556, 0.0, 0.0, 0.0, 0.0, 1.0],
                [0.998311, 0.0, -0.058104, 0.0, 0.0, 1.0, 0.0, 0.05, 0.058104, 0.0, 0.998311, 0.0, 0.0, 0.0, 0.0, 1.0],
                [0.999646, 0.0, 0.026587, 0.0, 0.0, 1.0, 0.0, 0.05, -0.026587, 0.0, 0.999646, -0.0, 0.0, 0.0, 0.0, 1.0],
                [0.993453, 0.0, 0.114245, 0.0, 0.0, 1.0, 0.0, 0.05, -0.114245, 0.0, 0.993453, -0.0, 0.0, 0.0, 0.0, 1.0],
                [0.980884, 0.0, 0.194591, -0.0, 0.0, 1.0, 0.0, 0.05, -0.194591, 0.0, 0.980884, -0.0, 0.0, 0.0, 0.0, 1.0],
                [0.966105, 0.0, 0.258149, 0.0, 0.0, 1.0, 0.0, 0.05, -0.258149, 0.0, 0.966105, -0.0, 0.0, 0.0, 0.0, 1.0],
                [0.955004, 0.0, 0.296593, -0.0, 0.0, 1.0, 0.0, 0.05, -0.296593, 0.0, 0.955004, -0.0, 0.0, 0.0, 0.0, 1.0],
                [0.95004, 0.0, 0.31213, -0.0, 0.0, 1.0, 0.0, 0.05, -0.31213, 0.0, 0.95004, 0.0, 0.0, 0.0, 0.0, 1.0],
                [0.948288, 0.0, 0.317411, 0.0, 0.0, 1.0, 0.0, 0.05, -0.317411, 0.0, 0.948288, -0.0, 0.0, 0.0, 0.0, 1.0],
                [0.947356, 0.0, 0.320182, 0.0, 0.0, 1.0, 0.0, 0.05, -0.320182, 0.0, 0.947356, 0.0, 0.0, 0.0, 0.0, 1.0],
                [0.944641, 0.0, 0.328107, 0.0, 0.0, 1.0, 0.0, 0.05, -0.328107, 0.0, 0.944641, 0.0, 0.0, 0.0, 0.0, 1.0],
                [0.937787, 0.0, 0.347212, 0.0, 0.0, 1.0, 0.0, 0.05, -0.347212, 0.0, 0.937787, 0.0, 0.0, 0.0, 0.0, 1.0],
                [0.92632, 0.0, 0.376737, 0.0, 0.0, 1.0, 0.0, 0.05, -0.376737, 0.0, 0.92632, 0.0, 0.0, 0.0, 0.0, 1.0],
                [0.910255, 0.0, 0.414047, 0.0, 0.0, 1.0, 0.0, 0.05, -0.414047, 0.0, 0.910255, -0.0, 0.0, 0.0, 0.0, 1.0],
                [0.889749, 0.0, 0.456451, -0.0, 0.0, 1.0, 0.0, 0.05, -0.456451, 0.0, 0.889749, -0.0, 0.0, 0.0, 0.0, 1.0],
                [0.865291, 0.0, 0.501269, -0.0, 0.0, 1.0, 0.0, 0.05, -0.501269, 0.0, 0.865291, 0.0, 0.0, 0.0, 0.0, 1.0],
                [0.837821, 0.0, 0.545946, -0.0, 0.0, 1.0, 0.0, 0.05, -0.545946, 0.0, 0.837821, -0.0, 0.0, 0.0, 0.0, 1.0],
                [0.808751, 0.0, 0.588152, -0.0, 0.0, 1.0, 0.0, 0.05, -0.588152, 0.0, 0.808751, 0.0, 0.0, 0.0, 0.0, 1.0],
                [0.77992, 0.0, 0.62588, 0.0, 0.0, 1.0, 0.0, 0.05, -0.62588, 0.0, 0.77992, 0.0, 0.0, 0.0, 0.0, 1.0],
                [0.753484, 0.0, 0.657467, 0.0, 0.0, 1.0, 0.0, 0.05, -0.657467, 0.0, 0.753484, -0.0, 0.0, 0.0, 0.0, 1.0],
                [0.731773, 0.0, 0.681548, 0.0, 0.0, 1.0, 0.0, 0.05, -0.681548, 0.0, 0.731773, 0.0, 0.0, 0.0, 0.0, 1.0],
                [0.71714, 0.0, 0.696929, 0.0, 0.0, 1.0, 0.0, 0.05, -0.696929, 0.0, 0.71714, 0.0, 0.0, 0.0, 0.0, 1.0],
                [0.71181, 0.0, 0.702372, 0.0, 0.0, 1.0, 0.0, 0.05, -0.702372, 0.0, 0.71181, 0.0, 0.0, 0.0, 0.0, 1.0]
            ]
        },
        {
            "name": "Chest",
            "time": [0.0, 0.0167, 0.0333, 0.05, 0.0667, 0.0833, 0.1, 0.1167, 0.1333, 0.15, 0.1667, 0.1833, 0.2, 0.2167, 0.2333, 0.25, 0.2667, 0.2833, 0.3, 0.3167, 0.3333, 0.35, 0.3667, 0.3833, 0.4],
            "transform": [
                [0.926379, 0.00025, -0.376592, -0.0, 0.007343, 0.999798, 0.018728, 0.3, 0.37652, -0.020114, 0.92619, 0.0, 0.0, 0.0, 0.0, 1.0],
                [0.930618, 2e-05, -0.365992, -0.0, 0.007345, 0.999798, 0.018731, 0.3, 0.365918, -0.02012, 0.930429, 0.0, 0.0, 0.0, 0.0, 1.0],
                [0.941837, -0.000625, -0.336069, -0.0, 0.007351, 0.999797, 0.018741, 0.3, 0.335989, -0.020122, 0.941651, -0.0, 0.0, 0.0, 0.0, 1.0],
                [0.957207, -0.001617, -0.289399, -0.0, 0.007359, 0.999797, 0.018756, 0.3, 0.28931, -0.020083, 0.957025, -0.0, 0.0, 0.0, 0.0, 1.0],
                [0.97351, -0.00288, -0.228626, 0.0, 0.007367, 0.999797, 0.018773, 0.3, 0.228525, -0.01996, 0.973333, -0.0, 0.0, 0.0, 0.0, 1.0],
                [0.987615, -0.004336, -0.156833, 0.0, 0.007374, 0.999796, 0.018791, 0.3, 0.156719, -0.019714, 0.987446, -0.0, 0.0, 0.0, 0.0, 1.0],
                [0.996959, -0.005895, -0.077707, -0.0, 0.007378, 0.999796, 0.018807, 0.3, 0.07758, -0.019323, 0.996799, -0.0, 0.0, 0.0, 0.0, 1.0],
                [0.999962, -0.007465, 0.004527, 0.0, 0.007379, 0.999796, 0.018819, 0.3, -0.004666, -0.018785, 0.999813, 0.0, 0.0, 0.0, 0.0, 1.0],
                [0.996308, -0.008958, 0.08538, -0.0, 0.007376, 0.999795, 0.018824, 0.3, -0.085531, -0.018125, 0.996171, -0.0, 0.0, 0.0, 0.0, 1.0],
                [0.986987, -0.010297, 0.160472, 0.0, 0.007371, 0.999796, 0.01882, 0.3, -0.160634, -0.017393, 0.986861, 0.0, 0.0, 0.0, 0.0, 1.0],
                [0.974094, -0.011422, 0.225853, -0.0, 0.007363, 0.999796, 0.018804, 0.3, -0.226022, -0.016654, 0.97398, 0.0, 0.0, 0.0, 0.0, 1.0],
                [0.960457, -0.012288, 0.278156, 0.0, 0.007354, 0.999797, 0.018774, 0.3, -0.27833, -0.015986, 0.960353, 0.0, 0.0, 0.0, 0.0, 1.0],
                [0.949165, -0.012862, 0.314518, -0.0, 0.007343, 0.999798, 0.018728, 0.3, -0.314695, -0.015466, 0.949067, -0.0, 0.0, 0.0, 0.0, 1.0],
                [0.94044, -0.013245, 0.339702, 0.0, 0.007333, 0.999799, 0.018681, 0.3, -0.339881, -0.015077, 0.940347, 0.0, 0.0, 0.0, 0.0, 1.0],
                [0.932628, -0.013562, 0.360583, -0.0, 0.007328, 0.999799, 0.018651, 0.3, -0.360764, -0.014752, 0.932541, -0.0, 0.0, 0.0, 0.0, 1.0],
                [0.925844, -0.013822, 0.377652, -0.0, 0.007326, 0.9998, 0.018634, 0.3, -0.377834, -0.014485, 0.92576, 0.0, 0.0, 0.0, 0.0, 1.0],
                [0.92013, -0.014034, 0.391361, 0.0, 0.007326, 0.999799, 0.018629, 0.3, -0.391544, -0.014274, 0.920048, 0.0, 0.0, 0.0, 0.0, 1.0],
                [0.915474, -0.014203, 0.402127, -0.0, 0.007327, 0.999799, 0.018633, 0.3, -0.402311, -0.014112, 0.915394, -0.0, 0.0, 0.0, 0.0, 1.0],
                [0.911821, -0.014336, 0.410337, 0.0, 0.007329, 0.999799, 0.018644, 0.3, -0.410522, -0.013993, 0.911743, 0.0, 0.0, 0.0, 0.0, 1.0],
                [0.909086, -0.014438, 0.416357, -0.0, 0.007332, 0.999799, 0.01866, 0.3, -0.416543, -0.013911, 0.909009, 0.0, 0.0, 0.0, 0.0, 1.0],
                [0.90716, -0.014512, 0.420536, -0.0, 0.007335, 0.999799, 0.018678, 0.3, -0.420722, -0.013859, 0.907084, 0.0, 0.0, 0.0, 0.0, 1.0],
                [0.905914, -0.014563, 0.423212, 0.0, 0.007338, 0.999798, 0.018696, 0.3, -0.423399, -0.013832, 0.905838, -0.0, 0.0, 0.0, 0.0, 1.0],
                [0.905209, -0.014595, 0.424717, 0.0, 0.007341, 0.999798, 0.018712, 0.3, -0.424904, -0.013821, 0.905133, 0.0, 0.0, 0.0, 0.0, 1.0],
                [0.904898, -0.014611, 0.425379, -0.0, 0.007342, 0.999798, 0.018723, 0.3, -0.425566, -0.01382, 0.904822, -0.0, 0.0, 0.0, 0.0, 1.0],
                [0.904828, -0.014616, 0.425526, 0.0, 0.007343, 0.999797, 0.018728, 0.3, -0.425714, -0.013821, 0.904752, -0.0, 0.0, 0.0, 0.0, 1.0]
            ]
        },
        {
            "name": "Head",
            "time": [0.0, 0.0167, 0.0333, 0.05, 0.0667, 0.0833, 0.1, 0.1167, 0.1333, 0.15, 0.1667, 0.1833, 0.2, 0.2167, 0.2333, 0.25, 0.2667, 0.2833, 0.3, 0.3167, 0.3333, 0.35, 0.3667, 0.3833, 0.4],
            "transform": [
                [0.288782, 0.066714, 0.955068, -0.0, -0.00111, 0.997592, -0.069348, 0.4, -0.957394, 0.018967, 0.28816, -0.0, 0.0, 0.0, 0.0, 1.0],
                [0.31358, 0.065725, 0.947285, 0.0, -0.00376, 0.99768, -0.067977, 0.4, -0.949555, 0.017754, 0.313099, 0.0, 0.0, 0.0, 0.0, 1.0],
                [0.381649, 0.063056, 0.922154, -0.0, -0.01097, 0.997909, -0.063696, 0.4, -0.924243, 0.014193, 0.381542, -0.0, 0.0, 0.0, 0.0, 1.0],
                [0.482385, 0.059312, 0.873949, 0.0, -0.021419, 0.998205, -0.055922, 0.4, -0.875697, 0.008257, 0.48279, 0.0, 0.0, 0.0, 0.0, 1.0],
                [0.602342, 0.055283, 0.796322, 0.0, -0.033402, 0.998471, -0.044051, 0.4, -0.797539, -6.4e-05, 0.603267, 0.0, 0.0, 0.0, 0.0, 1.0],
                [0.725051, 0.051833, 0.686742, -0.0, -0.044882, 0.9986, -0.027986, 0.4, -0.687231, -0.010531, 0.726362, 0.0, 0.0, 0.0, 0.0, 1.0],
                [0.833675, 0.049666, 0.550017, 0.0, -0.053875, 0.998511, -0.008505, 0.4, -0.549621, -0.022542, 0.83511, -0.0, 0.0, 0.0, 0.0, 1.0],
                [0.915729, 0.04906, 0.398791, -0.0, -0.059034, 0.998174, 0.012759, 0.4, -0.397437, -0.035226, 0.916953, -0.0, 0.0, 0.0, 0.0, 1.0],
                [0.966907, 0.049735, 0.250234, -0.0, -0.060062, 0.997622, 0.033799, 0.4, -0.247958, -0.04771, 0.967595, 0.0, 0.0, 0.0, 0.0, 1.0],
                [0.991669, 0.050906, 0.118324, 0.0, -0.057479, 0.996948, 0.052819, 0.4, -0.115274, -0.05918, 0.991569, 0.0, 0.0, 0.0, 0.0, 1.0],
                [0.998631, 0.052258, 0.002581, 0.0, -0.052312, 0.996292, 0.068306, 0.4, 0.000998, -0.068347, 0.997661, 0.0, 0.0, 0.0, 0.0, 1.0],
                [0.993277, 0.053742, -0.102532, -0.0, -0.045727, 0.995827, 0.07898, 0.4, 0.106348, -0.073761, 0.991589, -0.0, 0.0, 0.0, 0.0, 1.0],
                [0.977605, 0.055173, -0.203089, 0.0, -0.038813, 0.995737, 0.083674, 0.4, 0.20684, -0.073918, 0.975578, -0.0, 0.0, 0.0, 0.0, 1.0],
                [0.951105, 0.05634, -0.303685, 0.0, -0.032516, 0.996023, 0.082947, 0.4, 0.307151, -0.069017, 0.949155, -0.0, 0.0, 0.0, 0.0, 1.0],
                [0.913339, 0.056866, -0.403211, 0.0, -0.027339, 0.99653, 0.078615, 0.4, 0.406283, -0.060779, 0.911724, 0.0, 0.0, 0.0, 0.0, 1.0],
                [0.864886, 0.056264, -0.498805, 0.0, -0.023668, 0.997164, 0.071439, 0.4, 0.50141, -0.049981, 0.863765, 0.0, 0.0, 0.0, 0.0, 1.0],
                [0.807284, 0.054237, -0.587667, 0.0, -0.021746, 0.997826, 0.062219, 0.4, 0.589763, -0.037449, 0.806708, 0.0, 0.0, 0.0, 0.0, 1.0],
                [0.743001, 0.050706, -0.667367, 0.0, -0.021632, 0.998424, 0.051776, 0.4, 0.66894, -0.024033, 0.742927, -0.0, 0.0, 0.0, 0.0, 1.0],
                [0.675286, 0.045826, -0.736132, 0.0, -0.023189, 0.998894, 0.040911, 0.4, 0.737192, -0.010557, 0.675601, 0.0, 0.0, 0.0, 0.0, 1.0],
                [0.607893, 0.039964, -0.793012, -0.0, -0.026085, 0.999199, 0.030359, 0.4, 0.79359, 0.00223, 0.608448, 0.0, 0.0, 0.0, 0.0, 1.0],
                [0.544785, 0.033662, -0.8379, 0.0, -0.029832, 0.999339, 0.020751, 0.4, 0.838045, 0.013692, 0.54543, -0.0, 0.0, 0.0, 0.0, 1.0],
                [0.489855, 0.027574, -0.871368, 0.0, -0.033836, 0.999348, 0.012603, 0.4, 0.871147, 0.02331, 0.490468, -0.0, 0.0, 0.0, 0.0, 1.0],
                [0.446739, 0.022408, -0.894384, 0.0, -0.03745, 0.999279, 0.00633, 0.4, 0.89388, 0.030667, 0.447256, 0.0, 0.0, 0.0, 0.0, 1.0],
                [0.418741, 0.018859, -0.90791, 0.0, -0.040035, 0.999196, 0.002291, 0.4, 0.907223, 0.035389, 0.419159, 0.0, 0.0, 0.0, 0.0, 1.0],
                [0.40881, 0.017557, -0.912451, 0.0, -0.041009, 0.999158, 0.000852, 0.4, 0.911698, 0.03707, 0.409186, -0.0, 0.0, 0.0, 0.0, 1.0]
            ]
        },
        {
            "name": "Shoulder_R",
            "time": [0.0, 0.0167, 0.0333, 0.05, 0.0667, 0.0833, 0.1, 0.1167, 0.1333, 0.15, 0.1667, 0.1833, 0.2, 0.2167, 0.2333, 0.25, 0.2667, 0.2833, 0.3, 0.3167, 0.3333, 0.35, 0.3667, 0.3833, 0.4],
            "transform": [
                [0.0, 0.952114, 0.305743, -0.0, 0.0, -0.305743, 0.952114, 0.4, 1.0, 0.0, -0.0, -0.0, 0.0, 0.0, 0.0, 1.0],
                [0.0, 0.952114, 0.305743, 0.0, 0.0, -0.305743, 0.952114, 0.4, 1.0, 0.0, -0.0, 0.0, 0.0, 0.0, 0.0, 1.0],
                [0.0, 0.952114, 0.305743, -0.0, 0.0, -0.305743, 0.952114, 0.4, 1.0, -0.0, -0.0, -0.0, 0.0, 0.0, 0.0, 1.0],
                [0.0, 0.952114, 0.305743, 0.0, 0.0, -0.305743, 0.952114, 0.4, 1.0, 0.0, -0.0, 0.0, 0.0, 0.0, 0.0, 1.0],
                [0.0, 0.952114, 0.305743, 0.0, 0.0, -0.305743, 0.952114, 0.4, 1.0, 0.0, -0.0, 0.0, 0.0, 0.0, 0.0, 1.0],
                [0.0, 0.952114, 0.305743, -0.0, 0.0, -0.305743, 0.952114, 0.4, 1.0, 0.0, -0.0, 0.0, 0.0, 0.0, 0.0, 1.0],
                [-0.0, 0.952114, 0.305743, 0.0, 0.0, -0.305743, 0.952114, 0.4, 1.0, -0.0, -0.0, -0.0, 0.0, 0.0, 0.0, 1.0],
                [0.0, 0.952114, 0.305743, -0.0, 0.0, -0.305743, 0.952114, 0.4, 1.0, 0.0, -0.0, -0.0, 0.0, 0.0, 0.0, 1.0],
                [0.0, 0.952114, 0.305743, -0.0, 0.0, -0.305743, 0.952114, 0.4, 1.0, -0.0, -0.0, 0.0, 0.0, 0.0, 0.0, 1.0],
                [0.0, 0.952114, 0.305743, 0.0, 0.0, -0.305743, 0.952114, 0.4, 1.0, -0.0, -0.0, 0.0, 0.0, 0.0, 0.0, 1.0],
                [0.0, 0.952114, 0.305743, 0.0, 0.0, -0.305743, 0.952114, 0.4, 1.0, -0.0, -0.0, 0.0, 0.0, 0.0, 0.0, 1.0],
                [0.0, 0.952114, 0.305743, -0.0, 0.0, -0.305743, 0.952114, 0.4, 1.0, -0.0, -0.0, -0.0, 0.0, 0.0, 0.0, 1.0],
                [0.0, 0.952114, 0.305743, 0.0, 0.0, -0.305743, 0.952114, 0.4, 1.0, -0.0, -0.0, -0.0, 0.0, 0.0, 0.0, 1.0],
                [0.0, 0.952114, 0.305743, 0.0, 0.0, -0.305743, 0.952114, 0.4, 1.0, -0.0, -0.0, -0.0, 0.0, 0.0, 0.0, 1.0],
                [0.0, 0.952114, 0.305743, 0.0, 0.0, -0.305743, 0.952114, 0.4, 1.0, -0.0, -0.0, 0.0, 0.0, 0.0, 0.0, 1.0],
                [0.0, 0.952114, 0.305743, 0.0, 0.0, -0.305743, 0.952114, 0.4, 1.0, 0.0, -0.0, 0.0, 0.0, 0.0, 0.0, 1.0],
                [0.0, 0.952114, 0.305743, 0.0, 0.0, -0.305743, 0.952114, 0.4, 1.0, 0.0, -0.0, 0.0, 0.0, 0.0, 0.0, 1.0],
                [0.0, 0.952114, 0.305743, 0.0, 0.0, -0.305743, 0.952114, 0.4, 1.0, -0.0, -0.0, -0.0, 0.0, 0.0, 0.0, 1.0],
                [0.0, 0.952114, 0.305743, 0.0, 0.0, -0.305743, 0.952114, 0.4, 1.0, -0.0, -0.0, 0.0, 0.0, 0.0, 0.0, 1.0],
                [0.0, 0.952114, 0.305743, -0.0, 0.0, -0.305743, 0.952114, 0.4, 1.0, -0.0, -0.0, 0.0, 0.0, 0.0, 0.0, 1.0],
                [0.0, 0.952114, 0.305743, 0.0, 0.0, -0.305743, 0.952114, 0.4, 1.0, -0.0, -0.0, -0.0, 0.0, 0.0, 0.0, 1.0],
                [0.0, 0.952114, 0.305743, 0.0, 0.0, -0.305743, 0.952114, 0.4, 1.0, -0.0, -0.0, -0.0, 0.0, 0.0, 0.0, 1.0],
                [0.0, 0.952114, 0.305743, 0.0, 0.0, -0.305743, 0.952114, 0.4, 1.0, -0.0, -0.0, 0.0, 0.0, 0.0, 0.0, 1.0],
                [0.0, 0.952114, 0.305743, 0.0, 0.0, -0.305743, 0.952114, 0.4, 1.0, -0.0, -0.0, 0.0, 0.0, 0.0, 0.0, 1.0],
                [0.0, 0.952114, 0.305743, 0.0, 0.0, -0.305743, 0.952114, 0.4, 1.0, -0.0, -0.0, -0.0, 0.0, 0.0, 0.0, 1.0]
            ]
        },
        {
            "name": "Arm_R",
            "time": [0.0, 0.0167, 0.0333, 0.05, 0.0667, 0.0833, 0.1, 0.1167, 0.1333, 0.15, 0.1667, 0.1833, 0.2, 0.2167, 0.2333, 0.25, 0.2667, 0.2833, 0.3, 0.3167, 0.3333, 0.35, 0.3667, 0.3833, 0.4],
            "transform": [
                [-0.638695, 0.202218, 0.742412, 0.0, -0.661819, 0.347807, -0.664098, 0.393861, -0.39251, -0.915499, -0.088311, 0.0, 0.0, 0.0, 0.0, 1.0],
                [-0.644536, 0.196205, 0.738971, 0.0, -0.667175, 0.327733, -0.668931, 0.39386, -0.373434, -0.924173, -0.080333, -0.0, 0.0, 0.0, 0.0, 1.0],
                [-0.657177, 0.177085, 0.732638, 0.0, -0.680674, 0.278046, -0.677772, 0.39386, -0.32373, -0.944104, -0.062188, 0.0, 0.0, 0.0, 0.0, 1.0],
                [-0.666992, 0.142797, 0.731252, 0.0, -0.699098, 0.219449, -0.680518, 0.393861, -0.257648, -0.965118, -0.046541, -0.0, 0.0, 0.0, 0.0, 1.0],
                [-0.669428, 0.100697, 0.736021, 0.0, -0.716514, 0.174078, -0.675503, 0.39386, -0.196146, -0.979571, -0.044381, 0.0, 0.0, 0.0, 0.0, 1.0],
                [-0.671771, 0.072153, 0.737238, 0.0, -0.722655, 0.154856, -0.67364, 0.39386, -0.162771, -0.9853, -0.051886, -0.0, 0.0, 0.0, 0.0, 1.0],
                [-0.68597, 0.083279, 0.722849, -0.0, -0.707601, 0.155126, -0.689373, 0.39386, -0.169543, -0.984379, -0.047483, -0.0, 0.0, 0.0, 0.0, 1.0],
                [-0.71232, 0.146904, 0.68631, -0.0, -0.670831, 0.145013, -0.727295, 0.39386, -0.206366, -0.978463, -0.004747, 0.0, 0.0, 0.0, 0.0, 1.0],
                [-0.73576, 0.249646, 0.629552, -0.0, -0.632271, 0.079886, -0.770618, 0.393861, -0.242675, -0.965036, 0.099068, -0.0, 0.0, 0.0, 0.0, 1.0],
                [-0.763022, 0.318616, 0.562388, -0.0, -0.597769, -0.016825, -0.801493, 0.393861, -0.245907, -0.947735, 0.203297, -0.0, 0.0, 0.0, 0.0, 1.0],
                [-0.81083, 0.301108, 0.501886, -0.0, -0.541192, -0.059204, -0.838812, 0.393861, -0.22286, -0.951751, 0.210963, -0.0, 0.0, 0.0, 0.0, 1.0],
                [-0.858104, 0.221626, 0.463185, 0.0, -0.477083, -0.010568, -0.878795, 0.39386, -0.189869, -0.975074, 0.114803, 0.0, 0.0, 0.0, 0.0, 1.0],
                [-0.871471, 0.121081, 0.475268, 0.0, -0.462055, 0.122236, -0.878387, 0.39386, -0.164452, -0.985088, -0.050579, 0.0, 0.0, 0.0, 0.0, 1.0],
                [-0.818728, 0.031699, 0.573307, 0.0, -0.550385, 0.241144, -0.799328, 0.39386, -0.163588, -0.969972, -0.179985, 0.0, 0.0, 0.0, 0.0, 1.0],
                [-0.698035, -0.009753, 0.715999, -0.0, -0.691773, 0.267414, -0.670776, 0.39386, -0.184927, -0.963533, -0.193412, 0.0, 0.0, 0.0, 0.0, 1.0],
                [-0.593457, 0.032794, 0.804199, -0.0, -0.775921, 0.242235, -0.582468, 0.39386, -0.213907, -0.969663, -0.11831, -0.0, 0.0, 0.0, 0.0, 1.0],
                [-0.57661, 0.127848, 0.806955, -0.0, -0.778985, 0.211814, -0.590183, 0.393861, -0.246378, -0.968912, -0.022542, -0.0, 0.0, 0.0, 0.0, 1.0],
                [-0.610909, 0.220692, 0.76032, 0.0, -0.738502, 0.187249, -0.64773, 0.393861, -0.285318, -0.957201, 0.04859, 0.0, 0.0, 0.0, 0.0, 1.0],
                [-0.650387, 0.302972, 0.696567, -0.0, -0.683288, 0.167251, -0.710736, 0.393861, -0.331835, -0.938209, 0.09824, 0.0, 0.0, 0.0, 0.0, 1.0],
                [-0.683156, 0.373793, 0.627358, 0.0, -0.622765, 0.150466, -0.767805, 0.39386, -0.381396, -0.915226, 0.129994, 0.0, 0.0, 0.0, 0.0, 1.0],
                [-0.70466, 0.433326, 0.561857, 0.0, -0.564967, 0.136402, -0.81376, 0.39386, -0.429262, -0.890855, 0.148698, 0.0, 0.0, 0.0, 0.0, 1.0],
                [-0.715328, 0.48133, 0.506586, -0.0, -0.515993, 0.125038, -0.847418, 0.393861, -0.47123, -0.867576, 0.15892, -0.0, 0.0, 0.0, 0.0, 1.0],
                [-0.718354, 0.516916, 0.465582, 0.0, -0.479587, 0.116837, -0.869682, 0.393861, -0.50395, -0.848026, 0.163976, 0.0, 0.0, 0.0, 0.0, 1.0],
                [-0.717776, 0.538913, 0.440877, 0.0, -0.457431, 0.112393, -0.882114, 0.393861, -0.524934, -0.83483, 0.165843, 0.0, 0.0, 0.0, 0.0, 1.0],
                [-0.717051, 0.546347, 0.432831, 0.0, -0.450002, 0.111354, -0.886058, 0.393861, -0.532293, -0.830123, 0.166011, -0.0, 0.0, 0.0, 0.0, 1.0]
            ]
        },
        {
            "name": "Hand_R",
            "time": [0.0, 0.0167, 0.0333, 0.05, 0.0667, 0.0833, 0.1, 0.1167, 0.1333, 0.15, 0.1667, 0.1833, 0.2, 0.2167, 0.2333, 0.25, 0.2667, 0.2833, 0.3, 0.3167, 0.3333, 0.35, 0.3667, 0.3833, 0.4],
            "transform": [
                [1.0, -3e-06, 2e-06, -0.0, 3e-06, 0.480522, -0.876983, 0.300003, 2e-06, 0.876983, 0.480521, -0.0, 0.0, 0.0, 0.0, 1.0],
                [1.0, -5e-06, 3e-06, 0.0, 5e-06, 0.487447, -0.873153, 0.300003, 3e-06, 0.873153, 0.487447, 0.0, 0.0, 0.0, 0.0, 1.0],
                [1.0, -3e-06, 2e-06, -0.0, 3e-06, 0.50478, -0.863248, 0.300003, 1e-06, 0.863249, 0.504779, -0.0, 0.0, 0.0, 0.0, 1.0],
                [1.0, -4e-06, 3e-06, -0.0, 4e-06, 0.523646, -0.851936, 0.300003, 2e-06, 0.851937, 0.523645, -0.0, 0.0, 0.0, 0.0, 1.0],
                [1.0, -3e-06, 2e-06, 0.0, 3e-06, 0.53535, -0.84463, 0.300003, 2e-06, 0.844631, 0.53535, -0.0, 0.0, 0.0, 0.0, 1.0],
