{
    "animation": [
        {
            "name": "Root",
            "time": [0.0, 1.0, 2.0],
            "transform": [
                [0.190708, 0.0, -0.981647, 0.002802, -0.981647, 0.0, -0.190708, 0.000475, 0.0, 1.0, 0.0, 0.737055, 0.0, 0.0, 0.0, 1.0],
                [0.190708, 0.0, -0.981647, 0.002802, -0.981647, 0.0, -0.190708, 0.000475, 0.0, 1.0, 0.0, 0.734528, 0.0, 0.0, 0.0, 1.0],
                [0.190708, 0.0, -0.981647, 0.002802, -0.981647, 0.0, -0.190708, 0.000475, 0.0, 1.0, 0.0, 0.737055, 0.0, 0.0, 0.0, 1.0]
            ]
        },
        {
            "name": "Thigh_R",
            "time": [0.0, 2.0],
            "transform": [
                [0.940279, 0.089966, -0.328299, 0.108479, 0.203522, -0.921657, 0.330338, -0.008013, -0.27286, -0.377426, -0.884928, -0.041995, 0.0, 0.0, 0.0, 1.0],
                [0.940279, 0.089966, -0.328299, 0.108479, 0.203522, -0.921657, 0.330338, -0.008013, -0.27286, -0.377426, -0.884928, -0.041995, 0.0, 0.0, 0.0, 1.0]
            ]
        },
        {
            "name": "Leg_R",
            "time": [0.0, 2.0],
            "transform": [
                [1.0, -0.0, 1e-06, 0.0, -0.0, 0.923517, 0.383563, 0.374726, -1e-06, -0.383564, 0.923512, 0.0, 0.0, 0.0, 0.0, 1.0],
                [1.0, -0.0, 1e-06, 0.0, -0.0, 0.923517, 0.383563, 0.374726, -1e-06, -0.383564, 0.923512, 0.0, 0.0, 0.0, 0.0, 1.0]
            ]
        },
        {
            "name": "Knee_R",
            "time": [0.0, 2.0],
            "transform": [
                [1.0, 0.0, -0.0, -0.0, -0.0, 0.00567, -0.999984, 0.374726, -0.0, 0.999984, 0.00567, -0.0, 0.0, 0.0, 0.0, 1.0],
                [1.0, 0.0, -0.0, -0.0, -0.0, 0.00567, -0.999984, 0.374726, -0.0, 0.999984, 0.00567, -0.0, 0.0, 0.0, 0.0, 1.0]
            ]
        },
        {
            "name": "Thigh_L",
            "time": [0.0, 2.0],
            "transform": [
                [0.342554, -0.340976, -0.875438, -0.110446, -0.128334, -0.940062, 0.315931, -0.002831, -0.930691, 0.004125, -0.365782, 0.032522, 0.0, 0.0, 0.0, 1.0],
                [0.342554, -0.340976, -0.875438, -0.110446, -0.128334, -0.940062, 0.315931, -0.002831, -0.930691, 0.004125, -0.365782, 0.032522, 0.0, 0.0, 0.0, 1.0]
            ]
        },
        {
            "name": "Leg_L",
            "time": [0.0, 2.0],
            "transform": [
                [1.0, -0.0, 1e-06, 0.0, -0.0, 0.917099, 0.398659, 0.374726, -1e-06, -0.398659, 0.917099, 0.0, 0.0, 0.0, 0.0, 1.0],
                [1.0, -0.0, 1e-06, 0.0, -0.0, 0.917099, 0.398659, 0.374726, -1e-06, -0.398659, 0.917099, 0.0, 0.0, 0.0, 0.0, 1.0]
            ]
        },
        {
            "name": "Knee_L",
            "time": [0.0, 2.0],
            "transform": [
                [1.0, 0.0, -0.0, 0.0, -0.0, 0.00567, -0.999984, 0.374726, -0.0, 0.999984, 0.00567, 0.0, 0.0, 0.0, 0.0, 1.0],
                [1.0, 0.0, -0.0, 0.0, -0.0, 0.00567, -0.999984, 0.374726, -0.0, 0.999984, 0.00567, 0.0, 0.0, 0.0, 0.0, 1.0]
            ]
        },
        {
            "name": "Torso",
            "time": [0.0, 2.0],
            "transform": [
                [0.980381, 0.0, -0.197114, 0.0, 0.0, 1.0, 0.0, 0.05, 0.197114, 0.0, 0.980381, 0.0, 0.0, 0.0, 0.0, 1.0],
                [0.980381, 0.0, -0.197114, 0.0, 0.0, 1.0, 0.0, 0.05, 0.197114, 0.0, 0.980381, 0.0, 0.0, 0.0, 0.0, 1.0]
            ]
        },
        {
            "name": "Chest",
            "time": [0.0, 1.0, 2.0],
            "transform": [
                [0.994471, -0.005339, -0.104871, 0.0, 0.007343, 0.999798, 0.018728, 0.3, 0.10475, -0.019394, 0.994309, -0.0, 0.0, 0.0, 0.0, 1.0],
                [0.994498, 0.000614, -0.104758, 0.0, 0.001426, 0.999811, 0.01939, 0.3, 0.10475, -0.019433, 0.994309, -0.0, 0.0, 0.0, 0.0, 1.0],
                [0.994471, -0.005339, -0.104871, 0.0, 0.007343, 0.999798, 0.018728, 0.3, 0.10475, -0.019394, 0.994309, -0.0, 0.0, 0.0, 0.0, 1.0]
            ]
        },
        {
            "name": "Head",
            "time": [0.0, 2.0],
            "transform": [
                [0.288782, 0.066714, 0.955068, -0.0, -0.00111, 0.997592, -0.069348, 0.4, -0.957394, 0.018967, 0.28816, -0.0, 0.0, 0.0, 0.0, 1.0],
                [0.288782, 0.066714, 0.955068, -0.0, -0.00111, 0.997592, -0.069348, 0.4, -0.957394, 0.018967, 0.28816, -0.0, 0.0, 0.0, 0.0, 1.0]
            ]
        },
        {
            "name": "Shoulder_R",
            "time": [0.0, 2.0],
            "transform": [
                [0.0, 0.952114, 0.305743, -0.0, 0.0, -0.305743, 0.952114, 0.4, 1.0, 0.0, -0.0, -0.0, 0.0, 0.0, 0.0, 1.0],
                [0.0, 0.952114, 0.305743, -0.0, 0.0, -0.305743, 0.952114, 0.4, 1.0, 0.0, -0.0, -0.0, 0.0, 0.0, 0.0, 1.0]
            ]
        },
        {
            "name": "Arm_R",
            "time": [0.0, 2.0],
            "transform": [
                [-0.763403, 0.495665, 0.414165, 0.0, -0.434547, 0.080291, -0.897063, 0.39386, -0.477896, -0.864795, 0.154095, 0.0, 0.0, 0.0, 0.0, 1.0],
                [-0.763403, 0.495665, 0.414165, 0.0, -0.434547, 0.080291, -0.897063, 0.39386, -0.477896, -0.864795, 0.154095, 0.0, 0.0, 0.0, 0.0, 1.0]
            ]
        },
        {
            "name": "Hand_R",
            "time": [0.0, 2.0],
            "transform": [
                [1.0, -3e-06, 1e-06, 0.0, 3e-06, 0.735354, -0.677684, 0.300002, 1e-06, 0.677684, 0.735354, 0.0, 0.0, 0.0, 0.0, 1.0],
                [1.0, -3e-06, 1e-06, 0.0, 3e-06, 0.735354, -0.677684, 0.300002, 1e-06, 0.677684, 0.735354, 0.0, 0.0, 0.0, 0.0, 1.0]
            ]
        },
        {
            "name": "Tool_R",
            "time": [0.0, 2.0],
            "transform": [
                [0.905128, -0.288756, 0.312031, 0.0, -0.364137, -0.905366, 0.218442, 0.271711, 0.219425, -0.31134, -0.924619, -0.028915, 0.0, 0.0, 0.0, 1.0],
                [0.905128, -0.288756, 0.312031, 0.0, -0.364137, -0.905366, 0.218442, 0.271711, 0.219425, -0.31134, -0.924619, -0.028915, 0.0, 0.0, 0.0, 1.0]
            ]
        },
        {
            "name": "Elbow_R",
            "time": [0.0, 2.0],
            "transform": [
                [-1.0, 0.0, 0.0, 0.0, 0.0, 0.003946, -0.999992, 0.368975, -0.0, -0.999992, -0.003946, -0.00098, 0.0, 0.0, 0.0, 1.0],
                [-1.0, 0.0, 0.0, 0.0, 0.0, 0.003946, -0.999992, 0.368975, -0.0, -0.999992, -0.003946, -0.00098, 0.0, 0.0, 0.0, 1.0]
            ]
        },
        {
            "name": "Shoulder_L",
            "time": [0.0, 2.0],
            "transform": [
                [-0.0, -0.952114, -0.305743, -0.0, 0.0, -0.305743, 0.952114, 0.4, -1.0, -0.0, 0.0, -0.0, 0.0, 0.0, 0.0, 1.0],
                [-0.0, -0.952114, -0.305743, -0.0, 0.0, -0.305743, 0.952114, 0.4, -1.0, -0.0, 0.0, -0.0, 0.0, 0.0, 0.0, 1.0]
            ]
        },
        {
            "name": "Arm_L",
            "time": [0.0, 2.0],
            "transform": [
                [0.519655, -0.535026, 0.666112, -0.0, 0.355511, 0.844354, 0.400847, 0.39386, -0.776898, 0.028507, 0.628981, -0.0, 0.0, 0.0, 0.0, 1.0],
                [0.519655, -0.535026, 0.666112, -0.0, 0.355511, 0.844354, 0.400847, 0.39386, -0.776898, 0.028507, 0.628981, -0.0, 0.0, 0.0, 0.0, 1.0]
            ]
        },
        {
            "name": "Hand_L",
            "time": [0.0, 2.0],
            "transform": [
                [1.0, -0.0, 0.0, -0.0, 0.0, 0.776787, -0.629764, 0.300002, 0.0, 0.629763, 0.776786, -0.0, 0.0, 0.0, 0.0, 1.0],
                [1.0, -0.0, 0.0, -0.0, 0.0, 0.776787, -0.629764, 0.300002, 0.0, 0.629763, 0.776786, -0.0, 0.0, 0.0, 0.0, 1.0]
            ]
        },
        {
            "name": "Tool_L",
            "time": [0.0, 2.0],
            "transform": [
                [1.0, -0.0, 0.0, 0.0, -0.0, -0.999559, -0.029689, 0.271711, 0.0, 0.029689, -0.99956, -0.028915, 0.0, 0.0, 0.0, 1.0],
                [1.0, -0.0, 0.0, 0.0, -0.0, -0.999559, -0.029689, 0.271711, 0.0, 0.029689, -0.99956, -0.028915, 0.0, 0.0, 0.0, 1.0]
            ]
        },
        {
            "name": "Elbow_L",
            "time": [0.0, 2.0],
            "transform": [
                [-1.0, 0.0, -0.0, -0.0, 0.0, 0.003946, -0.999992, 0.363038, -0.0, -0.999992, -0.003946, -0.001004, 0.0, 0.0, 0.0, 1.0],
                [-1.0, 0.0, -0.0, -0.0, 0.0, 0.003946, -0.999992, 0.363038, -0.0, -0.999992, -0.003946, -0.001004, 0.0, 0.0, 0.0, 1.0]
            ]
        }
    ]
}