{
    "animation": [
        {
            "name": "Root",
            "time": [0.0, 0.0167, 0.0333, 0.05, 0.0667, 0.0833, 0.1, 0.1167, 0.1333, 0.15, 0.1667, 0.1833, 0.2, 0.2167, 0.2333, 0.25, 0.2667, 0.2833, 0.3, 0.3167, 0.3333, 0.35, 0.3667, 0.3833, 0.4, 0.4167, 0.4333, 0.45, 0.4667, 0.4833, 0.5, 0.5167, 0.5333, 0.55, 0.5667, 0.5833, 0.6, 0.6167, 0.6333, 0.65, 0.6667],
            "transform": [
                [1.0, 0.0, 0.0, -5e-06, 0.0, 0.0, -1.0, 0.000946, 0.0, 1.0, 0.0, 0.753641, 0.0, 0.0, 0.0, 1.0],
                [0.999694, 0.0, 0.024736, -0.000435, 0.024736, 0.0, -0.999694, 0.009398, 0.0, 1.0, 0.0, 0.752932, 0.0, 0.0, 0.0, 1.0],
                [0.995586, 0.0, 0.093849, -0.001605, 0.093849, 0.0, -0.995586, 0.033264, 0.0, 1.0, 0.0, 0.750946, 0.0, 0.0, 0.0, 1.0],
                [0.980016, 0.0, 0.198919, -0.003328, 0.198919, 0.0, -0.980016, 0.070311, 0.0, 1.0, 0.0, 0.747889, 0.0, 0.0, 0.0, 1.0],
                [0.944316, 0.0, 0.329039, -0.00542, 0.329039, 0.0, -0.944316, 0.118304, 0.0, 1.0, 0.0, 0.743972, 0.0, 0.0, 0.0, 1.0],
                [0.882541, 0.0, 0.470235, -0.007697, 0.470235, 0.0, -0.882541, 0.175009, 0.0, 1.0, 0.0, 0.739402, 0.0, 0.0, 0.0, 1.0],
                [0.794046, 0.0, 0.607858, -0.009974, 0.607858, 0.0, -0.794046, 0.238256, 0.0, 1.0, 0.0, 0.73439, 0.0, 0.0, 0.0, 1.0],
                [0.680976, 0.0, 0.732306, -0.012066, 0.732306, 0.0, -0.680976, 0.306126, 0.0, 1.0, 0.0, 0.729152, 0.0, 0.0, 0.0, 1.0],
                [0.5444, 0.0, 0.838825, -0.013789, 0.838825, 0.0, -0.5444, 0.376767, 0.0, 1.0, 0.0, 0.723906, 0.0, 0.0, 0.0, 1.0],
                [0.381375, 0.0, 0.92442, -0.014959, 0.92442, 0.0, -0.381375, 0.448322, 0.0, 1.0, 0.0, 0.718871, 0.0, 0.0, 0.0, 1.0],
                [0.182632, 0.0, 0.983182, -0.015389, 0.983182, 0.0, -0.182632, 0.518939, 0.0, 1.0, 0.0, 0.714264, 0.0, 0.0, 0.0, 1.0],
                [-0.065629, 0.000789, 0.997844, -0.012617, 0.99784, -0.002896, 0.065631, 0.586801, 0.002942, 0.999995, -0.000597, 0.710252, 0.0, 0.0, 0.0, 1.0],
                [-0.360677, 0.004727, 0.932679, -0.005093, 0.932617, -0.010785, 0.360708, 0.650247, 0.011764, 0.999931, -0.000519, 0.706796, 0.0, 0.0, 0.0, 1.0],
                [-0.664493, 0.014217, 0.747159, 0.005996, 0.746862, -0.021383, 0.664636, 0.707653, 0.025426, 0.99967, 0.003591, 0.703804, 0.0, 0.0, 0.0, 1.0],
                [-0.89996, 0.030055, 0.434936, 0.019461, 0.434101, -0.030576, 0.900345, 0.757398, 0.040358, 0.99908, 0.01447, 0.701259, 0.0, 0.0, 0.0, 1.0],
                [-0.996935, 0.049302, 0.060753, 0.034115, 0.059095, -0.034426, 0.997659, 0.797857, 0.051278, 0.99819, 0.031407, 0.699437, 0.0, 0.0, 0.0, 1.0],
                [-0.958165, 0.067118, -0.278238, 0.048768, -0.280818, -0.032494, 0.959211, 0.828231, 0.055339, 0.997216, 0.049982, 0.698546, 0.0, 0.0, 0.0, 1.0],
                [-0.839113, 0.081123, -0.537874, 0.062233, -0.541285, -0.02663, 0.840418, 0.85101, 0.053854, 0.996348, 0.066256, 0.698219, 0.0, 0.0, 0.0, 1.0],
                [-0.689369, 0.09077, -0.718702, 0.073322, -0.722729, -0.018609, 0.690882, 0.869507, 0.049337, 0.995698, 0.07843, 0.697944, 0.0, 0.0, 0.0, 1.0],
                [-0.538007, 0.096176, -0.837436, 0.080846, -0.841796, -0.009546, 0.539712, 0.887035, 0.043913, 0.995319, 0.086096, 0.697212, 0.0, 0.0, 0.0, 1.0],
                [-0.398235, 0.097568, -0.91208, 0.083618, -0.916453, -0.0, 0.400144, 0.906907, 0.039041, 0.995229, 0.089417, 0.69551, 0.0, 0.0, 0.0, 1.0],
                [-0.253419, 0.096146, -0.962567, 0.083456, -0.966704, 0.011388, 0.255645, 0.931622, 0.035541, 0.995302, 0.090059, 0.68939, 0.0, 0.0, 0.0, 1.0],
                [-0.082568, 0.092275, -0.992304, 0.083015, -0.996028, 0.025649, 0.085262, 0.96042, 0.033319, 0.995403, 0.089791, 0.678204, 0.0, 0.0, 0.0, 1.0],
                [0.110953, 0.084921, -0.990191, 0.082366, -0.993303, 0.041774, -0.107719, 0.991726, 0.032217, 0.995512, 0.088987, 0.665643, 0.0, 0.0, 0.0, 1.0],
                [0.316411, 0.073393, -0.945779, 0.081578, -0.948077, 0.058269, -0.312658, 1.023966, 0.032163, 0.995599, 0.088019, 0.6554, 0.0, 0.0, 0.0, 1.0],
                [0.515588, 0.057847, -0.854882, 0.080719, -0.8562, 0.07324, -0.511427, 1.055565, 0.033027, 0.995635, 0.08729, 0.651165, 0.0, 0.0, 0.0, 1.0],
                [0.687314, 0.039638, -0.725278, 0.079861, -0.72554, 0.084924, -0.68292, 1.08495, 0.034524, 0.995599, 0.087128, 0.655777, 0.0, 0.0, 0.0, 1.0],
                [0.815851, 0.021149, -0.577876, 0.079073, -0.577128, 0.092355, -0.811415, 1.110546, 0.036209, 0.995502, 0.087553, 0.666774, 0.0, 0.0, 0.0, 1.0],
                [0.897423, 0.005177, -0.441141, 0.078424, -0.439559, 0.095893, -0.89308, 1.130777, 0.037679, 0.995378, 0.088332, 0.6799, 0.0, 0.0, 0.0, 1.0],
                [0.939336, -0.005804, -0.342949, 0.077983, -0.340811, 0.096946, -0.93512, 1.144071, 0.038675, 0.995273, 0.089086, 0.690898, 0.0, 0.0, 0.0, 1.0],
                [0.951965, -0.009847, -0.306048, 0.077821, -0.303708, 0.09707, -0.947807, 1.148852, 0.039041, 0.995229, 0.089417, 0.69551, 0.0, 0.0, 0.0, 1.0],
                [0.951965, -0.009847, -0.306048, 0.077821, -0.303708, 0.09707, -0.947807, 1.148852, 0.039041, 0.995229, 0.089417, 0.69551, 0.0, 0.0, 0.0, 1.0],
                [0.951965, -0.009847, -0.306048, 0.077821, -0.303708, 0.09707, -0.947807, 1.148852, 0.039041, 0.995229, 0.089417, 0.69551, 0.0, 0.0, 0.0, 1.0],
                [0.951965, -0.009847, -0.306048, 0.077821, -0.303708, 0.09707, -0.947807, 1.148852, 0.039041, 0.995229, 0.089417, 0.69551, 0.0, 0.0, 0.0, 1.0],
                [0.951965, -0.009847, -0.306048, 0.077821, -0.303708, 0.09707, -0.947807, 1.148852, 0.039041, 0.995229, 0.089417, 0.69551, 0.0, 0.0, 0.0, 1.0],
                [0.951965, -0.009847, -0.306048, 0.077821, -0.303708, 0.09707, -0.947807, 1.148852, 0.039041, 0.995229, 0.089417, 0.69551, 0.0, 0.0, 0.0, 1.0],
                [0.951965, -0.009847, -0.306048, 0.077821, -0.303708, 0.09707, -0.947807, 1.148852, 0.039041, 0.995229, 0.089417, 0.69551, 0.0, 0.0, 0.0, 1.0],
                [0.951965, -0.009847, -0.306048, 0.077821, -0.303708, 0.09707, -0.947807, 1.148852, 0.039041, 0.995229, 0.089417, 0.69551, 0.0, 0.0, 0.0, 1.0],
                [0.951965, -0.009847, -0.306048, 0.077821, -0.303708, 0.09707, -0.947807, 1.148852, 0.039041, 0.995229, 0.089417, 0.69551, 0.0, 0.0, 0.0, 1.0],
                [0.951965, -0.009847, -0.306048, 0.077821, -0.303708, 0.09707, -0.947807, 1.148852, 0.039041, 0.995229, 0.089417, 0.69551, 0.0, 0.0, 0.0, 1.0],
                [0.951965, -0.009847, -0.306048, 0.077821, -0.303708, 0.09707, -0.947807, 1.148852, 0.039041, 0.995229, 0.089417, 0.69551, 0.0, 0.0, 0.0, 1.0]
            ]
        },
        {
            "name": "Thigh_R",
            "time": [0.0, 0.0167, 0.0333, 0.05, 0.0667, 0.0833, 0.1, 0.1167, 0.1333, 0.15, 0.1667, 0.1833, 0.2, 0.2167, 0.2333, 0.25, 0.2667, 0.2833, 0.3, 0.3167, 0.3333, 0.35, 0.3667, 0.3833, 0.4, 0.4167, 0.4333, 0.45, 0.4667, 0.4833, 0.5, 0.5167, 0.5333, 0.55, 0.5667, 0.5833, 0.6, 0.6167, 0.6333, 0.65, 0.6667],
            "transform": [
                [0.995231, 0.050943, -0.08319, 0.124994, 0.062928, -0.986911, 0.14847, -0.002831, -0.074538, -0.152997, -0.985412, -1.2e-05, 0.0, 0.0, 0.0, 1.0],
                [0.994869, 0.050446, -0.087695, 0.124994, 0.064698, -0.983637, 0.168135, -0.002831, -0.077778, -0.172946, -0.981856, -1.2e-05, 0.0, 0.0, 0.0, 1.0],
                [0.993254, 0.052766, -0.103254, 0.124994, 0.073738, -0.974645, 0.21125, -0.002831, -0.08949, -0.217438, -0.971964, -1.2e-05, 0.0, 0.0, 0.0, 1.0],
                [0.988547, 0.065498, -0.135955, 0.124994, 0.098488, -0.962604, 0.252369, -0.002831, -0.114341, -0.262868, -0.958033, -1.2e-05, 0.0, 0.0, 0.0, 1.0],
                [0.97731, 0.096129, -0.188742, 0.124994, 0.145246, -0.952728, 0.266851, -0.002831, -0.154168, -0.288209, -0.945075, -1.2e-05, 0.0, 0.0, 0.0, 1.0],
                [0.956769, 0.150347, -0.248975, 0.124994, 0.209692, -0.949777, 0.232271, -0.002831, -0.20155, -0.274437, -0.940246, -1.2e-05, 0.0, 0.0, 0.0, 1.0],
                [0.931382, 0.24402, -0.270151, 0.124994, 0.273815, -0.958601, 0.078135, -0.002831, -0.239901, -0.146745, -0.959642, -1.2e-05, 0.0, 0.0, 0.0, 1.0],
                [0.913719, 0.298619, -0.275579, 0.124994, 0.317068, -0.9481, 0.023911, -0.002831, -0.254137, -0.109225, -0.960981, -1.2e-05, 0.0, 0.0, 0.0, 1.0],
                [0.91396, 0.327477, -0.239658, 0.124994, 0.327401, -0.94398, -0.041316, -0.002831, -0.239762, -0.040703, -0.969979, -1.2e-05, 0.0, 0.0, 0.0, 1.0],
                [0.934748, 0.31205, -0.169912, 0.124994, 0.296754, -0.948635, -0.109658, -0.002831, -0.195403, 0.05208, -0.97934, -1.2e-05, 0.0, 0.0, 0.0, 1.0],
                [0.970262, 0.223331, -0.093347, 0.124994, 0.214061, -0.971706, -0.099811, -0.002831, -0.112997, 0.076861, -0.990618, -1.2e-05, 0.0, 0.0, 0.0, 1.0],
                [0.995143, 0.098403, 0.002692, 0.124994, 0.095473, -0.971455, 0.217156, -0.002831, 0.023984, -0.215844, -0.976133, -1.2e-05, 0.0, 0.0, 0.0, 1.0],
                [0.984332, 0.106737, 0.140343, 0.124994, 0.031463, -0.889505, 0.455837, -0.002831, 0.17349, -0.444279, -0.878929, -1.2e-05, 0.0, 0.0, 0.0, 1.0],
                [0.934048, 0.182032, 0.307277, 0.124994, 0.023418, -0.889725, 0.455893, -0.002831, 0.35638, -0.418629, -0.83531, -1.2e-05, 0.0, 0.0, 0.0, 1.0],
                [0.748692, 0.298866, 0.591726, 0.124994, -0.043412, -0.868585, 0.49363, -0.002831, 0.661495, -0.395265, -0.63733, -1.2e-05, 0.0, 0.0, 0.0, 1.0],
                [0.40809, 0.408217, 0.816591, 0.124994, -0.107196, -0.866846, 0.486912, -0.002831, 0.906626, -0.286239, -0.309993, -1.2e-05, 0.0, 0.0, 0.0, 1.0],
                [0.119772, 0.451169, 0.884365, 0.124994, -0.132022, -0.875626, 0.464592, -0.002831, 0.983984, -0.1724, -0.045311, -1.2e-05, 0.0, 0.0, 0.0, 1.0],
                [0.319381, 0.438801, 0.839911, 0.124994, -0.039407, -0.879412, 0.474425, -0.002831, 0.946806, -0.184621, -0.263576, -1.2e-05, 0.0, 0.0, 0.0, 1.0],
                [0.965516, 0.221995, -0.136006, 0.124994, 0.251563, -0.930058, 0.267777, -0.002831, -0.067049, -0.292757, -0.953834, -1.2e-05, 0.0, 0.0, 0.0, 1.0],
                [0.941381, 0.20785, -0.265707, 0.124994, 0.262597, -0.945932, 0.190402, -0.002831, -0.211766, -0.249014, -0.945064, -1.2e-05, 0.0, 0.0, 0.0, 1.0],
                [0.958314, 0.23184, -0.166982, 0.124994, 0.262158, -0.945882, 0.191251, -0.002831, -0.113605, -0.227054, -0.967233, -1.2e-05, 0.0, 0.0, 0.0, 1.0],
                [0.966231, 0.250058, -0.062197, 0.124994, 0.257677, -0.937136, 0.235319, -0.002831, 0.000557, -0.243399, -0.969926, -1.2e-05, 0.0, 0.0, 0.0, 1.0],
                [0.964569, 0.263814, -0.002799, 0.124994, 0.252714, -0.920828, 0.297, -0.002831, 0.075776, -0.287184, -0.954874, -1.2e-05, 0.0, 0.0, 0.0, 1.0],
                [0.962775, 0.269319, 0.023052, 0.124994, 0.245558, -0.907092, 0.34188, -0.002831, 0.112985, -0.323492, -0.939461, -1.2e-05, 0.0, 0.0, 0.0, 1.0],
                [0.966737, 0.254864, 0.0215, 0.124994, 0.229993, -0.903006, 0.362879, -0.002831, 0.1119, -0.345863, -0.931589, -1.2e-05, 0.0, 0.0, 0.0, 1.0],
                [0.975677, 0.218827, 0.012984, 0.124994, 0.198664, -0.907704, 0.369599, -0.002831, 0.092664, -0.358029, -0.929101, -1.2e-05, 0.0, 0.0, 0.0, 1.0],
                [0.983406, 0.178645, 0.031592, 0.124994, 0.15415, -0.914648, 0.373704, -0.002831, 0.095656, -0.362632, -0.92701, -1.2e-05, 0.0, 0.0, 0.0, 1.0],
                [0.984384, 0.154609, 0.084167, 0.124994, 0.112739, -0.920911, 0.373109, -0.002831, 0.135196, -0.357793, -0.923962, -1.2e-05, 0.0, 0.0, 0.0, 1.0],
                [0.97745, 0.145782, 0.152775, 0.124994, 0.082832, -0.930176, 0.357642, -0.002831, 0.194245, -0.336922, -0.921278, -1.2e-05, 0.0, 0.0, 0.0, 1.0],
                [0.967144, 0.139566, 0.212494, 0.124994, 0.064778, -0.943531, 0.324886, -0.002831, 0.245838, -0.300446, -0.921573, -1.2e-05, 0.0, 0.0, 0.0, 1.0],
                [0.961951, 0.134149, 0.238022, 0.124994, 0.058231, -0.951811, 0.301102, -0.002831, 0.266945, -0.275785, -0.923409, -1.2e-05, 0.0, 0.0, 0.0, 1.0],
                [0.961951, 0.134149, 0.238022, 0.124994, 0.058231, -0.951811, 0.301102, -0.002831, 0.266945, -0.275785, -0.923409, -1.2e-05, 0.0, 0.0, 0.0, 1.0],
                [0.961951, 0.134149, 0.238022, 0.124994, 0.058231, -0.95181, 0.301103, -0.002831, 0.266944, -0.275785, -0.923408, -1.2e-05, 0.0, 0.0, 0.0, 1.0],
                [0.961951, 0.134149, 0.238022, 0.124994, 0.058231, -0.951811, 0.301102, -0.002831, 0.266945, -0.275784, -0.923409, -1.2e-05, 0.0, 0.0, 0.0, 1.0],
                [0.961951, 0.134149, 0.238022, 0.124994, 0.058231, -0.951811, 0.301102, -0.002831, 0.266945, -0.275785, -0.923409, -1.2e-05, 0.0, 0.0, 0.0, 1.0],
                [0.961951, 0.134149, 0.238022, 0.124994, 0.058231, -0.95181, 0.301102, -0.002831, 0.266945, -0.275785, -0.923409, -1.2e-05, 0.0, 0.0, 0.0, 1.0],
                [0.961951, 0.134149, 0.238022, 0.124994, 0.058231, -0.951811, 0.301103, -0.002831, 0.266945, -0.275785, -0.923409, -1.2e-05, 0.0, 0.0, 0.0, 1.0],
                [0.961951, 0.134149, 0.238022, 0.124994, 0.058231, -0.951811, 0.301102, -0.002831, 0.266945, -0.275785, -0.923409, -1.2e-05, 0.0, 0.0, 0.0, 1.0],
                [0.961951, 0.134149, 0.238022, 0.124994, 0.058231, -0.951811, 0.301102, -0.002831, 0.266945, -0.275785, -0.923409, -1.2e-05, 0.0, 0.0, 0.0, 1.0],
                [0.961951, 0.134149, 0.238022, 0.124994, 0.058231, -0.951811, 0.301103, -0.002831, 0.266945, -0.275785, -0.923409, -1.2e-05, 0.0, 0.0, 0.0, 1.0],
                [0.961951, 0.134149, 0.238022, 0.124994, 0.058231, -0.951811, 0.301102, -0.002831, 0.266945, -0.275785, -0.923409, -1.2e-05, 0.0, 0.0, 0.0, 1.0]
            ]
        },
        {
            "name": "Leg_R",
            "time": [0.0, 0.0167, 0.0333, 0.05, 0.0667, 0.0833, 0.1, 0.1167, 0.1333, 0.15, 0.1667, 0.1833, 0.2, 0.2167, 0.2333, 0.25, 0.2667, 0.2833, 0.3, 0.3167, 0.3333, 0.35, 0.3667, 0.3833, 0.4, 0.4167, 0.4333, 0.45, 0.4667, 0.4833, 0.5, 0.5167, 0.5333, 0.55, 0.5667, 0.5833, 0.6, 0.6167, 0.6333, 0.65, 0.6667],
            "transform": [
                [1.0, -0.0, 1e-06, -0.0, -0.0, 0.952962, 0.303102, 0.374726, -1e-06, -0.303104, 0.952954, 0.0, 0.0, 0.0, 0.0, 1.0],
                [1.0, -0.0, 1e-06, -0.0, -0.0, 0.948235, 0.317583, 0.374726, -1e-06, -0.317584, 0.948226, 0.0, 0.0, 0.0, 0.0, 1.0],
                [1.0, -0.0, 1e-06, 0.0, -0.0, 0.939539, 0.342452, 0.374726, -1e-06, -0.342454, 0.93953, -0.0, 0.0, 0.0, 0.0, 1.0],
                [1.0, -0.0, 1e-06, -0.0, -0.0, 0.936065, 0.351838, 0.374726, -1e-06, -0.351841, 0.936056, -0.0, 0.0, 0.0, 0.0, 1.0],
                [1.0, -0.0, 1e-06, 0.0, -0.0, 0.944463, 0.328629, 0.374726, -1e-06, -0.328631, 0.944455, 0.0, 0.0, 0.0, 0.0, 1.0],
                [1.0, -0.0, 1e-06, 0.0, -0.0, 0.965972, 0.258661, 0.374726, -1e-06, -0.258663, 0.965963, 0.0, 0.0, 0.0, 0.0, 1.0],
                [1.000001, -0.0, 1e-06, -0.0, -0.0, 0.999995, 0.004681, 0.374726, -1e-06, -0.004681, 0.999985, 0.0, 0.0, 0.0, 0.0, 1.0],
                [1.0, -0.0, 1e-06, 0.0, -0.0, 0.999993, 0.004693, 0.374726, -1e-06, -0.004693, 0.999984, -0.0, 0.0, 0.0, 0.0, 1.0],
                [1.0, 0.0, 1e-06, -0.0, 0.0, 0.999994, 0.004699, 0.374726, -1e-06, -0.0047, 0.999984, -0.0, 0.0, 0.0, 0.0, 1.0],
                [1.0, 0.0, 1e-06, -0.0, -0.0, 0.999994, 0.004694, 0.374726, -1e-06, -0.004694, 0.999984, 0.0, 0.0, 0.0, 0.0, 1.0],
                [1.0, -0.0, 1e-06, 0.0, -0.0, 0.987034, 0.16054, 0.374726, -1e-06, -0.160542, 0.987024, -0.0, 0.0, 0.0, 0.0, 1.0],
                [1.0, -0.0, 1e-06, 0.0, -0.0, 0.833522, 0.552491, 0.374726, -1e-06, -0.552494, 0.833514, -0.0, 0.0, 0.0, 0.0, 1.0],
                [1.0, -0.0, 1e-06, -0.0, -0.0, 0.850102, 0.526622, 0.374726, -1e-06, -0.526625, 0.850094, 0.0, 0.0, 0.0, 0.0, 1.0],
                [1.0, -0.0, 1e-06, -0.0, -0.0, 0.957025, 0.290015, 0.374726, -1e-06, -0.290017, 0.957018, 0.0, 0.0, 0.0, 0.0, 1.0],
                [1.000001, -0.0, 1e-06, 0.0, -0.0, 0.910223, 0.414127, 0.374726, -1e-06, -0.41413, 0.910213, -0.0, 0.0, 0.0, 0.0, 1.0],
                [1.0, -0.0, 1e-06, -0.0, -0.0, 0.881022, 0.473083, 0.374726, -1e-06, -0.473086, 0.881011, -0.0, 0.0, 0.0, 0.0, 1.0],
                [1.0, -0.0, 1e-06, -0.0, -0.0, 0.879631, 0.475662, 0.374726, -1e-06, -0.475665, 0.879624, -0.0, 0.0, 0.0, 0.0, 1.0],
                [1.0, -0.0, 1e-06, -0.0, -0.0, 0.896283, 0.443489, 0.374726, -1e-06, -0.443491, 0.896275, 0.0, 0.0, 0.0, 0.0, 1.0],
                [1.0, -0.0, 1e-06, -0.0, -0.0, 0.920454, 0.390861, 0.374726, -1e-06, -0.390864, 0.920444, -0.0, 0.0, 0.0, 0.0, 1.0],
                [1.0, -0.0, 1e-06, -0.0, -0.0, 0.944216, 0.329335, 0.374726, -1e-06, -0.329337, 0.944208, -0.0, 0.0, 0.0, 0.0, 1.0],
                [1.0, -0.0, 1e-06, -0.0, -0.0, 0.96243, 0.271543, 0.374726, -1e-06, -0.271545, 0.962421, -0.0, 0.0, 0.0, 0.0, 1.0],
                [1.0, -0.0, 1e-06, 0.0, -0.0, 0.955685, 0.294402, 0.374726, -1e-06, -0.294403, 0.955677, 0.0, 0.0, 0.0, 0.0, 1.0],
                [1.0, -0.0, 1e-06, 0.0, -0.0, 0.9166, 0.399812, 0.374726, -1e-06, -0.399814, 0.916592, 0.0, 0.0, 0.0, 0.0, 1.0],
                [1.0, -0.0, 1e-06, 0.0, -0.0, 0.860891, 0.508796, 0.374726, -1e-06, -0.508799, 0.860882, -0.0, 0.0, 0.0, 0.0, 1.0],
                [1.000001, -0.0, 1e-06, -0.0, -0.0, 0.805288, 0.592887, 0.374726, -1e-06, -0.592889, 0.805282, 0.0, 0.0, 0.0, 0.0, 1.0],
                [1.0, -1e-06, 1e-06, 0.0, -0.0, 0.7677, 0.640811, 0.374726, -1e-06, -0.640814, 0.767695, -0.0, 0.0, 0.0, 0.0, 1.0],
                [1.000001, -0.0, 1e-06, -0.0, -0.0, 0.76664, 0.64208, 0.374726, -1e-06, -0.642083, 0.766634, 0.0, 0.0, 0.0, 0.0, 1.0],
                [1.0, -0.0, 1e-06, -0.0, -0.0, 0.803271, 0.595617, 0.374726, -1e-06, -0.595619, 0.803264, 0.0, 0.0, 0.0, 0.0, 1.0],
                [1.0, -0.0, 1e-06, 0.0, -0.0, 0.863409, 0.504511, 0.374726, -1e-06, -0.504515, 0.8634, -0.0, 0.0, 0.0, 0.0, 1.0],
                [1.000001, -0.0, 1e-06, 0.0, -0.0, 0.922382, 0.38629, 0.374726, -1e-06, -0.386292, 0.922373, -0.0, 0.0, 0.0, 0.0, 1.0],
                [1.0, -0.0, 1e-06, 0.0, -0.0, 0.948838, 0.315774, 0.374726, -1e-06, -0.315776, 0.948829, -0.0, 0.0, 0.0, 0.0, 1.0],
                [1.000001, -0.0, 1e-06, 0.0, -0.0, 0.948839, 0.315774, 0.374726, -1e-06, -0.315776, 0.94883, -0.0, 0.0, 0.0, 0.0, 1.0],
                [1.0, -0.0, 1e-06, 0.0, -0.0, 0.948838, 0.315776, 0.374726, -1e-06, -0.315778, 0.948829, 0.0, 0.0, 0.0, 0.0, 1.0],
                [1.0, -0.0, 1e-06, 0.0, -0.0, 0.948839, 0.315774, 0.374726, -1e-06, -0.315776, 0.948829, 0.0, 0.0, 0.0, 0.0, 1.0],
                [1.0, -0.0, 1e-06, 0.0, -0.0, 0.948839, 0.315774, 0.374726, -1e-06, -0.315776, 0.948829, -0.0, 0.0, 0.0, 0.0, 1.0],
                [1.0, -0.0, 1e-06, 0.0, -0.0, 0.948839, 0.315775, 0.374726, -1e-06, -0.315777, 0.94883, 0.0, 0.0, 0.0, 0.0, 1.0],
                [1.0, -0.0, 1e-06, -0.0, -0.0, 0.948838, 0.315775, 0.374726, -1e-06, -0.315777, 0.948829, -0.0, 0.0, 0.0, 0.0, 1.0],
                [1.0, -0.0, 1e-06, 0.0, -0.0, 0.948838, 0.315774, 0.374726, -1e-06, -0.315776, 0.948829, 0.0, 0.0, 0.0, 0.0, 1.0],
                [1.0, -0.0, 1e-06, 0.0, -0.0, 0.948839, 0.315775, 0.374726, -1e-06, -0.315777, 0.94883, -0.0, 0.0, 0.0, 0.0, 1.0],
                [1.0, -0.0, 1e-06, -0.0, -0.0, 0.948838, 0.315775, 0.374726, -1e-06, -0.315777, 0.948829, -0.0, 0.0, 0.0, 0.0, 1.0],
                [1.0, -0.0, 1e-06, 0.0, -0.0, 0.948838, 0.315774, 0.374726, -1e-06, -0.315776, 0.948829, 0.0, 0.0, 0.0, 0.0, 1.0]
            ]
        },
        {
            "name": "Knee_R",
            "time": [0.0, 0.6667],
            "transform": [
                [1.0, 0.0, -0.0, 0.0, -0.0, 0.00567, -0.999984, 0.374726, -0.0, 0.999984, 0.00567, 0.0, 0.0, 0.0, 0.0, 1.0],
                [1.0, 0.0, -0.0, 0.0, -0.0, 0.00567, -0.999984, 0.374726, -0.0, 0.999984, 0.00567, 0.0, 0.0, 0.0, 0.0, 1.0]
            ]
        },
        {
            "name": "Thigh_L",
            "time": [0.0, 0.0167, 0.0333, 0.05, 0.0667, 0.0833, 0.1, 0.1167, 0.1333, 0.15, 0.1667, 0.1833, 0.2, 0.2167, 0.2333, 0.25, 0.2667, 0.2833, 0.3, 0.3167, 0.3333, 0.35, 0.3667, 0.3833, 0.4, 0.4167, 0.4333, 0.45, 0.4667, 0.4833, 0.5, 0.5167, 0.5333, 0.55, 0.5667, 0.5833, 0.6, 0.6167, 0.6333, 0.65, 0.6667],
            "transform": [
                [0.997962, -0.03285, 0.054699, -0.125006, -0.04116, -0.986502, 0.15849, -0.002831, 0.048754, -0.160418, -0.985844, -1.2e-05, 0.0, 0.0, 0.0, 1.0],
                [0.997786, -0.03068, 0.059001, -0.125006, -0.03948, -0.987232, 0.154314, -0.002831, 0.053513, -0.156302, -0.986259, -1.2e-05, 0.0, 0.0, 0.0, 1.0],
                [0.997154, -0.026855, 0.070449, -0.125006, -0.036648, -0.989241, 0.141628, -0.002831, 0.065888, -0.143807, -0.98741, -1.2e-05, 0.0, 0.0, 0.0, 1.0],
                [0.995916, -0.027304, 0.086058, -0.125006, -0.037536, -0.99211, 0.119619, -0.002831, 0.082113, -0.122361, -0.989083, -1.2e-05, 0.0, 0.0, 0.0, 1.0],
                [0.993833, -0.038122, 0.104126, -0.125006, -0.04744, -0.994943, 0.08853, -0.002831, 0.100225, -0.092924, -0.990616, -1.2e-05, 0.0, 0.0, 0.0, 1.0],
                [0.989974, -0.062737, 0.12655, -0.125006, -0.069498, -0.996341, 0.049732, -0.002831, 0.122967, -0.058029, -0.990712, -1.2e-05, 0.0, 0.0, 0.0, 1.0],
                [0.982116, -0.09962, 0.15976, -0.125006, -0.101588, -0.994817, 0.00418, -0.002831, 0.158516, -0.020335, -0.987147, -1.2e-05, 0.0, 0.0, 0.0, 1.0],
                [0.969192, -0.142676, 0.200774, -0.125006, -0.136035, -0.989609, -0.046566, -0.002831, 0.205332, 0.017819, -0.97853, -1.2e-05, 0.0, 0.0, 0.0, 1.0],
                [0.953572, -0.185217, 0.237478, -0.125006, -0.165128, -0.980979, -0.102045, -0.002831, 0.251861, 0.058093, -0.966019, -1.2e-05, 0.0, 0.0, 0.0, 1.0],
                [0.940978, -0.198184, 0.274376, -0.125006, -0.182098, -0.979755, -0.083177, -0.002831, 0.285306, 0.028304, -0.958018, -1.2e-05, 0.0, 0.0, 0.0, 1.0],
                [0.93929, -0.168895, 0.298677, -0.125006, -0.180542, -0.983498, 0.01163, -0.002831, 0.291784, -0.064848, -0.954283, -1.2e-05, 0.0, 0.0, 0.0, 1.0],
                [0.935533, -0.116678, 0.333412, -0.125006, -0.157993, -0.982411, 0.099522, -0.002831, 0.315936, -0.145783, -0.937513, -1.2e-05, 0.0, 0.0, 0.0, 1.0],
                [0.935694, -0.057864, 0.348033, -0.125006, -0.128974, -0.974282, 0.184766, -0.002831, 0.328391, -0.217772, -0.919094, -1.2e-05, 0.0, 0.0, 0.0, 1.0],
                [0.991569, -0.044761, 0.121597, -0.125006, -0.078478, -0.954197, 0.288702, -0.002831, 0.103105, -0.295811, -0.949665, -1.2e-05, 0.0, 0.0, 0.0, 1.0],
                [0.97195, -0.063271, -0.226515, -0.125006, 0.013319, -0.946778, 0.321607, -0.002831, -0.234808, -0.315603, -0.91938, -1.2e-05, 0.0, 0.0, 0.0, 1.0],
                [0.59267, -0.172891, -0.786671, -0.125006, 0.047702, -0.967441, 0.248558, -0.002831, -0.804031, -0.184839, -0.565126, -1.2e-05, 0.0, 0.0, 0.0, 1.0],
                [0.730288, -0.145582, -0.667447, -0.125006, 0.00778, -0.975192, 0.22122, -0.00283, -0.683095, -0.166748, -0.711039, -1.2e-05, 0.0, 0.0, 0.0, 1.0],
                [0.90807, -0.118539, -0.401694, -0.125006, -0.040378, -0.979421, 0.197746, -0.002831, -0.416868, -0.163348, -0.89417, -1.2e-05, 0.0, 0.0, 0.0, 1.0],
                [0.986982, -0.109121, -0.118154, -0.125006, -0.089261, -0.982747, 0.161989, -0.002831, -0.133792, -0.149334, -0.979694, -1.2e-05, 0.0, 0.0, 0.0, 1.0],
                [0.986402, -0.118445, 0.11394, -0.125006, -0.132287, -0.983579, 0.122767, -0.002831, 0.097528, -0.136171, -0.985873, -1.2e-05, 0.0, 0.0, 0.0, 1.0],
                [0.956188, -0.135291, 0.259616, -0.125006, -0.167066, -0.980401, 0.104414, -0.002831, 0.240401, -0.143213, -0.96005, -1.2e-05, 0.0, 0.0, 0.0, 1.0],
                [0.929685, -0.134812, 0.342798, -0.125006, -0.191827, -0.971661, 0.13812, -0.002831, 0.314464, -0.194166, -0.929199, -1.2e-05, 0.0, 0.0, 0.0, 1.0],
                [0.91427, -0.109012, 0.390162, -0.125006, -0.204847, -0.955313, 0.213106, -0.002831, 0.349496, -0.27476, -0.895745, -1.2e-05, 0.0, 0.0, 0.0, 1.0],
                [0.925942, -0.081857, 0.368687, -0.125006, -0.20323, -0.930826, 0.30374, -0.002831, 0.31832, -0.356174, -0.878528, -1.2e-05, 0.0, 0.0, 0.0, 1.0],
                [0.965496, -0.087657, 0.245219, -0.125006, -0.181104, -0.902662, 0.390388, -0.002831, 0.187129, -0.421328, -0.887392, -1.2e-05, 0.0, 0.0, 0.0, 1.0],
                [0.989149, -0.132981, 0.062447, -0.125006, -0.146863, -0.883837, 0.444142, -0.002831, -0.003869, -0.448494, -0.893777, -1.2e-05, 0.0, 0.0, 0.0, 1.0],
                [0.982342, -0.17804, -0.057501, -0.125006, -0.134419, -0.885381, 0.445009, -0.002831, -0.13014, -0.429421, -0.893678, -1.2e-05, 0.0, 0.0, 0.0, 1.0],
                [0.973541, -0.207324, -0.096096, -0.125006, -0.151124, -0.899578, 0.409782, -0.002831, -0.171404, -0.384417, -0.907107, -1.2e-05, 0.0, 0.0, 0.0, 1.0],
                [0.969537, -0.22666, -0.092857, -0.125006, -0.180942, -0.918266, 0.3522, -0.002831, -0.165097, -0.32467, -0.931307, -1.2e-05, 0.0, 0.0, 0.0, 1.0],
                [0.967393, -0.238868, -0.084223, -0.125006, -0.207298, -0.937769, 0.278596, -0.002831, -0.145529, -0.252053, -0.956708, -1.2e-05, 0.0, 0.0, 0.0, 1.0],
                [0.966458, -0.24228, -0.085191, -0.125006, -0.218155, -0.949509, 0.225478, -0.002831, -0.135519, -0.199331, -0.970516, -1.2e-05, 0.0, 0.0, 0.0, 1.0],
                [0.966458, -0.24228, -0.085191, -0.125006, -0.218155, -0.949509, 0.22548, -0.002831, -0.135519, -0.199332, -0.970516, -1.2e-05, 0.0, 0.0, 0.0, 1.0],
                [0.966458, -0.24228, -0.085191, -0.125006, -0.218155, -0.949509, 0.22548, -0.002831, -0.135519, -0.199332, -0.970516, -1.2e-05, 0.0, 0.0, 0.0, 1.0],
                [0.966458, -0.24228, -0.085191, -0.125006, -0.218155, -0.949509, 0.22548, -0.002831, -0.135519, -0.199332, -0.970516, -1.2e-05, 0.0, 0.0, 0.0, 1.0],
                [0.966458, -0.24228, -0.085191, -0.125006, -0.218155, -0.949509, 0.22548, -0.002831, -0.135519, -0.199332, -0.970516, -1.2e-05, 0.0, 0.0, 0.0, 1.0],
                [0.966458, -0.24228, -0.085191, -0.125006, -0.218155, -0.949509, 0.22548, -0.002831, -0.135519, -0.199332, -0.970516, -1.2e-05, 0.0, 0.0, 0.0, 1.0],
                [0.966458, -0.24228, -0.085191, -0.125006, -0.218155, -0.949509, 0.22548, -0.002831, -0.135519, -0.199332, -0.970516, -1.2e-05, 0.0, 0.0, 0.0, 1.0],
                [0.966458, -0.24228, -0.085191, -0.125006, -0.218155, -0.949509, 0.22548, -0.002831, -0.135519, -0.199332, -0.970516, -1.2e-05, 0.0, 0.0, 0.0, 1.0],
                [0.966458, -0.24228, -0.085191, -0.125006, -0.218155, -0.949509, 0.22548, -0.002831, -0.135519, -0.199332, -0.970516, -1.2e-05, 0.0, 0.0, 0.0, 1.0],
                [0.966458, -0.24228, -0.085191, -0.125006, -0.218155, -0.949509, 0.22548, -0.002831, -0.135519, -0.199332, -0.970516, -1.2e-05, 0.0, 0.0, 0.0, 1.0],
                [0.966458, -0.24228, -0.085191, -0.125006, -0.218155, -0.949509, 0.22548, -0.002831, -0.135519, -0.199332, -0.970516, -1.2e-05, 0.0, 0.0, 0.0, 1.0]
            ]
        },
        {
            "name": "Leg_L",
            "time": [0.0, 0.0167, 0.0333, 0.05, 0.0667, 0.0833, 0.1, 0.1167, 0.1333, 0.15, 0.1667, 0.1833, 0.2, 0.2167, 0.2333, 0.25, 0.2667, 0.2833, 0.3, 0.3167, 0.3333, 0.35, 0.3667, 0.3833, 0.4, 0.4167, 0.4333, 0.45, 0.4667, 0.4833, 0.5, 0.5167, 0.5333, 0.55, 0.5667, 0.5833, 0.6, 0.6167, 0.6333, 0.65, 0.6667],
            "transform": [
                [1.0, -0.0, 1e-06, 0.0, -0.0, 0.948449, 0.316932, 0.374726, -1e-06, -0.316932, 0.948447, -0.0, 0.0, 0.0, 0.0, 1.0],
                [1.0, -0.0, 1e-06, 0.0, -0.0, 0.94762, 0.319402, 0.374726, -1e-06, -0.319403, 0.947619, -0.0, 0.0, 0.0, 0.0, 1.0],
                [1.0, -0.0, 1e-06, -0.0, -0.0, 0.946169, 0.323674, 0.374726, -1e-06, -0.323674, 0.946168, 0.0, 0.0, 0.0, 0.0, 1.0],
                [1.0, -0.0, 1e-06, -0.0, -0.0, 0.946185, 0.323627, 0.374726, -1e-06, -0.323627, 0.946184, 0.0, 0.0, 0.0, 0.0, 1.0],
                [1.0, -0.0, 1e-06, 0.0, -0.0, 0.949635, 0.31336, 0.374726, -1e-06, -0.313361, 0.949633, 0.0, 0.0, 0.0, 0.0, 1.0],
                [1.0, -0.0, 1e-06, 0.0, -0.0, 0.958002, 0.28676, 0.374726, -1e-06, -0.286759, 0.958003, -0.0, 0.0, 0.0, 0.0, 1.0],
                [1.000001, -0.0, 1e-06, 0.0, -0.0, 0.971558, 0.236804, 0.374726, -1e-06, -0.236804, 0.971557, 0.0, 0.0, 0.0, 0.0, 1.0],
                [1.000001, -0.0, 1e-06, 0.0, 0.0, 0.987372, 0.158425, 0.374726, -1e-06, -0.158426, 0.98737, 0.0, 0.0, 0.0, 0.0, 1.0],
                [1.000001, 0.0, 1e-06, 0.0, 0.0, 0.998956, 0.045714, 0.374726, -1e-06, -0.045714, 0.998954, 0.0, 0.0, 0.0, 0.0, 1.0],
                [1.0, -0.0, 1e-06, 0.0, 0.0, 0.998394, 0.056652, 0.374726, -1e-06, -0.056652, 0.998394, -0.0, 0.0, 0.0, 0.0, 1.0],
                [1.0, -0.0, 1e-06, -0.0, 0.0, 0.980771, 0.195164, 0.374726, -1e-06, -0.195164, 0.98077, -0.0, 0.0, 0.0, 0.0, 1.0],
                [1.000001, -0.0, 1e-06, -0.0, -0.0, 0.948489, 0.316812, 0.374726, -1e-06, -0.316812, 0.948488, -0.0, 0.0, 0.0, 0.0, 1.0],
                [1.0, -0.0, 1e-06, -0.0, -0.0, 0.911729, 0.410794, 0.374726, -1e-06, -0.410794, 0.911727, 0.0, 0.0, 0.0, 0.0, 1.0],
                [1.000001, -0.0, 1e-06, -0.0, -0.0, 0.879492, 0.475913, 0.374726, -1e-06, -0.475913, 0.879493, 0.0, 0.0, 0.0, 0.0, 1.0],
                [1.000001, -0.0, 1e-06, -0.0, -0.0, 0.863059, 0.505104, 0.374726, -1e-06, -0.505105, 0.863057, 0.0, 0.0, 0.0, 0.0, 1.0],
                [1.000001, -0.0, 1e-06, 0.0, -0.0, 0.860477, 0.509492, 0.374726, -1e-06, -0.509493, 0.860474, -0.0, 0.0, 0.0, 0.0, 1.0],
                [1.0, -0.0, 1e-06, -0.0, -0.0, 0.864683, 0.502318, 0.374726, -1e-06, -0.502318, 0.864683, 0.0, 0.0, 0.0, 0.0, 1.0],
                [1.000001, -0.0, 1e-06, 0.0, -0.0, 0.875283, 0.483612, 0.374726, -1e-06, -0.483612, 0.875282, -0.0, 0.0, 0.0, 0.0, 1.0],
                [1.0, -0.0, 1e-06, 0.0, -0.0, 0.892362, 0.451322, 0.374726, -1e-06, -0.451323, 0.892359, 0.0, 0.0, 0.0, 0.0, 1.0],
                [1.0, -0.0, 1e-06, -0.0, -0.0, 0.910728, 0.413006, 0.374726, -1e-06, -0.413007, 0.910727, -0.0, 0.0, 0.0, 0.0, 1.0],
                [1.0, -0.0, 1e-06, -0.0, -0.0, 0.92064, 0.390412, 0.374726, -1e-06, -0.390412, 0.920639, -0.0, 0.0, 0.0, 0.0, 1.0],
                [1.0, -0.0, 1e-06, 0.0, -0.0, 0.904859, 0.425714, 0.374726, -1e-06, -0.425714, 0.904858, -0.0, 0.0, 0.0, 0.0, 1.0],
                [1.0, -0.0, 1e-06, 0.0, -0.0, 0.864138, 0.503255, 0.374726, -1e-06, -0.503255, 0.864138, 0.0, 0.0, 0.0, 0.0, 1.0],
                [1.0, -0.0, 1e-06, -0.0, -0.0, 0.815762, 0.578389, 0.374726, -1e-06, -0.578389, 0.81576, -0.0, 0.0, 0.0, 0.0, 1.0],
                [1.000001, -0.0, 1e-06, -0.0, -0.0, 0.775402, 0.631468, 0.374726, -1e-06, -0.631468, 0.775402, -0.0, 0.0, 0.0, 0.0, 1.0],
                [1.0, -0.0, 1e-06, 0.0, -0.0, 0.755897, 0.65469, 0.374726, -1e-06, -0.65469, 0.755897, -0.0, 0.0, 0.0, 0.0, 1.0],
                [1.0, -0.0, 1e-06, -0.0, -0.0, 0.773212, 0.634147, 0.374726, -1e-06, -0.634147, 0.773212, 0.0, 0.0, 0.0, 0.0, 1.0],
                [1.0, -0.0, 1e-06, 0.0, -0.0, 0.825274, 0.564732, 0.374726, -1e-06, -0.564732, 0.825275, 0.0, 0.0, 0.0, 0.0, 1.0],
                [1.0, -0.0, 1e-06, -0.0, -0.0, 0.894489, 0.447093, 0.374726, -1e-06, -0.447094, 0.894486, -0.0, 0.0, 0.0, 0.0, 1.0],
                [1.0, -0.0, 1e-06, -0.0, -0.0, 0.957193, 0.289454, 0.374726, -1e-06, -0.289454, 0.957192, 0.0, 0.0, 0.0, 0.0, 1.0],
                [1.0, -0.0, 1e-06, 0.0, -0.0, 0.984564, 0.175023, 0.374726, -1e-06, -0.175023, 0.984564, 0.0, 0.0, 0.0, 0.0, 1.0],
                [1.0, -0.0, 1e-06, -0.0, -0.0, 0.984564, 0.175025, 0.374726, -1e-06, -0.175025, 0.984564, 0.0, 0.0, 0.0, 0.0, 1.0],
                [1.000001, -0.0, 1e-06, -0.0, -0.0, 0.984564, 0.175025, 0.374726, -1e-06, -0.175025, 0.984564, 0.0, 0.0, 0.0, 0.0, 1.0],
                [1.0, -0.0, 1e-06, -0.0, -0.0, 0.984564, 0.175025, 0.374726, -1e-06, -0.175025, 0.984564, 0.0, 0.0, 0.0, 0.0, 1.0],
                [1.0, -0.0, 1e-06, -0.0, -0.0, 0.984564, 0.175025, 0.374726, -1e-06, -0.175025, 0.984564, 0.0, 0.0, 0.0, 0.0, 1.0],
                [1.0, -0.0, 1e-06, -0.0, -0.0, 0.984564, 0.175025, 0.374726, -1e-06, -0.175025, 0.984564, 0.0, 0.0, 0.0, 0.0, 1.0],
                [1.0, -0.0, 1e-06, -0.0, -0.0, 0.984564, 0.175025, 0.374726, -1e-06, -0.175025, 0.984564, 0.0, 0.0, 0.0, 0.0, 1.0],
                [1.0, -0.0, 1e-06, -0.0, -0.0, 0.984564, 0.175025, 0.374726, -1e-06, -0.175025, 0.984564, 0.0, 0.0, 0.0, 0.0, 1.0],
                [1.0, -0.0, 1e-06, -0.0, -0.0, 0.984564, 0.175025, 0.374726, -1e-06, -0.175025, 0.984564, 0.0, 0.0, 0.0, 0.0, 1.0],
                [1.0, -0.0, 1e-06, -0.0, -0.0, 0.984564, 0.175025, 0.374726, -1e-06, -0.175025, 0.984564, 0.0, 0.0, 0.0, 0.0, 1.0],
                [1.0, -0.0, 1e-06, -0.0, -0.0, 0.984564, 0.175025, 0.374726, -1e-06, -0.175025, 0.984564, 0.0, 0.0, 0.0, 0.0, 1.0]
            ]
        },
        {
            "name": "Knee_L",
            "time": [0.0, 0.6667],
            "transform": [
                [1.0, 0.0, -0.0, -0.0, -0.0, 0.00567, -0.999984, 0.374726, -0.0, 0.999984, 0.00567, -0.0, 0.0, 0.0, 0.0, 1.0],
                [1.0, 0.0, -0.0, 0.0, -0.0, 0.00567, -0.999984, 0.374726, -0.0, 0.999984, 0.00567, -0.0, 0.0, 0.0, 0.0, 1.0]
            ]
        },
        {
            "name": "Torso",
            "time": [0.0, 0.0167, 0.0333, 0.05, 0.0667, 0.0833, 0.1, 0.1167, 0.1333, 0.15, 0.1667, 0.1833, 0.2, 0.2167, 0.2333, 0.25, 0.2667, 0.2833, 0.3, 0.3167, 0.3333, 0.35, 0.3667, 0.3833, 0.4, 0.4167, 0.4333, 0.45, 0.4667, 0.4833, 0.5, 0.5167, 0.5333, 0.55, 0.5667, 0.5833, 0.6, 0.6167, 0.6333, 0.65, 0.6667],
            "transform": [
                [1.0, 0.0, 0.0, 0.0, 0.0, 1.0, 0.0, 0.05, 0.0, 0.0, 1.0, 0.0, 0.0, 0.0, 0.0, 1.0],
                [1.0, -6.2e-05, 9e-06, 0.0, 6.2e-05, 0.999996, 0.00269, 0.05, -1e-05, -0.00269, 0.999996, 0.0, 0.0, 0.0, 0.0, 1.0],
                [1.0, -0.000386, 3e-05, 0.0, 0.000386, 0.999949, 0.010156, 0.05, -3.4e-05, -0.010156, 0.999949, -0.0, 0.0, 0.0, 0.0, 1.0],
                [0.999999, -0.001181, 4.7e-05, 0.0, 0.00118, 0.999769, 0.021488, 0.05, -7.2e-05, -0.021488, 0.999769, -0.0, 0.0, 0.0, 0.0, 1.0],
                [0.999997, -0.002654, 3.5e-05, -0.0, 0.002651, 0.999356, 0.035775, 0.05, -0.00013, -0.035775, 0.99936, 0.0, 0.0, 0.0, 0.0, 1.0],
                [0.999987, -0.005012, -3.9e-05, -0.0, 0.005007, 0.998629, 0.052105, 0.05, -0.000222, -0.052105, 0.998642, -0.0, 0.0, 0.0, 0.0, 1.0],
                [0.999965, -0.008386, -0.00021, -0.0, 0.00838, 0.997533, 0.069705, 0.05, -0.000375, -0.069705, 0.997568, -0.0, 0.0, 0.0, 0.0, 1.0],
                [0.99992, -0.012606, -0.000499, -0.0, 0.012601, 0.996007, 0.088376, 0.05, -0.000617, -0.088376, 0.996087, 0.0, 0.0, 0.0, 0.0, 1.0],
                [0.999848, -0.017429, -0.000912, 0.0, 0.017425, 0.993992, 0.10806, 0.05, -0.000977, -0.108059, 0.994144, -0.0, 0.0, 0.0, 0.0, 1.0],
                [0.999744, -0.022609, -0.001452, 0.0, 0.022608, 0.991426, 0.128696, 0.05, -0.001471, -0.128696, 0.991683, -0.0, 0.0, 0.0, 0.0, 1.0],
                [0.999608, -0.027905, -0.002108, -0.0, 0.027905, 0.988258, 0.150225, 0.05, -0.002108, -0.150225, 0.98865, -0.0, 0.0, 0.0, 0.0, 1.0],
                [0.999448, -0.033103, -0.002762, -0.0, 0.033084, 0.984499, 0.172242, 0.05, -0.002982, -0.172238, 0.985051, 0.0, 0.0, 0.0, 0.0, 1.0],
                [0.999269, -0.038076, -0.003335, -0.0, 0.038003, 0.980468, 0.192972, 0.05, -0.004078, -0.192957, 0.981199, -0.0, 0.0, 0.0, 0.0, 1.0],
                [0.99908, -0.042708, -0.003852, -0.0, 0.042563, 0.976706, 0.21032, 0.05, -0.00522, -0.210291, 0.977625, 0.0, 0.0, 0.0, 0.0, 1.0],
                [0.998891, -0.046886, -0.004321, -0.0, 0.046673, 0.973877, 0.222226, 0.05, -0.006211, -0.222181, 0.974985, -0.0, 0.0, 0.0, 0.0, 1.0],
                [0.998713, -0.050494, -0.004733, 0.0, 0.050252, 0.972681, 0.226641, 0.05, -0.006841, -0.226587, 0.973967, 0.0, 0.0, 0.0, 0.0, 1.0],
                [0.998558, -0.053422, -0.005266, 0.0, 0.053226, 0.972574, 0.226424, 0.05, -0.006975, -0.226378, 0.974015, -0.0, 0.0, 0.0, 0.0, 1.0],
                [0.998432, -0.055649, -0.005999, -0.0, 0.055568, 0.972676, 0.22542, 0.05, -0.00671, -0.2254, 0.974243, -0.0, 0.0, 0.0, 0.0, 1.0],
                [0.99834, -0.057206, -0.006765, 0.0, 0.057272, 0.973125, 0.223042, 0.05, -0.006176, -0.223059, 0.974785, 0.0, 0.0, 0.0, 0.0, 1.0],
                [0.998282, -0.058121, -0.007398, -0.0, 0.058331, 0.974047, 0.218702, 0.05, -0.005505, -0.218758, 0.975764, -0.0, 0.0, 0.0, 0.0, 1.0],
                [0.998262, -0.058423, -0.007734, 0.0, 0.058735, 0.975545, 0.211808, 0.05, -0.004829, -0.211894, 0.977281, 0.0, 0.0, 0.0, 0.0, 1.0],
                [0.99832, -0.057437, -0.007648, 0.0, 0.057797, 0.977688, 0.201957, 0.05, -0.004122, -0.20206, 0.979364, 0.0, 0.0, 0.0, 0.0, 1.0],
                [0.998476, -0.054711, -0.007207, -0.0, 0.055085, 0.980322, 0.189566, 0.05, -0.003306, -0.189674, 0.981841, 0.0, 0.0, 0.0, 0.0, 1.0],
                [0.998697, -0.050611, -0.006537, 0.0, 0.050973, 0.983201, 0.175266, 0.05, -0.002443, -0.175371, 0.984499, 0.0, 0.0, 0.0, 0.0, 1.0],
                [0.998948, -0.045501, -0.005758, 0.0, 0.045837, 0.986101, 0.159698, 0.05, -0.001588, -0.159794, 0.987149, -0.0, 0.0, 0.0, 0.0, 1.0],
                [0.999197, -0.039753, -0.004978, 0.0, 0.040056, 0.988838, 0.143511, 0.05, -0.000783, -0.143596, 0.989636, -0.0, 0.0, 0.0, 0.0, 1.0],
                [0.999421, -0.033743, -0.00428, -0.0, 0.034013, 0.991273, 0.127365, 0.05, -5.5e-05, -0.127437, 0.991847, -0.0, 0.0, 0.0, 0.0, 1.0],
                [0.999605, -0.02785, -0.003703, 0.0, 0.028089, 0.99332, 0.111924, 0.05, 0.000561, -0.111984, 0.99371, 0.0, 0.0, 0.0, 0.0, 1.0],
                [0.999743, -0.022456, -0.003263, 0.0, 0.022667, 0.994942, 0.097857, 0.05, 0.001049, -0.097906, 0.995195, 0.0, 0.0, 0.0, 0.0, 1.0],
                [0.999835, -0.017942, -0.002957, 0.0, 0.01813, 0.996145, 0.085833, 0.05, 0.001406, -0.085873, 0.996305, 0.0, 0.0, 0.0, 0.0, 1.0],
                [0.999888, -0.01469, -0.002774, 0.0, 0.01486, 0.996957, 0.07652, 0.05, 0.001641, -0.076553, 0.997064, 0.0, 0.0, 0.0, 0.0, 1.0],
                [0.999919, -0.012437, -0.002668, 0.0, 0.012592, 0.997501, 0.06953, 0.05, 0.001796, -0.069558, 0.997576, 0.0, 0.0, 0.0, 0.0, 1.0],
                [0.99994, -0.010631, -0.002597, 0.0, 0.010775, 0.997896, 0.06393, 0.05, 0.001912, -0.063954, 0.997951, 0.0, 0.0, 0.0, 0.0, 1.0],
                [0.999954, -0.009225, -0.002552, 0.0, 0.00936, 0.998181, 0.059567, 0.05, 0.001998, -0.059588, 0.998221, 0.0, 0.0, 0.0, 0.0, 1.0],
                [0.999963, -0.008167, -0.002526, 0.0, 0.008297, 0.99838, 0.056287, 0.05, 0.002062, -0.056306, 0.998411, 0.0, 0.0, 0.0, 0.0, 1.0],
                [0.999969, -0.00741, -0.002511, 0.0, 0.007534, 0.998516, 0.053937, 0.05, 0.002108, -0.053955, 0.998541, 0.0, 0.0, 0.0, 0.0, 1.0],
                [0.999973, -0.006902, -0.002506, 0.0, 0.007024, 0.998604, 0.052362, 0.05, 0.002141, -0.052378, 0.998625, 0.0, 0.0, 0.0, 0.0, 1.0],
                [0.999975, -0.006594, -0.002505, 0.0, 0.006714, 0.998655, 0.051406, 0.05, 0.002163, -0.051421, 0.998675, 0.0, 0.0, 0.0, 0.0, 1.0],
                [0.999976, -0.006435, -0.002507, 0.0, 0.006555, 0.998682, 0.050915, 0.05, 0.002176, -0.05093, 0.9987, 0.0, 0.0, 0.0, 0.0, 1.0],
                [0.999977, -0.006377, -0.00251, 0.0, 0.006496, 0.998691, 0.050734, 0.05, 0.002183, -0.050749, 0.998709, 0.0, 0.0, 0.0, 0.0, 1.0],
                [0.999977, -0.006369, -0.002512, 0.0, 0.006488, 0.998693, 0.050708, 0.05, 0.002185, -0.050724, 0.99871, 0.0, 0.0, 0.0, 0.0, 1.0]
            ]
        },
        {
            "name": "Chest",
